=====Start_data=====
Date: 13/02/2022, Time: 00:00
Notes: filter and calibrated data
Collection period (s): 60.00, Sampling Frequency (Hz): 50.00
Counter, Distance(mm)
0, 3.77, 4.38
1, 11.86, 13.90
2, 24.43, 28.75
3, 39.44, 46.60
4, 55.35, 65.57
5, 71.03, 84.30
6, 85.70, 101.88
7, 98.88, 117.71
8, 110.32, 131.50
9, 119.93, 142.96
10, 127.73, 152.08
11, 133.91, 159.03
12, 138.64, 164.11
13, 142.17, 167.71
14, 144.67, 170.14
15, 146.31, 171.68
16, 147.24, 172.51
17, 147.61, 172.79
18, 147.47, 172.68
19, 146.91, 172.30
20, 146.02, 171.75
21, 144.93, 171.06
22, 143.74, 170.28
23, 142.38, 169.31
24, 140.91, 168.21
25, 139.29, 166.99
26, 137.63, 165.61
27, 136.01, 164.10
28, 134.36, 162.50
29, 132.72, 160.92
30, 131.05, 159.45
31, 129.43, 158.15
32, 127.89, 157.06
33, 126.50, 156.16
34, 125.28, 155.43
35, 124.23, 154.81
36, 123.33, 154.29
37, 122.57, 153.86
38, 122.04, 153.73
39, 121.73, 153.92
40, 121.83, 154.48
41, 122.29, 155.30
42, 123.10, 156.29
43, 124.14, 157.48
44, 125.28, 158.80
45, 126.55, 160.14
46, 127.89, 161.38
47, 129.29, 162.44
48, 130.67, 163.43
49, 131.97, 164.37
50, 133.24, 165.17
51, 134.44, 165.77
52, 135.43, 166.15
53, 136.12, 166.30
54, 136.49, 166.26
55, 136.57, 165.90
56, 136.40, 165.24
57, 135.97, 164.35
58, 135.34, 163.35
59, 134.55, 162.36
60, 133.57, 161.35
61, 132.44, 160.34
62, 131.12, 159.35
63, 129.69, 158.42
64, 128.22, 157.59
65, 126.84, 156.84
66, 125.59, 156.17
67, 124.48, 155.49
68, 123.48, 154.77
69, 122.54, 154.00
70, 121.67, 153.39
71, 120.86, 152.98
72, 120.38, 152.91
73, 120.28, 153.13
74, 120.68, 153.60
75, 121.45, 154.37
76, 122.50, 155.41
77, 123.72, 156.67
78, 125.01, 158.04
79, 126.39, 159.43
80, 127.81, 160.72
81, 129.25, 161.87
82, 130.67, 162.82
83, 132.03, 163.56
84, 133.33, 164.10
85, 134.54, 164.56
86, 135.61, 164.97
87, 136.45, 165.28
88, 137.00, 165.47
89, 137.24, 165.50
90, 137.20, 165.40
91, 136.95, 165.21
92, 136.43, 164.79
93, 135.68, 164.16
94, 134.61, 163.26
95, 133.31, 162.17
96, 131.79, 160.97
97, 130.18, 159.78
98, 128.56, 158.68
99, 126.94, 157.61
100, 125.36, 156.56
101, 123.84, 155.52
102, 122.42, 154.63
103, 121.14, 153.94
104, 120.04, 153.45
105, 119.15, 153.14
106, 118.65, 152.97
107, 118.55, 153.12
108, 118.82, 153.59
109, 119.50, 154.40
110, 120.52, 155.41
111, 121.94, 156.63
112, 123.67, 157.99
113, 125.59, 159.42
114, 127.58, 160.70
115, 129.51, 161.73
116, 131.37, 162.65
117, 133.11, 163.54
118, 134.70, 164.46
119, 136.04, 165.29
120, 137.11, 165.99
121, 137.86, 166.35
122, 138.31, 166.36
123, 138.34, 166.02
124, 138.00, 165.36
125, 137.33, 164.45
126, 136.34, 163.38
127, 135.10, 162.28
128, 133.64, 161.23
129, 132.08, 160.21
130, 130.50, 159.25
131, 128.88, 158.37
132, 127.27, 157.61
133, 125.70, 157.00
134, 124.25, 156.38
135, 122.94, 155.73
136, 121.87, 154.99
137, 121.05, 154.22
138, 120.50, 153.61
139, 120.18, 153.24
140, 120.05, 153.12
141, 120.23, 153.30
142, 120.68, 153.73
143, 121.48, 154.39
144, 122.50, 155.20
145, 123.67, 156.07
146, 124.99, 157.11
147, 126.40, 158.28
148, 128.00, 159.55
149, 129.74, 160.79
150, 131.51, 161.94
151, 133.18, 162.88
152, 134.66, 163.59
153, 135.92, 164.11
154, 136.98, 164.49
155, 137.69, 164.79
156, 138.06, 164.90
157, 138.10, 164.82
158, 137.86, 164.54
159, 137.40, 164.11
160, 136.66, 163.59
161, 135.69, 163.03
162, 134.55, 162.48
163, 133.13, 161.75
164, 131.48, 160.82
165, 129.69, 159.75
166, 127.91, 158.67
167, 126.23, 157.66
168, 124.72, 156.73
169, 123.42, 155.89
170, 122.29, 155.05
171, 121.34, 154.18
172, 120.54, 153.30
173, 120.01, 152.72
174, 119.75, 152.51
175, 119.90, 152.77
176, 120.41, 153.36
177, 121.22, 154.19
178, 122.21, 155.13
179, 123.27, 156.10
180, 124.53, 157.12
181, 125.97, 158.17
182, 127.60, 159.21
183, 129.28, 160.26
184, 130.92, 161.27
185, 132.43, 162.28
186, 133.74, 163.27
187, 134.89, 164.19
188, 135.89, 165.00
189, 136.75, 165.67
190, 137.29, 166.03
191, 137.48, 166.05
192, 137.19, 165.69
193, 136.50, 165.05
194, 135.52, 164.22
195, 134.45, 163.32
196, 133.42, 162.39
197, 132.33, 161.35
198, 131.17, 160.20
199, 129.91, 158.96
200, 128.64, 157.77
201, 127.40, 156.71
202, 126.22, 155.66
203, 125.13, 154.59
204, 124.14, 153.49
205, 123.15, 152.54
206, 122.13, 151.78
207, 121.23, 151.46
208, 120.52, 151.53
209, 120.29, 151.99
210, 120.52, 152.66
211, 121.19, 153.42
212, 122.14, 154.28
213, 123.22, 155.21
214, 124.50, 156.32
215, 125.93, 157.60
216, 127.47, 158.99
217, 129.06, 160.48
218, 130.62, 161.99
219, 132.20, 163.26
220, 133.73, 164.19
221, 135.19, 164.73
222, 136.50, 165.04
223, 137.62, 165.21
224, 138.37, 165.22
225, 138.74, 165.05
226, 138.75, 164.71
227, 138.37, 164.23
228, 137.66, 163.63
229, 136.52, 162.86
230, 135.04, 161.96
231, 133.30, 160.95
232, 131.43, 160.01
233, 129.53, 159.20
234, 127.69, 158.30
235, 125.99, 157.25
236, 124.43, 156.02
237, 123.01, 154.84
238, 121.75, 153.81
239, 120.70, 153.04
240, 119.85, 152.53
241, 119.24, 152.38
242, 118.84, 152.56
243, 118.62, 153.04
244, 118.84, 153.69
245, 119.49, 154.42
246, 120.64, 155.24
247, 122.12, 156.09
248, 123.80, 156.95
249, 125.57, 157.88
250, 127.34, 158.86
251, 129.15, 159.98
252, 130.95, 161.19
253, 132.69, 162.46
254, 134.28, 163.56
255, 135.65, 164.43
256, 136.72, 164.98
257, 137.46, 165.28
258, 137.91, 165.37
259, 138.01, 165.25
260, 137.82, 164.96
261, 137.29, 164.50
262, 136.52, 163.91
263, 135.44, 163.18
264, 134.14, 162.36
265, 132.69, 161.50
266, 131.18, 160.50
267, 129.70, 159.37
268, 128.30, 158.10
269, 127.04, 156.80
270, 125.94, 155.52
271, 124.88, 154.41
272, 123.83, 153.51
273, 122.76, 152.78
274, 121.72, 152.15
275, 120.73, 151.60
276, 120.08, 151.29
277, 119.82, 151.24
278, 120.11, 151.60
279, 120.82, 152.28
280, 121.86, 153.23
281, 123.14, 154.33
282, 124.53, 155.50
283, 126.04, 156.75
284, 127.59, 158.03
285, 129.12, 159.40
286, 130.62, 160.82
287, 132.04, 162.26
288, 133.40, 163.59
289, 134.69, 164.78
290, 135.87, 165.73
291, 136.76, 166.44
292, 137.31, 166.91
293, 137.53, 167.06
294, 137.49, 166.91
295, 137.11, 166.40
296, 136.44, 165.64
297, 135.52, 164.70
298, 134.34, 163.55
299, 132.98, 162.24
300, 131.49, 160.81
301, 129.99, 159.35
302, 128.56, 157.93
303, 127.16, 156.67
304, 125.80, 155.62
305, 124.50, 154.74
306, 123.34, 154.01
307, 122.35, 153.39
308, 121.50, 152.93
309, 120.79, 152.64
310, 120.35, 152.56
311, 120.21, 152.67
312, 120.37, 152.92
313, 120.89, 153.36
314, 121.72, 153.98
315, 122.84, 154.84
316, 124.15, 155.88
317, 125.54, 157.17
318, 127.04, 158.65
319, 128.62, 160.23
320, 130.22, 161.81
321, 131.76, 163.30
322, 133.20, 164.60
323, 134.51, 165.66
324, 135.66, 166.48
325, 136.57, 166.97
326, 137.22, 167.16
327, 137.52, 166.96
328, 137.54, 166.45
329, 137.30, 165.70
330, 136.78, 164.73
331, 136.01, 163.62
332, 134.88, 162.41
333, 133.48, 161.18
334, 131.88, 159.99
335, 130.21, 158.86
336, 128.56, 157.82
337, 126.97, 156.84
338, 125.50, 155.92
339, 124.18, 155.06
340, 123.00, 154.30
341, 121.97, 153.64
342, 121.14, 153.12
343, 120.53, 152.73
344, 120.13, 152.64
345, 120.02, 152.83
346, 120.20, 153.29
347, 120.77, 154.09
348, 121.65, 155.14
349, 122.93, 156.44
350, 124.49, 157.84
351, 126.26, 159.26
352, 128.05, 160.67
353, 129.73, 162.03
354, 131.33, 163.29
355, 132.82, 164.43
356, 134.20, 165.42
357, 135.39, 166.15
358, 136.38, 166.59
359, 137.11, 166.74
360, 137.58, 166.66
361, 137.83, 166.40
362, 137.83, 165.99
363, 137.61, 165.46
364, 137.00, 164.85
365, 136.03, 164.22
366, 134.76, 163.44
367, 133.30, 162.53
368, 131.75, 161.48
369, 130.12, 160.30
370, 128.47, 159.03
371, 126.87, 157.78
372, 125.35, 156.67
373, 123.96, 155.75
374, 122.64, 154.85
375, 121.40, 153.93
376, 120.24, 153.05
377, 119.36, 152.29
378, 118.81, 151.68
379, 118.80, 151.49
380, 119.29, 151.73
381, 120.21, 152.42
382, 121.37, 153.40
383, 122.65, 154.55
384, 124.15, 155.86
385, 125.84, 157.26
386, 127.67, 158.66
387, 129.50, 159.95
388, 131.24, 161.08
389, 132.91, 162.13
390, 134.46, 163.12
391, 135.82, 164.05
392, 136.93, 164.88
393, 137.77, 165.41
394, 138.18, 165.63
395, 138.18, 165.53
396, 137.74, 165.17
397, 136.99, 164.61
398, 136.04, 163.81
399, 134.86, 162.84
400, 133.52, 161.73
401, 132.16, 160.49
402, 130.88, 159.17
403, 129.78, 157.97
404, 128.65, 156.99
405, 127.45, 156.31
406, 126.15, 155.76
407, 124.86, 155.28
408, 123.67, 154.69
409, 122.63, 153.99
410, 121.76, 153.17
411, 121.16, 152.54
412, 120.84, 152.17
413, 120.91, 152.28
414, 121.33, 152.80
415, 122.04, 153.65
416, 122.93, 154.69
417, 123.92, 155.82
418, 125.15, 156.96
419, 126.60, 158.07
420, 128.22, 159.17
421, 129.93, 160.22
422, 131.64, 161.21
423, 133.21, 162.14
424, 134.55, 162.98
425, 135.62, 163.76
426, 136.50, 164.46
427, 137.22, 165.09
428, 137.66, 165.48
429, 137.80, 165.59
430, 137.64, 165.31
431, 137.23, 164.73
432, 136.63, 163.90
433, 135.81, 162.83
434, 134.81, 161.56
435, 133.70, 160.13
436, 132.42, 158.66
437, 131.04, 157.22
438, 129.54, 155.93
439, 128.00, 154.84
440, 126.41, 153.93
441, 124.84, 153.16
442, 123.32, 152.53
443, 121.94, 152.10
444, 120.86, 151.87
445, 120.10, 151.83
446, 119.68, 152.05
447, 119.80, 152.51
448, 120.44, 153.17
449, 121.59, 154.09
450, 123.04, 155.19
451, 124.65, 156.46
452, 126.30, 157.79
453, 127.91, 159.11
454, 129.44, 160.33
455, 130.85, 161.39
456, 132.12, 162.38
457, 133.40, 163.32
458, 134.72, 164.23
459, 135.92, 165.12
460, 136.90, 165.98
461, 137.60, 166.53
462, 137.97, 166.70
463, 138.06, 166.46
464, 137.78, 165.89
465, 137.17, 165.10
466, 136.20, 164.14
467, 134.98, 163.10
468, 133.59, 162.04
469, 132.08, 161.03
470, 130.52, 160.11
471, 128.97, 159.19
472, 127.51, 158.27
473, 126.20, 157.26
474, 125.00, 156.21
475, 123.91, 155.13
476, 122.95, 154.14
477, 122.11, 153.26
478, 121.41, 152.63
479, 120.90, 152.26
480, 120.58, 152.14
481, 120.53, 152.27
482, 120.74, 152.59
483, 121.16, 153.20
484, 121.88, 154.08
485, 122.84, 155.17
486, 124.11, 156.38
487, 125.59, 157.62
488, 127.18, 158.89
489, 128.79, 160.13
490, 130.34, 161.31
491, 131.87, 162.39
492, 133.33, 163.34
493, 134.72, 164.17
494, 135.99, 164.90
495, 137.14, 165.49
496, 137.99, 165.94
497, 138.51, 166.27
498, 138.53, 166.24
499, 138.11, 165.84
500, 137.33, 165.02
501, 136.31, 163.89
502, 135.16, 162.57
503, 133.87, 161.18
504, 132.49, 159.83
505, 131.07, 158.76
506, 129.81, 158.03
507, 128.77, 157.68
508, 128.11, 157.59
509, 127.80, 157.66
510, 127.80, 157.87
511, 128.17, 158.17
512, 128.83, 158.53
513, 129.81, 159.04
514, 131.00, 159.71
515, 132.31, 160.54
516, 133.59, 161.46
517, 134.75, 162.37
518, 135.82, 163.21
519, 136.80, 163.95
520, 137.72, 164.66
521, 138.45, 165.35
522, 138.98, 165.95
523, 139.36, 166.41
524, 139.63, 166.71
525, 139.84, 166.94
526, 139.88, 167.13
527, 139.76, 167.28
528, 139.61, 167.39
529, 139.51, 167.44
530, 139.50, 167.51
531, 139.52, 167.61
532, 139.57, 167.62
533, 139.60, 167.50
534, 139.60, 167.23
535, 139.59, 166.92
536, 139.60, 166.63
537, 139.62, 166.47
538, 139.69, 166.45
539, 139.79, 166.58
540, 139.93, 166.72
541, 140.08, 166.81
542, 140.24, 166.87
543, 140.39, 166.90
544, 140.52, 166.90
545, 140.62, 166.86
546, 140.67, 166.79
547, 140.66, 166.70
548, 140.73, 166.60
549, 140.90, 166.49
550, 141.13, 166.40
551, 141.37, 166.31
552, 141.57, 166.20
553, 141.78, 166.07
554, 142.03, 166.01
555, 142.17, 166.03
556, 142.17, 166.15
557, 141.99, 166.31
558, 141.71, 166.47
559, 141.37, 166.66
560, 141.17, 166.89
561, 141.15, 167.17
562, 141.26, 167.36
563, 141.42, 167.41
564, 141.56, 167.35
565, 141.68, 167.22
566, 141.79, 167.07
567, 141.84, 166.90
568, 141.85, 166.74
569, 141.81, 166.61
570, 141.74, 166.53
571, 141.65, 166.55
572, 141.58, 166.67
573, 141.54, 166.87
574, 141.54, 167.16
575, 141.50, 167.50
576, 141.43, 167.90
577, 141.33, 168.33
578, 141.22, 168.77
579, 141.14, 169.15
580, 140.97, 169.43
581, 140.69, 169.64
582, 140.43, 169.78
583, 140.26, 169.90
584, 140.24, 170.04
585, 140.32, 170.21
586, 140.46, 170.43
587, 140.62, 170.67
588, 140.76, 170.91
589, 140.77, 171.11
590, 140.63, 171.25
591, 140.33, 171.13
592, 139.97, 170.71
593, 139.60, 169.96
594, 139.31, 168.97
595, 139.12, 167.86
596, 139.03, 166.82
597, 138.99, 165.94
598, 138.98, 165.27
599, 138.95, 164.79
600, 138.88, 164.46
601, 138.79, 164.13
602, 138.80, 163.74
603, 138.91, 163.35
604, 139.11, 163.02
605, 139.32, 162.78
606, 139.50, 162.71
607, 139.77, 162.79
608, 140.12, 162.95
609, 140.47, 163.09
610, 140.75, 163.19
611, 140.90, 163.31
612, 140.93, 163.45
613, 140.86, 163.60
614, 140.72, 163.75
615, 140.52, 163.86
616, 140.38, 164.00
617, 140.33, 164.18
618, 140.39, 164.49
619, 140.51, 164.90
620, 140.68, 165.41
621, 140.76, 165.96
622, 140.72, 166.50
623, 140.55, 166.99
624, 140.29, 167.40
625, 139.99, 167.70
626, 139.67, 167.88
627, 139.36, 167.96
628, 139.07, 168.02
629, 138.83, 168.08
630, 138.66, 168.13
631, 138.51, 168.12
632, 138.35, 168.06
633, 138.16, 168.01
634, 138.02, 168.01
635, 137.95, 168.08
636, 137.93, 168.22
637, 137.93, 168.42
638, 137.94, 168.66
639, 137.87, 168.95
640, 137.70, 169.10
641, 137.55, 169.06
642, 137.47, 168.82
643, 137.49, 168.61
644, 137.59, 168.51
645, 137.73, 168.49
646, 138.01, 168.49
647, 138.41, 168.49
648, 138.89, 168.51
649, 139.36, 168.54
650, 139.78, 168.62
651, 140.11, 168.73
652, 140.35, 168.88
653, 140.48, 169.05
654, 140.50, 169.21
655, 140.43, 169.32
656, 140.31, 169.35
657, 140.15, 169.29
658, 139.96, 169.19
659, 139.73, 169.05
660, 139.47, 168.93
661, 139.24, 168.83
662, 139.06, 168.72
663, 138.98, 168.57
664, 139.00, 168.39
665, 139.12, 168.13
666, 139.31, 167.81
667, 139.53, 167.51
668, 139.74, 167.29
669, 139.91, 167.15
670, 140.04, 167.05
671, 140.10, 166.98
672, 140.09, 166.94
673, 140.03, 166.91
674, 139.93, 166.92
675, 139.92, 166.97
676, 140.03, 167.06
677, 140.26, 167.15
678, 140.51, 167.21
679, 140.74, 167.25
680, 140.92, 167.26
681, 141.05, 167.26
682, 141.13, 167.24
683, 141.19, 167.21
684, 141.22, 167.21
685, 141.22, 167.24
686, 141.22, 167.30
687, 141.20, 167.27
688, 141.07, 167.13
689, 140.82, 166.94
690, 140.46, 166.78
691, 140.07, 166.67
692, 139.68, 166.56
693, 139.40, 166.43
694, 139.25, 166.31
695, 139.29, 166.24
696, 139.49, 166.18
697, 139.82, 166.10
698, 140.16, 165.98
699, 140.48, 165.85
700, 140.81, 165.71
701, 141.17, 165.66
702, 141.57, 165.70
703, 141.93, 165.86
704, 142.21, 165.97
705, 142.43, 166.00
706, 142.59, 165.92
707, 142.63, 165.75
708, 142.51, 165.55
709, 142.24, 165.37
710, 141.95, 165.26
711, 141.72, 165.19
712, 141.52, 165.14
713, 141.32, 165.10
714, 141.11, 165.15
715, 140.85, 165.30
716, 140.54, 165.46
717, 140.27, 165.60
718, 140.08, 165.66
719, 140.00, 165.66
720, 139.99, 165.63
721, 140.04, 165.66
722, 140.15, 165.76
723, 140.32, 165.90
724, 140.52, 166.03
725, 140.80, 166.12
726, 141.14, 166.15
727, 141.58, 166.12
728, 142.10, 166.12
729, 142.67, 166.18
730, 143.09, 166.32
731, 143.30, 166.51
732, 143.30, 166.72
733, 143.16, 166.88
734, 142.95, 166.98
735, 142.69, 166.99
736, 142.43, 167.05
737, 142.14, 167.20
738, 141.83, 167.51
739, 141.60, 167.94
740, 141.47, 168.46
741, 141.46, 168.93
742, 141.54, 169.30
743, 141.67, 169.57
744, 141.76, 169.78
745, 141.76, 169.93
746, 141.67, 170.04
747, 141.49, 170.12
748, 141.24, 170.11
749, 141.06, 170.02
750, 140.98, 169.85
751, 141.03, 169.63
752, 141.07, 169.39
753, 141.03, 169.20
754, 140.96, 169.08
755, 140.88, 169.02
756, 140.83, 168.99
757, 140.80, 168.97
758, 140.80, 168.93
759, 140.75, 168.87
760, 140.65, 168.75
761, 140.49, 168.59
762, 140.30, 168.39
763, 140.10, 168.28
764, 139.90, 168.30
765, 139.71, 168.40
766, 139.48, 168.53
767, 139.22, 168.65
768, 138.92, 168.78
769, 138.71, 168.92
770, 138.63, 169.02
771, 138.63, 169.07
772, 138.63, 169.12
773, 138.59, 169.22
774, 138.59, 169.38
775, 138.64, 169.56
776, 138.69, 169.72
777, 138.72, 169.76
778, 138.70, 169.69
779, 138.60, 169.49
780, 138.41, 169.30
781, 138.23, 169.17
782, 138.11, 169.06
783, 138.07, 168.96
784, 138.20, 168.83
785, 138.49, 168.62
786, 138.91, 168.32
787, 139.38, 167.96
788, 139.85, 167.59
789, 140.25, 167.24
790, 140.53, 166.91
791, 140.71, 166.58
792, 140.79, 166.30
793, 140.78, 166.07
794, 140.69, 165.91
795, 140.54, 165.72
796, 140.48, 165.48
797, 140.57, 165.26
798, 140.67, 165.10
799, 140.73, 164.99
800, 140.67, 164.88
801, 140.54, 164.76
802, 140.37, 164.66
803, 140.15, 164.60
804, 139.89, 164.55
805, 139.61, 164.50
806, 139.28, 164.43
807, 138.89, 164.34
808, 138.58, 164.22
809, 138.38, 164.14
810, 138.32, 164.15
811, 138.35, 164.26
812, 138.41, 164.32
813, 138.55, 164.29
814, 138.74, 164.12
815, 139.00, 163.85
816, 139.42, 163.51
817, 140.00, 163.16
818, 140.57, 162.84
819, 141.02, 162.65
820, 141.27, 162.60
821, 141.47, 162.70
822, 141.65, 162.81
823, 141.84, 162.88
824, 142.04, 162.99
825, 142.21, 163.18
826, 142.32, 163.27
827, 142.39, 163.20
828, 142.44, 162.93
829, 142.49, 162.77
830, 142.56, 162.82
831, 142.63, 162.94
832, 142.69, 163.01
833, 142.78, 162.96
834, 142.90, 162.84
835, 142.99, 162.70
836, 143.02, 162.57
837, 142.99, 162.44
838, 142.92, 162.33
839, 142.81, 162.15
840, 142.78, 161.90
841, 142.84, 161.60
842, 142.99, 161.29
843, 143.12, 161.00
844, 143.20, 160.72
845, 143.24, 160.44
846, 143.28, 160.25
847, 143.35, 160.17
848, 143.35, 160.21
849, 143.27, 160.31
850, 142.98, 160.43
851, 142.52, 160.60
852, 141.89, 160.82
853, 141.20, 160.95
854, 140.48, 160.96
855, 139.88, 160.80
856, 139.42, 160.62
857, 138.99, 160.48
858, 138.55, 160.30
859, 138.05, 160.05
860, 137.59, 159.71
861, 137.21, 159.46
862, 136.96, 159.36
863, 136.82, 159.35
864, 136.79, 159.36
865, 136.78, 159.35
866, 136.76, 159.54
867, 136.78, 159.96
868, 136.88, 160.47
869, 137.06, 160.94
870, 137.21, 161.27
871, 137.29, 161.60
872, 137.38, 161.95
873, 137.54, 162.39
874, 137.77, 162.88
875, 138.06, 163.20
876, 138.36, 163.29
877, 138.67, 163.13
878, 138.95, 162.79
879, 139.20, 162.36
880, 139.42, 161.87
881, 139.61, 161.38
882, 139.76, 160.90
883, 139.88, 160.58
884, 139.91, 160.42
885, 139.86, 160.32
886, 139.73, 160.19
887, 139.62, 159.98
888, 139.58, 159.87
889, 139.57, 159.88
890, 139.57, 160.04
891, 139.53, 160.26
892, 139.53, 160.51
893, 139.58, 160.71
894, 139.67, 160.84
895, 139.76, 160.76
896, 139.83, 160.45
897, 139.92, 159.95
898, 140.03, 159.49
899, 140.10, 159.17
900, 140.12, 159.05
901, 140.08, 159.06
902, 139.99, 159.23
903, 139.87, 159.52
904, 139.74, 159.91
905, 139.61, 160.38
906, 139.49, 160.89
907, 139.40, 161.43
908, 139.36, 161.99
909, 139.31, 162.55
910, 139.24, 163.04
911, 139.12, 163.45
912, 138.97, 163.63
913, 138.82, 163.58
914, 138.64, 163.30
915, 138.44, 163.06
916, 138.39, 162.96
917, 138.51, 162.86
918, 138.84, 162.68
919, 139.13, 162.35
920, 139.31, 161.97
921, 139.36, 161.59
922, 139.34, 161.18
923, 139.32, 160.75
924, 139.28, 160.30
925, 139.24, 160.05
926, 139.20, 160.05
927, 139.16, 160.20
928, 139.13, 160.41
929, 139.04, 160.56
930, 138.90, 160.64
931, 138.80, 160.67
932, 138.80, 160.81
933, 138.92, 161.11
934, 139.06, 161.53
935, 139.18, 161.98
936, 139.23, 162.40
937, 139.21, 162.70
938, 139.13, 162.87
939, 139.07, 162.88
940, 139.05, 162.79
941, 139.03, 162.63
942, 138.99, 162.46
943, 138.97, 162.30
944, 138.97, 162.14
945, 139.04, 161.99
946, 139.08, 161.83
947, 139.07, 161.59
948, 139.07, 161.27
949, 139.09, 160.98
950, 139.15, 160.78
951, 139.19, 160.70
952, 139.17, 160.64
953, 139.13, 160.54
954, 139.08, 160.45
955, 139.04, 160.39
956, 138.98, 160.40
957, 138.90, 160.48
958, 138.88, 160.62
959, 138.94, 160.77
960, 139.09, 160.89
961, 139.19, 161.04
962, 139.19, 161.22
963, 139.16, 161.45
964, 139.14, 161.66
965, 139.18, 161.84
966, 139.27, 161.87
967, 139.42, 161.73
968, 139.52, 161.44
969, 139.56, 161.08
970, 139.50, 160.70
971, 139.37, 160.37
972, 139.21, 160.11
973, 139.07, 159.92
974, 138.94, 159.87
975, 138.86, 159.96
976, 138.81, 160.19
977, 138.79, 160.50
978, 138.81, 160.77
979, 138.87, 160.96
980, 139.00, 161.04
981, 139.19, 161.09
982, 139.42, 161.15
983, 139.63, 161.19
984, 139.82, 161.17
985, 139.96, 161.10
986, 140.06, 161.02
987, 140.13, 160.95
988, 140.17, 160.98
989, 140.18, 161.12
990, 140.27, 161.38
991, 140.43, 161.59
992, 140.69, 161.71
993, 140.91, 161.70
994, 141.05, 161.60
995, 141.07, 161.45
996, 140.99, 161.34
997, 140.82, 161.32
998, 140.69, 161.28
999, 140.63, 161.19
1000, 140.66, 161.01
1001, 140.75, 160.91
1002, 140.83, 160.93
1003, 140.86, 161.06
1004, 140.84, 161.23
1005, 140.65, 161.36
1006, 140.28, 161.45
1007, 139.66, 161.49
1008, 138.85, 161.43
1009, 137.74, 161.26
1010, 136.31, 160.99
1011, 134.63, 160.47
1012, 132.83, 159.74
1013, 130.99, 158.86
1014, 129.19, 157.96
1015, 127.52, 157.12
1016, 126.04, 156.26
1017, 124.79, 155.37
1018, 123.65, 154.46
1019, 122.61, 153.59
1020, 121.77, 152.78
1021, 121.17, 152.10
1022, 120.86, 151.54
1023, 120.59, 151.02
1024, 120.29, 150.49
1025, 119.93, 149.93
1026, 119.56, 149.33
1027, 119.19, 148.71
1028, 118.83, 148.15
1029, 118.48, 147.71
1030, 118.15, 147.45
1031, 117.86, 147.33
1032, 117.62, 147.34
1033, 117.41, 147.41
1034, 117.24, 147.50
1035, 117.03, 147.59
1036, 116.76, 147.68
1037, 116.53, 147.75
1038, 116.40, 147.66
1039, 116.39, 147.37
1040, 116.47, 146.97
1041, 116.60, 146.53
1042, 116.75, 146.15
1043, 116.88, 145.82
1044, 116.97, 145.54
1045, 117.10, 145.27
1046, 117.26, 144.98
1047, 117.38, 144.67
1048, 117.44, 144.34
1049, 117.40, 144.00
1050, 117.32, 143.65
1051, 117.24, 143.32
1052, 117.17, 143.01
1053, 117.11, 142.93
1054, 117.06, 143.11
1055, 117.03, 143.44
1056, 117.00, 143.81
1057, 117.01, 144.05
1058, 117.05, 144.15
1059, 117.13, 144.11
1060, 117.24, 144.04
1061, 117.35, 144.01
1062, 117.47, 143.93
1063, 117.57, 143.77
1064, 117.70, 143.51
1065, 117.84, 143.33
1066, 118.01, 143.28
1067, 118.17, 143.20
1068, 118.34, 143.02
1069, 118.48, 142.67
1070, 118.62, 142.34
1071, 118.73, 142.09
1072, 118.74, 141.88
1073, 118.64, 141.68
1074, 118.44, 141.44
1075, 118.16, 141.18
1076, 117.85, 140.89
1077, 117.53, 140.55
1078, 117.23, 140.20
1079, 116.90, 139.83
1080, 116.54, 139.66
1081, 116.15, 139.74
1082, 115.87, 139.91
1083, 115.73, 140.06
1084, 115.73, 140.01
1085, 115.81, 139.75
1086, 115.93, 139.32
1087, 116.07, 138.84
1088, 116.22, 138.38
1089, 116.29, 138.04
1090, 116.25, 137.82
1091, 116.21, 137.73
1092, 116.23, 137.76
1093, 116.33, 137.89
1094, 116.49, 137.99
1095, 116.69, 138.00
1096, 116.98, 137.91
1097, 117.35, 137.95
1098, 117.81, 138.20
1099, 118.19, 138.71
1100, 118.45, 139.39
1101, 118.56, 140.16
1102, 118.55, 140.65
1103, 118.46, 140.74
1104, 118.32, 140.49
1105, 118.15, 140.08
1106, 117.99, 139.68
1107, 117.87, 139.34
1108, 117.80, 139.08
1109, 117.81, 138.90
1110, 117.90, 138.77
1111, 118.00, 138.86
1112, 118.06, 139.16
1113, 118.04, 139.69
1114, 118.03, 140.24
1115, 118.04, 140.72
1116, 118.05, 140.91
1117, 118.03, 140.80
1118, 118.01, 140.42
1119, 118.02, 139.78
1120, 118.09, 138.96
1121, 118.18, 138.09
1122, 118.29, 137.28
1123, 118.43, 136.59
1124, 118.60, 136.10
1125, 118.79, 135.81
1126, 118.88, 135.84
1127, 118.85, 136.13
1128, 118.73, 136.65
1129, 118.57, 137.22
1130, 118.44, 137.76
1131, 118.32, 138.04
1132, 118.22, 138.05
1133, 118.03, 137.89
1134, 117.73, 137.68
1135, 117.33, 137.49
1136, 117.00, 137.23
1137, 116.81, 136.87
1138, 116.82, 136.39
1139, 116.98, 135.83
1140, 117.26, 135.23
1141, 117.55, 134.80
1142, 117.80, 134.59
1143, 117.90, 134.65
1144, 117.86, 134.91
1145, 117.68, 135.31
1146, 117.52, 135.74
1147, 117.43, 136.13
1148, 117.48, 136.35
1149, 117.63, 136.37
1150, 117.76, 136.21
1151, 117.81, 135.98
1152, 117.75, 135.73
1153, 117.56, 135.53
1154, 117.26, 135.35
1155, 116.85, 135.21
1156, 116.37, 135.18
1157, 115.86, 135.27
1158, 115.42, 135.59
1159, 115.11, 136.10
1160, 115.04, 136.69
1161, 115.21, 137.27
1162, 115.58, 137.77
1163, 115.92, 138.29
1164, 116.13, 138.85
1165, 116.30, 139.60
1166, 116.50, 140.51
1167, 116.77, 141.55
1168, 117.05, 142.62
1169, 117.31, 143.66
1170, 117.43, 144.35
1171, 117.38, 144.63
1172, 117.16, 144.47
1173, 116.97, 144.04
1174, 116.89, 143.46
1175, 116.86, 142.73
1176, 116.83, 141.90
1177, 116.77, 141.00
1178, 116.68, 140.11
1179, 116.59, 139.26
1180, 116.57, 138.57
1181, 116.64, 138.07
1182, 116.88, 137.77
1183, 117.23, 137.68
1184, 117.69, 137.77
1185, 117.99, 138.00
1186, 118.09, 138.32
1187, 117.99, 138.61
1188, 117.79, 138.82
1189, 117.55, 138.93
1190, 117.35, 138.98
1191, 117.23, 139.00
1192, 117.20, 138.94
1193, 117.27, 138.77
1194, 117.41, 138.51
1195, 117.65, 138.17
1196, 117.96, 137.77
1197, 118.24, 137.34
1198, 118.42, 136.92
1199, 118.48, 136.52
1200, 118.46, 136.37
1201, 118.41, 136.52
1202, 118.41, 136.99
1203, 118.46, 137.68
1204, 118.59, 138.51
1205, 118.69, 139.30
1206, 118.76, 139.98
1207, 118.71, 140.57
1208, 118.56, 141.09
1209, 118.39, 141.36
1210, 118.27, 141.36
1211, 118.23, 141.08
1212, 118.26, 140.71
1213, 118.37, 140.36
1214, 118.53, 140.08
1215, 118.72, 139.83
1216, 118.92, 139.61
1217, 119.09, 139.51
1218, 119.22, 139.53
1219, 119.14, 139.62
1220, 118.84, 139.73
1221, 118.31, 139.82
1222, 117.79, 139.92
1223, 117.37, 140.04
1224, 117.06, 140.14
1225, 116.81, 140.22
1226, 116.59, 140.27
1227, 116.46, 140.28
1228, 116.42, 140.28
1229, 116.46, 140.26
1230, 116.52, 140.24
1231, 116.59, 140.21
1232, 116.72, 140.12
1233, 116.90, 139.97
1234, 117.03, 139.79
1235, 117.07, 139.61
1236, 116.99, 139.47
1237, 116.93, 139.39
1238, 116.95, 139.37
1239, 117.12, 139.34
1240, 117.42, 139.27
1241, 117.69, 139.15
1242, 117.86, 139.01
1243, 117.88, 138.85
1244, 117.81, 138.80
1245, 117.71, 138.89
1246, 117.69, 139.09
1247, 117.75, 139.34
1248, 117.91, 139.61
1249, 118.03, 139.90
1250, 118.06, 140.20
1251, 118.03, 140.48
1252, 117.97, 140.72
1253, 117.94, 140.90
1254, 117.89, 141.06
1255, 117.82, 141.21
1256, 117.78, 141.25
1257, 117.79, 141.15
1258, 117.87, 140.92
1259, 117.95, 140.74
1260, 118.03, 140.66
1261, 118.08, 140.70
1262, 118.11, 140.82
1263, 118.13, 140.96
1264, 118.21, 141.12
1265, 118.38, 141.27
1266, 118.61, 141.42
1267, 118.86, 141.56
1268, 119.10, 141.68
1269, 119.20, 141.78
1270, 119.16, 141.86
1271, 118.99, 142.00
1272, 118.75, 142.23
1273, 118.51, 142.42
1274, 118.31, 142.54
1275, 118.15, 142.54
1276, 117.89, 142.51
1277, 117.52, 142.49
1278, 117.15, 142.45
1279, 116.87, 142.37
1280, 116.73, 142.24
1281, 116.71, 142.00
1282, 116.76, 141.66
1283, 116.94, 141.42
1284, 117.24, 141.34
1285, 117.66, 141.48
1286, 118.02, 141.53
1287, 118.27, 141.39
1288, 118.41, 141.14
1289, 118.47, 140.88
1290, 118.48, 140.74
1291, 118.55, 140.69
1292, 118.69, 140.73
1293, 118.80, 140.77
1294, 118.84, 140.78
1295, 118.76, 140.81
1296, 118.65, 140.86
1297, 118.51, 140.96
1298, 118.48, 141.16
1299, 118.54, 141.47
1300, 118.72, 141.77
1301, 118.83, 141.99
1302, 118.83, 142.09
1303, 118.70, 142.13
1304, 118.51, 142.14
1305, 118.34, 142.06
1306, 118.24, 141.88
1307, 118.20, 141.59
1308, 118.20, 141.29
1309, 118.19, 140.99
1310, 118.13, 140.81
1311, 118.00, 140.76
1312, 117.80, 140.84
1313, 117.69, 141.02
1314, 117.73, 141.24
1315, 117.83, 141.50
1316, 117.90, 141.76
1317, 117.91, 142.00
1318, 117.97, 142.23
1319, 118.12, 142.43
1320, 118.33, 142.65
1321, 118.53, 142.91
1322, 118.70, 143.15
1323, 118.79, 143.33
1324, 118.78, 143.44
1325, 118.73, 143.50
1326, 118.68, 143.51
1327, 118.66, 143.41
1328, 118.72, 143.20
1329, 118.86, 142.88
1330, 118.99, 142.53
1331, 119.07, 142.19
1332, 119.07, 141.86
1333, 119.01, 141.54
1334, 118.91, 141.24
1335, 118.80, 140.90
1336, 118.68, 140.54
1337, 118.58, 140.26
1338, 118.52, 140.10
1339, 118.51, 140.12
1340, 118.52, 140.27
1341, 118.56, 140.52
1342, 118.58, 140.81
1343, 118.58, 141.08
1344, 118.55, 141.38
1345, 118.44, 141.70
1346, 118.26, 142.05
1347, 118.07, 142.37
1348, 117.91, 142.64
1349, 117.80, 142.93
1350, 117.70, 143.26
1351, 117.61, 143.63
1352, 117.49, 143.97
1353, 117.34, 144.23
1354, 117.16, 144.43
1355, 117.00, 144.59
1356, 116.87, 144.72
1357, 116.82, 144.80
1358, 116.83, 144.83
1359, 116.90, 144.86
1360, 117.04, 144.91
1361, 117.22, 145.01
1362, 117.39, 145.13
1363, 117.52, 145.26
1364, 117.61, 145.39
1365, 117.68, 145.51
1366, 117.74, 145.60
1367, 117.75, 145.64
1368, 117.69, 145.64
1369, 117.45, 145.57
1370, 117.04, 145.46
1371, 116.49, 145.27
1372, 115.86, 145.03
1373, 115.21, 144.76
1374, 114.64, 144.42
1375, 114.18, 144.02
1376, 113.85, 143.72
1377, 113.59, 143.56
1378, 113.40, 143.58
1379, 113.21, 143.59
1380, 113.03, 143.52
1381, 112.85, 143.48
1382, 112.81, 143.51
1383, 112.94, 143.67
1384, 113.30, 143.82
1385, 113.83, 143.93
1386, 114.48, 143.87
1387, 115.07, 143.67
1388, 115.53, 143.33
1389, 115.96, 142.99
1390, 116.41, 142.71
1391, 116.97, 142.38
1392, 117.61, 141.93
1393, 118.29, 141.60
1394, 118.85, 141.48
1395, 119.26, 141.64
1396, 119.58, 141.82
1397, 119.89, 141.93
1398, 120.21, 141.99
1399, 120.46, 142.04
1400, 120.59, 142.13
1401, 120.57, 142.13
1402, 120.43, 142.02
1403, 120.21, 141.80
1404, 119.90, 141.54
1405, 119.55, 141.28
1406, 119.16, 141.08
1407, 118.78, 140.96
1408, 118.41, 140.88
1409, 118.08, 140.80
1410, 117.79, 140.71
1411, 117.63, 140.74
1412, 117.60, 140.92
1413, 117.71, 141.13
1414, 117.82, 141.28
1415, 117.90, 141.32
1416, 117.94, 141.41
1417, 117.95, 141.60
1418, 117.96, 141.78
1419, 117.89, 141.88
1420, 117.73, 141.93
1421, 117.42, 141.98
1422, 116.99, 142.07
1423, 116.58, 142.18
1424, 116.26, 142.31
1425, 116.08, 142.40
1426, 115.95, 142.46
1427, 115.83, 142.48
1428, 115.76, 142.49
1429, 115.75, 142.51
1430, 115.81, 142.58
1431, 115.91, 142.69
1432, 116.04, 142.84
1433, 116.21, 143.11
1434, 116.42, 143.51
1435, 116.64, 143.90
1436, 116.85, 144.19
1437, 117.01, 144.33
1438, 117.15, 144.33
1439, 117.28, 144.21
1440, 117.41, 143.99
1441, 117.56, 143.69
1442, 117.73, 143.41
1443, 117.89, 143.21
1444, 118.02, 143.11
1445, 118.11, 142.96
1446, 118.22, 142.70
1447, 118.37, 142.46
1448, 118.58, 142.31
1449, 118.85, 142.29
1450, 119.15, 142.34
1451, 119.38, 142.43
1452, 119.51, 142.49
1453, 119.60, 142.52
1454, 119.70, 142.52
1455, 119.67, 142.46
1456, 119.49, 142.35
1457, 119.12, 142.21
1458, 118.72, 142.04
1459, 118.36, 141.87
1460, 118.12, 141.81
1461, 117.98, 141.88
1462, 117.94, 142.10
1463, 117.83, 142.41
1464, 117.62, 142.76
1465, 117.28, 143.03
1466, 116.86, 143.15
1467, 116.42, 143.24
1468, 116.11, 143.33
1469, 115.98, 143.49
1470, 116.00, 143.68
1471, 116.10, 143.89
1472, 116.21, 143.96
1473, 116.36, 143.86
1474, 116.54, 143.67
1475, 116.71, 143.46
1476, 116.87, 143.28
1477, 116.98, 143.04
1478, 117.01, 142.71
1479, 116.95, 142.36
1480, 116.80, 142.05
1481, 116.60, 141.83
1482, 116.37, 141.64
1483, 116.14, 141.44
1484, 115.92, 141.36
1485, 115.74, 141.43
1486, 115.62, 141.67
1487, 115.58, 141.93
1488, 115.61, 142.16
1489, 115.71, 142.34
1490, 115.90, 142.49
1491, 116.17, 142.62
1492, 116.52, 142.81
1493, 116.89, 143.08
1494, 117.26, 143.42
1495, 117.59, 143.80
1496, 117.86, 144.15
1497, 117.94, 144.46
1498, 117.85, 144.70
1499, 117.57, 145.03
1500, 117.27, 145.45
1501, 117.00, 146.02
1502, 116.71, 146.67
1503, 116.36, 147.35
1504, 115.93, 147.92
1505, 115.45, 148.33
1506, 114.94, 148.57
1507, 114.43, 148.69
1508, 113.94, 148.74
1509, 113.49, 148.81
1510, 113.23, 148.94
1511, 113.19, 149.06
1512, 113.38, 149.13
1513, 113.75, 149.12
1514, 114.19, 148.92
1515, 114.62, 148.53
1516, 114.99, 148.06
1517, 115.28, 147.63
1518, 115.48, 147.29
1519, 115.52, 147.04
1520, 115.39, 146.86
1521, 115.12, 146.58
1522, 114.90, 146.17
1523, 114.79, 145.68
1524, 114.78, 145.21
1525, 114.81, 144.82
1526, 114.84, 144.42
1527, 114.98, 143.99
1528, 115.24, 143.62
1529, 115.67, 143.33
1530, 116.23, 143.17
1531, 116.88, 143.02
1532, 117.45, 142.85
1533, 117.88, 142.68
1534, 118.11, 142.55
1535, 118.16, 142.49
1536, 118.09, 142.47
1537, 117.93, 142.49
1538, 117.71, 142.50
1539, 117.44, 142.49
1540, 117.13, 142.46
1541, 116.88, 142.31
1542, 116.73, 142.03
1543, 116.69, 141.64
1544, 116.73, 141.21
1545, 116.83, 141.22
1546, 117.04, 141.75
1547, 117.36, 142.83
1548, 117.78, 144.37
1549, 118.40, 146.22
1550, 119.22, 148.17
1551, 120.29, 150.05
1552, 121.52, 151.74
1553, 122.83, 153.50
1554, 124.22, 155.36
1555, 125.62, 157.21
1556, 127.02, 158.88
1557, 128.36, 160.27
1558, 129.60, 161.36
1559, 130.76, 162.18
1560, 131.83, 162.82
1561, 132.88, 163.34
1562, 133.90, 163.80
1563, 134.89, 164.16
1564, 135.83, 164.41
1565, 136.70, 164.76
1566, 137.46, 165.24
1567, 138.03, 165.78
1568, 138.40, 166.27
1569, 138.56, 166.66
1570, 138.55, 166.92
1571, 138.41, 167.07
1572, 138.18, 167.12
1573, 137.90, 167.12
1574, 137.69, 167.10
1575, 137.56, 167.13
1576, 137.61, 167.23
1577, 137.80, 167.39
1578, 138.10, 167.51
1579, 138.52, 167.55
1580, 139.02, 167.53
1581, 139.46, 167.47
1582, 139.75, 167.40
1583, 139.86, 167.31
1584, 139.87, 167.18
1585, 139.81, 167.06
1586, 139.81, 166.96
1587, 139.89, 166.89
1588, 140.05, 166.85
1589, 140.27, 166.82
1590, 140.52, 166.74
1591, 140.74, 166.57
1592, 140.93, 166.32
1593, 141.06, 166.18
1594, 141.10, 166.20
1595, 141.04, 166.26
1596, 140.81, 166.26
1597, 140.43, 166.01
1598, 139.82, 165.52
1599, 139.03, 164.83
1600, 138.10, 163.96
1601, 137.01, 162.96
1602, 135.83, 161.78
1603, 134.47, 160.49
1604, 133.01, 159.13
1605, 131.51, 157.79
1606, 129.94, 156.55
1607, 128.37, 155.35
1608, 126.74, 154.21
1609, 125.12, 153.14
1610, 123.55, 152.08
1611, 122.07, 151.06
1612, 120.72, 150.07
1613, 119.55, 149.16
1614, 118.58, 148.35
1615, 117.82, 147.63
1616, 117.21, 147.00
1617, 116.74, 146.48
1618, 116.39, 146.08
1619, 116.17, 145.79
1620, 116.05, 145.46
1621, 115.97, 145.07
1622, 115.89, 144.54
1623, 115.84, 143.95
1624, 115.84, 143.24
1625, 115.90, 142.45
1626, 116.03, 141.60
1627, 116.21, 140.76
1628, 116.51, 139.97
1629, 116.93, 139.32
1630, 117.35, 138.81
1631, 117.73, 138.47
1632, 118.00, 138.31
1633, 118.20, 138.31
1634, 118.32, 138.52
1635, 118.47, 138.87
1636, 118.67, 139.34
1637, 118.94, 139.78
1638, 119.15, 140.14
1639, 119.28, 140.47
1640, 119.33, 140.80
1641, 119.34, 141.14
1642, 119.32, 141.35
1643, 119.29, 141.38
1644, 119.26, 141.30
1645, 119.16, 141.19
1646, 119.01, 141.11
1647, 118.80, 141.25
1648, 118.63, 141.66
1649, 118.55, 142.61
1650, 118.73, 144.01
1651, 119.16, 145.83
1652, 119.83, 147.84
1653, 120.76, 149.90
1654, 121.90, 152.02
1655, 123.18, 154.13
1656, 124.49, 156.14
1657, 125.84, 157.94
1658, 127.19, 159.47
1659, 128.49, 160.81
1660, 129.81, 161.99
1661, 131.11, 162.95
1662, 132.37, 163.67
1663, 133.51, 164.13
1664, 134.50, 164.48
1665, 135.40, 164.76
1666, 136.24, 165.08
1667, 137.03, 165.43
1668, 137.75, 165.82
1669, 138.37, 166.15
1670, 138.86, 166.40
1671, 139.23, 166.40
1672, 139.47, 166.13
1673, 139.62, 165.83
1674, 139.69, 165.63
1675, 139.81, 165.62
1676, 140.01, 165.60
1677, 140.20, 165.52
1678, 140.33, 165.38
1679, 140.34, 165.23
1680, 140.36, 165.12
1681, 140.43, 165.09
1682, 140.39, 165.14
1683, 140.21, 165.19
1684, 139.86, 165.21
1685, 139.52, 165.16
1686, 139.25, 165.06
1687, 139.18, 164.93
1688, 139.30, 164.79
1689, 139.44, 164.65
1690, 139.53, 164.52
1691, 139.52, 164.37
1692, 139.53, 164.21
1693, 139.62, 164.11
1694, 139.83, 164.10
1695, 140.14, 164.20
1696, 140.51, 164.36
1697, 140.74, 164.56
1698, 140.78, 164.57
1699, 140.48, 164.33
1700, 139.87, 163.79
1701, 139.03, 163.07
1702, 137.93, 162.24
1703, 136.65, 161.30
1704, 135.17, 160.28
1705, 133.63, 159.16
1706, 132.08, 157.98
1707, 130.54, 156.77
1708, 129.04, 155.52
1709, 127.48, 154.23
1710, 125.89, 153.03
1711, 124.31, 151.98
1712, 122.86, 151.14
1713, 121.61, 150.41
1714, 120.57, 149.76
1715, 119.71, 149.15
1716, 119.02, 148.61
1717, 118.43, 148.15
1718, 117.91, 147.68
1719, 117.45, 147.20
1720, 117.05, 146.71
1721, 116.73, 146.27
1722, 116.52, 145.89
1723, 116.39, 145.63
1724, 116.25, 145.50
1725, 116.08, 145.40
1726, 115.95, 145.30
1727, 115.92, 145.03
1728, 116.00, 144.58
1729, 116.12, 143.97
1730, 116.22, 143.22
1731, 116.33, 142.39
1732, 116.47, 141.44
1733, 116.65, 140.42
1734, 116.77, 139.36
1735, 116.80, 138.54
1736, 116.80, 138.05
1737, 116.83, 137.86
1738, 116.91, 137.87
1739, 117.00, 137.99
1740, 117.08, 138.26
1741, 117.10, 138.66
1742, 117.07, 138.99
1743, 116.99, 139.16
1744, 116.96, 139.10
1745, 117.01, 138.87
1746, 117.18, 138.52
1747, 117.43, 138.29
1748, 117.80, 138.28
1749, 118.26, 138.53
1750, 118.78, 139.12
1751, 119.37, 140.03
1752, 120.00, 141.49
1753, 120.82, 143.41
1754, 121.81, 145.67
1755, 122.93, 148.03
1756, 124.10, 150.33
1757, 125.23, 152.53
1758, 126.47, 154.60
1759, 127.81, 156.60
1760, 129.23, 158.51
1761, 130.60, 160.30
1762, 131.81, 161.86
1763, 132.92, 163.15
1764, 133.92, 164.12
1765, 134.84, 164.81
1766, 135.60, 165.25
1767, 136.19, 165.55
1768, 136.64, 165.75
1769, 137.00, 165.99
1770, 137.31, 166.27
1771, 137.56, 166.62
1772, 137.76, 166.86
1773, 138.02, 166.94
1774, 138.36, 166.92
1775, 138.80, 166.87
1776, 139.22, 166.84
1777, 139.58, 166.72
1778, 139.86, 166.49
1779, 140.06, 166.31
1780, 140.17, 166.24
1781, 140.20, 166.39
1782, 140.16, 166.72
1783, 140.09, 167.18
1784, 140.03, 167.54
1785, 140.01, 167.74
1786, 140.03, 167.82
1787, 140.10, 167.84
1788, 140.20, 167.86
1789, 140.31, 167.91
1790, 140.48, 167.99
1791, 140.70, 167.89
1792, 140.98, 167.56
1793, 141.34, 166.97
1794, 141.76, 166.22
1795, 142.15, 165.37
1796, 142.45, 164.62
1797, 142.64, 164.05
1798, 142.74, 163.70
1799, 142.77, 163.39
1800, 142.48, 163.06
1801, 141.85, 162.58
1802, 140.89, 161.99
1803, 139.63, 161.23
1804, 138.18, 160.35
1805, 136.56, 159.39
1806, 134.89, 158.46
1807, 133.25, 157.61
1808, 131.57, 156.82
1809, 129.90, 156.09
1810, 128.20, 155.41
1811, 126.55, 154.60
1812, 124.95, 153.62
1813, 123.48, 152.60
1814, 122.15, 151.69
1815, 120.90, 150.96
1816, 119.70, 150.31
1817, 118.56, 149.72
1818, 117.51, 149.22
1819, 116.59, 148.83
1820, 115.83, 148.56
1821, 115.25, 148.42
1822, 114.87, 148.40
1823, 114.70, 148.36
1824, 114.70, 148.26
1825, 114.88, 148.07
1826, 115.20, 147.85
1827, 115.54, 147.64
1828, 115.85, 147.33
1829, 116.07, 146.89
1830, 116.33, 146.29
1831, 116.66, 145.60
1832, 117.01, 144.88
1833, 117.34, 144.13
1834, 117.60, 143.40
1835, 117.83, 142.76
1836, 118.05, 142.25
1837, 118.27, 141.87
1838, 118.51, 141.73
1839, 118.68, 141.80
1840, 118.74, 141.94
1841, 118.70, 142.05
1842, 118.55, 142.08
1843, 118.32, 141.93
1844, 118.09, 141.62
1845, 117.90, 141.10
1846, 117.77, 140.43
1847, 117.69, 139.68
1848, 117.65, 139.22
1849, 117.56, 139.15
1850, 117.40, 139.61
1851, 117.16, 140.44
1852, 117.04, 141.53
1853, 117.09, 142.86
1854, 117.43, 144.33
1855, 118.03, 146.04
1856, 118.82, 147.90
1857, 119.83, 150.04
1858, 121.02, 152.36
1859, 122.42, 154.76
1860, 123.92, 156.94
1861, 125.46, 158.76
1862, 127.07, 160.24
1863, 128.72, 161.44
1864, 130.37, 162.41
1865, 131.94, 163.26
1866, 133.36, 164.02
1867, 134.58, 164.68
1868, 135.57, 165.23
1869, 136.37, 165.65
1870, 137.01, 165.94
1871, 137.51, 166.11
1872, 137.88, 166.14
1873, 138.15, 166.06
1874, 138.39, 165.89
1875, 138.61, 165.70
1876, 138.84, 165.52
1877, 139.06, 165.39
1878, 139.27, 165.32
1879, 139.43, 165.30
1880, 139.53, 165.38
1881, 139.68, 165.55
1882, 139.91, 165.75
1883, 140.23, 165.93
1884, 140.56, 165.95
1885, 140.83, 165.81
1886, 141.03, 165.50
1887, 141.17, 165.26
1888, 141.26, 165.16
1889, 141.31, 165.14
1890, 141.33, 165.11
1891, 141.32, 165.03
1892, 141.30, 164.90
1893, 141.27, 164.71
1894, 141.10, 164.44
1895, 140.78, 164.09
1896, 140.37, 163.68
1897, 139.98, 163.41
1898, 139.65, 163.33
1899, 139.38, 163.47
1900, 139.18, 163.76
1901, 139.00, 164.14
1902, 138.83, 164.39
1903, 138.51, 164.47
1904, 138.01, 164.39
1905, 137.35, 164.24
1906, 136.49, 163.82
1907, 135.48, 163.13
1908, 134.22, 162.15
1909, 132.76, 160.98
1910, 131.17, 159.70
1911, 129.56, 158.37
1912, 128.02, 157.06
1913, 126.50, 155.81
1914, 124.98, 154.68
1915, 123.50, 153.69
1916, 122.16, 152.86
1917, 121.03, 152.17
1918, 120.13, 151.63
1919, 119.44, 151.13
1920, 118.93, 150.66
1921, 118.49, 150.27
1922, 118.10, 149.99
1923, 117.73, 149.85
1924, 117.43, 149.78
1925, 117.19, 149.77
1926, 117.01, 149.68
1927, 116.89, 149.52
1928, 116.86, 149.28
1929, 116.93, 148.95
1930, 117.09, 148.58
1931, 117.33, 148.16
1932, 117.62, 147.71
1933, 117.88, 147.22
1934, 118.05, 146.72
1935, 118.20, 146.22
1936, 118.35, 145.73
1937, 118.55, 145.25
1938, 118.72, 144.77
1939, 118.82, 144.29
1940, 118.93, 143.84
1941, 119.07, 143.48
1942, 119.28, 143.22
1943, 119.44, 142.96
1944, 119.51, 142.62
1945, 119.53, 142.19
1946, 119.55, 142.02
1947, 119.58, 142.17
1948, 119.57, 142.35
1949, 119.51, 142.37
1950, 119.36, 142.09
1951, 119.14, 141.76
1952, 118.87, 141.47
1953, 118.64, 141.51
1954, 118.47, 141.89
1955, 118.54, 142.58
1956, 118.85, 143.71
1957, 119.40, 145.19
1958, 120.19, 146.95
1959, 121.16, 148.78
1960, 122.39, 150.77
1961, 123.81, 152.87
1962, 125.35, 155.05
1963, 126.94, 157.13
1964, 128.52, 159.02
1965, 130.05, 160.67
1966, 131.48, 162.06
1967, 132.83, 163.18
1968, 134.08, 164.10
1969, 135.22, 164.83
1970, 136.19, 165.38
1971, 136.98, 165.75
1972, 137.65, 165.98
1973, 138.21, 166.05
1974, 138.70, 166.01
1975, 139.09, 165.90
1976, 139.37, 165.76
1977, 139.60, 165.63
1978, 139.81, 165.58
1979, 140.02, 165.63
1980, 140.24, 165.77
1981, 140.48, 165.94
1982, 140.65, 166.12
1983, 140.72, 166.30
1984, 140.68, 166.46
1985, 140.61, 166.54
1986, 140.56, 166.55
1987, 140.44, 166.39
1988, 140.23, 166.08
1989, 139.90, 165.65
1990, 139.60, 165.12
1991, 139.37, 164.55
1992, 139.27, 164.12
1993, 139.28, 163.89
1994, 139.38, 163.89
1995, 139.53, 164.01
1996, 139.72, 164.17
1997, 139.81, 164.33
1998, 139.78, 164.47
1999, 139.77, 164.61
2000, 139.86, 164.74
2001, 140.08, 164.90
2002, 140.24, 164.98
2003, 140.25, 164.97
2004, 140.01, 164.86
2005, 139.56, 164.55
2006, 138.95, 164.05
2007, 138.12, 163.35
2008, 137.12, 162.53
2009, 135.88, 161.67
2010, 134.48, 160.73
2011, 132.99, 159.75
2012, 131.42, 158.65
2013, 129.81, 157.47
2014, 128.29, 156.49
2015, 126.96, 155.81
2016, 125.87, 155.51
2017, 125.05, 155.56
2018, 124.51, 155.90
2019, 124.42, 156.55
2020, 124.76, 157.41
2021, 125.50, 158.42
2022, 126.52, 159.43
2023, 127.72, 160.35
2024, 129.05, 161.17
2025, 130.44, 161.88
2026, 131.68, 162.49
2027, 132.69, 162.86
2028, 133.41, 162.99
2029, 133.79, 162.78
2030, 133.85, 162.31
2031, 133.50, 161.65
2032, 132.82, 160.83
2033, 131.87, 159.91
2034, 130.64, 158.96
2035, 129.23, 158.02
2036, 127.83, 157.20
2037, 126.58, 156.54
2038, 125.56, 156.05
2039, 124.84, 155.81
2040, 124.42, 155.81
2041, 124.47, 156.14
2042, 124.96, 156.74
2043, 125.84, 157.55
2044, 126.92, 158.51
2045, 128.07, 159.56
2046, 129.30, 160.61
2047, 130.57, 161.60
2048, 131.86, 162.47
2049, 132.93, 163.08
2050, 133.72, 163.42
2051, 134.06, 163.33
2052, 134.04, 162.90
2053, 133.70, 162.17
2054, 133.02, 161.17
2055, 132.08, 159.98
2056, 130.85, 158.69
2057, 129.45, 157.42
2058, 128.13, 156.23
2059, 127.00, 155.29
2060, 126.16, 154.61
2061, 125.67, 154.47
2062, 125.51, 154.86
2063, 125.71, 155.57
2064, 126.20, 156.38
2065, 126.91, 157.14
2066, 127.84, 157.99
2067, 128.93, 158.93
2068, 130.07, 159.94
2069, 131.16, 160.94
2070, 132.12, 161.85
2071, 132.85, 162.63
2072, 133.31, 163.26
2073, 133.41, 163.64
2074, 133.18, 163.76
2075, 132.70, 163.65
2076, 131.95, 163.16
2077, 130.99, 162.33
2078, 129.87, 161.25
2079, 128.68, 160.07
2080, 127.49, 158.93
2081, 126.41, 157.99
2082, 125.50, 157.33
2083, 124.92, 157.00
2084, 124.66, 156.96
2085, 124.71, 157.15
2086, 125.16, 157.57
2087, 125.96, 158.16
2088, 127.06, 158.89
2089, 128.31, 159.68
2090, 129.57, 160.43
2091, 130.76, 161.11
2092, 131.81, 161.69
2093, 132.62, 162.05
2094, 133.15, 162.20
2095, 133.30, 162.03
2096, 133.12, 161.58
2097, 132.67, 160.92
2098, 131.89, 160.09
2099, 130.84, 159.15
2100, 129.58, 158.14
2101, 128.24, 157.11
2102, 126.91, 156.12
2103, 125.77, 155.42
2104, 124.88, 155.07
2105, 124.37, 155.14
2106, 124.20, 155.53
2107, 124.34, 156.14
2108, 124.85, 157.00
2109, 125.67, 158.02
2110, 126.77, 159.17
2111, 128.02, 160.34
2112, 129.32, 161.46
2113, 130.64, 162.46
2114, 131.94, 163.31
2115, 132.98, 163.84
2116, 133.70, 164.03
2117, 134.06, 163.79
2118, 134.04, 163.20
2119, 133.71, 162.35
2120, 132.93, 161.31
2121, 131.78, 160.16
2122, 130.35, 159.06
2123, 128.79, 158.08
2124, 127.23, 157.28
2125, 125.83, 156.60
2126, 124.66, 156.01
2127, 123.99, 155.60
2128, 123.83, 155.38
2129, 124.15, 155.37
2130, 124.82, 155.58
2131, 125.72, 155.98
2132, 126.81, 156.56
2133, 127.98, 157.29
2134, 129.15, 158.14
2135, 130.14, 158.94
2136, 130.93, 159.61
2137, 131.48, 160.10
2138, 131.76, 160.36
2139, 131.80, 160.40
2140, 131.54, 160.17
2141, 131.05, 159.71
2142, 130.38, 159.12
2143, 129.50, 158.47
2144, 128.43, 157.83
2145, 127.18, 157.04
2146, 125.84, 156.10
2147, 124.49, 155.14
2148, 123.40, 154.28
2149, 122.67, 153.62
2150, 122.47, 153.22
2151, 122.72, 153.10
2152, 123.47, 153.32
2153, 124.60, 153.84
2154, 126.00, 154.58
2155, 127.57, 155.55
2156, 129.20, 156.69
2157, 130.79, 157.79
2158, 132.24, 158.75
2159, 133.52, 159.49
2160, 134.41, 159.98
2161, 134.90, 160.24
2162, 134.76, 160.20
2163, 134.09, 159.90
2164, 132.97, 159.37
2165, 131.58, 158.71
2166, 130.05, 158.00
2167, 128.55, 157.23
2168, 127.17, 156.44
2169, 125.98, 155.84
2170, 125.02, 155.49
2171, 124.27, 155.43
2172, 123.92, 155.61
2173, 123.96, 155.96
2174, 124.37, 156.44
2175, 125.17, 157.01
2176, 126.28, 157.62
2177, 127.60, 158.23
2178, 128.99, 158.81
2179, 130.34, 159.38
2180, 131.51, 159.95
2181, 132.45, 160.51
2182, 133.03, 160.99
2183, 133.27, 161.35
2184, 133.11, 161.44
2185, 132.62, 161.29
2186, 131.86, 160.90
2187, 130.86, 160.26
2188, 129.68, 159.42
2189, 128.37, 158.38
2190, 127.01, 157.23
2191, 125.69, 156.31
2192, 124.64, 155.72
2193, 123.94, 155.54
2194, 123.80, 155.66
2195, 124.16, 155.97
2196, 124.93, 156.40
2197, 126.01, 156.89
2198, 127.27, 157.41
2199, 128.63, 158.07
2200, 129.97, 158.87
2201, 131.23, 159.68
2202, 132.37, 160.39
2203, 133.36, 160.92
2204, 134.01, 161.21
2205, 134.29, 161.29
2206, 134.21, 161.08
2207, 133.82, 160.66
2208, 133.20, 160.05
2209, 132.26, 159.31
2210, 131.03, 158.48
2211, 129.58, 157.57
2212, 128.03, 156.65
2213, 126.47, 155.76
2214, 125.25, 155.10
2215, 124.45, 154.71
2216, 124.20, 154.69
2217, 124.35, 154.97
2218, 124.82, 155.47
2219, 125.58, 156.07
2220, 126.56, 156.70
2221, 127.73, 157.53
2222, 128.98, 158.57
2223, 130.23, 159.72
2224, 131.36, 160.85
2225, 132.32, 161.86
2226, 132.89, 162.55
2227, 133.08, 162.89
2228, 132.88, 162.83
2229, 132.40, 162.50
2230, 131.74, 161.97
2231, 130.75, 161.14
2232, 129.48, 160.07
2233, 127.98, 158.80
2234, 126.51, 157.48
2235, 125.18, 156.21
2236, 124.26, 155.25
2237, 123.78, 154.68
2238, 123.72, 154.59
2239, 124.09, 154.88
2240, 124.82, 155.46
2241, 125.95, 156.27
2242, 127.38, 157.23
2243, 129.00, 158.31
2244, 130.56, 159.46
2245, 131.94, 160.53
2246, 133.05, 161.45
2247, 133.89, 162.18
2248, 134.33, 162.63
2249, 134.37, 162.80
2250, 134.07, 162.59
2251, 133.45, 162.05
2252, 132.60, 161.24
2253, 131.44, 160.28
2254, 130.04, 159.28
2255, 128.47, 158.24
2256, 126.95, 157.20
2257, 125.57, 156.20
2258, 124.69, 155.38
2259, 124.32, 154.78
2260, 124.48, 154.59
2261, 124.91, 154.77
2262, 125.47, 155.28
2263, 126.24, 156.03
2264, 127.20, 156.91
2265, 128.35, 157.88
2266, 129.67, 158.87
2267, 131.09, 159.84
2268, 132.33, 160.72
2269, 133.24, 161.47
2270, 133.76, 161.97
2271, 133.87, 162.21
2272, 133.64, 162.11
2273, 133.04, 161.71
2274, 132.17, 161.07
2275, 131.02, 160.24
2276, 129.68, 159.30
2277, 128.23, 158.25
2278, 126.74, 157.16
2279, 125.29, 156.06
2280, 124.19, 155.15
2281, 123.50, 154.50
2282, 123.25, 154.23
2283, 123.44, 154.29
2284, 123.98, 154.64
2285, 124.94, 155.20
2286, 126.24, 155.89
2287, 127.77, 156.75
2288, 129.34, 157.74
2289, 130.82, 158.82
2290, 132.03, 159.81
2291, 132.93, 160.61
2292, 133.51, 161.17
2293, 133.73, 161.51
2294, 133.63, 161.51
2295, 133.18, 161.19
2296, 132.47, 160.58
2297, 131.57, 159.69
2298, 130.45, 158.61
2299, 129.18, 157.31
2300, 127.93, 155.88
2301, 126.83, 154.41
2302, 125.96, 153.36
2303, 125.41, 152.84
2304, 125.16, 153.02
2305, 125.38, 153.74
2306, 126.01, 154.84
2307, 126.93, 156.07
2308, 127.97, 157.29
2309, 129.03, 158.43
2310, 130.23, 159.46
2311, 131.54, 160.36
2312, 132.76, 161.14
2313, 133.73, 161.79
2314, 134.37, 162.17
2315, 134.62, 162.28
2316, 134.50, 162.13
2317, 134.02, 161.75
2318, 133.28, 161.21
2319, 132.37, 160.44
2320, 131.34, 159.50
2321, 130.25, 158.39
2322, 129.18, 157.19
2323, 128.20, 155.97
2324, 127.33, 155.06
2325, 126.66, 154.55
2326, 126.18, 154.59
2327, 126.02, 155.07
2328, 126.16, 155.88
2329, 126.57, 156.81
2330, 127.28, 157.72
2331, 128.23, 158.64
2332, 129.37, 159.57
2333, 130.57, 160.51
2334, 131.76, 161.25
2335, 132.74, 161.73
2336, 133.45, 161.87
2337, 133.79, 161.73
2338, 133.82, 161.38
2339, 133.47, 160.85
2340, 132.83, 160.19
2341, 131.96, 159.37
2342, 130.90, 158.44
2343, 129.72, 157.45
2344, 128.45, 156.35
2345, 127.18, 155.19
2346, 125.96, 154.37
2347, 125.02, 154.01
2348, 124.44, 154.22
2349, 124.37, 154.81
2350, 124.76, 155.67
2351, 125.53, 156.72
2352, 126.68, 157.87
2353, 128.12, 159.16
2354, 129.71, 160.54
2355, 131.29, 161.96
2356, 132.76, 163.17
2357, 133.91, 164.09
2358, 134.69, 164.57
2359, 134.99, 164.66
2360, 134.88, 164.42
2361, 134.43, 163.88
2362, 133.65, 163.13
2363, 132.59, 162.16
2364, 131.26, 161.08
2365, 129.76, 159.94
2366, 128.19, 158.87
2367, 126.71, 157.95
2368, 125.39, 157.28
2369, 124.44, 156.86
2370, 123.89, 156.68
2371, 123.80, 156.76
2372, 124.09, 157.05
2373, 124.65, 157.60
2374, 125.55, 158.35
2375, 126.71, 159.25
2376, 128.08, 160.23
2377, 129.51, 161.22
2378, 130.91, 162.07
2379, 132.14, 162.71
2380, 133.14, 163.07
2381, 133.73, 163.18
2382, 133.92, 163.09
2383, 133.73, 162.79
2384, 133.13, 162.30
2385, 132.20, 161.65
2386, 131.00, 160.91
2387, 129.68, 160.12
2388, 128.34, 159.22
2389, 127.09, 158.21
2390, 125.99, 157.36
2391, 125.24, 156.79
2392, 124.87, 156.56
2393, 124.89, 156.71
2394, 125.29, 157.20
2395, 125.97, 157.93
2396, 126.96, 158.78
2397, 128.16, 159.65
2398, 129.46, 160.52
2399, 130.78, 161.36
2400, 132.04, 162.04
2401, 133.10, 162.51
2402, 133.94, 162.65
2403, 134.37, 162.50
2404, 134.41, 162.10
2405, 134.09, 161.50
2406, 133.39, 160.75
2407, 132.36, 159.82
2408, 131.07, 158.74
2409, 129.63, 157.58
2410, 128.17, 156.51
2411, 126.81, 155.64
2412, 125.63, 155.15
2413, 124.90, 155.04
2414, 124.65, 155.28
2415, 124.86, 155.83
2416, 125.48, 156.62
2417, 126.38, 157.59
2418, 127.44, 158.65
2419, 128.55, 159.74
2420, 129.62, 160.67
2421, 130.71, 161.40
2422, 131.81, 161.94
2423, 132.78, 162.35
2424, 133.54, 162.67
2425, 134.04, 162.73
2426, 134.12, 162.50
2427, 133.80, 161.94
2428, 133.08, 161.15
2429, 132.10, 160.19
2430, 130.98, 159.14
2431, 129.71, 158.08
2432, 128.36, 157.09
2433, 127.10, 156.22
2434, 126.04, 155.60
2435, 125.40, 155.24
2436, 125.17, 155.13
2437, 125.32, 155.45
2438, 125.73, 156.17
2439, 126.30, 157.20
2440, 127.05, 158.37
2441, 127.96, 159.54
2442, 128.96, 160.65
2443, 130.05, 161.66
2444, 131.15, 162.45
2445, 132.05, 162.97
2446, 132.66, 163.23
2447, 132.95, 163.19
2448, 132.92, 162.88
2449, 132.61, 162.35
2450, 131.97, 161.69
2451, 131.05, 160.88
2452, 129.92, 159.93
2453, 128.66, 158.90
2454, 127.33, 157.89
2455, 126.09, 156.96
2456, 125.02, 156.39
2457, 124.16, 156.23
2458, 123.71, 156.47
2459, 123.67, 156.97
2460, 124.15, 157.60
2461, 125.01, 158.35
2462, 126.14, 159.20
2463, 127.49, 160.10
2464, 128.96, 160.94
2465, 130.37, 161.67
2466, 131.60, 162.22
2467, 132.48, 162.61
2468, 133.02, 162.85
2469, 133.24, 162.76
2470, 133.11, 162.33
2471, 132.70, 161.56
2472, 131.99, 160.58
2473, 131.10, 159.49
2474, 130.10, 158.45
2475, 128.93, 157.56
2476, 127.65, 156.82
2477, 126.35, 156.22
2478, 125.12, 155.87
2479, 124.04, 155.77
2480, 123.39, 155.93
2481, 123.20, 156.32
2482, 123.62, 156.86
2483, 124.51, 157.52
2484, 125.75, 158.22
2485, 127.25, 158.91
2486, 128.88, 159.64
2487, 130.46, 160.40
2488, 131.87, 161.10
2489, 133.02, 161.67
2490, 133.82, 162.10
2491, 134.29, 162.28
2492, 134.39, 162.23
2493, 134.20, 161.92
2494, 133.78, 161.41
2495, 133.03, 160.77
2496, 131.96, 159.93
2497, 130.57, 158.93
2498, 129.01, 157.94
2499, 127.54, 157.07
2500, 126.29, 156.41
2501, 125.35, 156.03
2502, 124.86, 155.92
2503, 124.80, 156.14
2504, 125.20, 156.63
2505, 125.92, 157.39
2506, 126.86, 158.34
2507, 128.03, 159.41
2508, 129.37, 160.44
2509, 130.83, 161.34
2510, 132.28, 162.03
2511, 133.66, 162.52
2512, 134.68, 162.84
2513, 135.25, 162.86
2514, 135.25, 162.59
2515, 134.76, 161.96
2516, 133.90, 161.09
2517, 132.66, 160.04
2518, 131.14, 158.88
2519, 129.45, 157.67
2520, 127.75, 156.52
2521, 126.14, 155.50
2522, 124.85, 154.65
2523, 123.93, 154.15
2524, 123.52, 154.02
2525, 123.57, 154.36
2526, 124.00, 155.06
2527, 124.87, 156.02
2528, 126.08, 157.07
2529, 127.54, 158.10
2530, 129.08, 159.03
2531, 130.48, 159.84
2532, 131.65, 160.47
2533, 132.54, 160.91
2534, 133.13, 161.17
2535, 133.46, 161.18
2536, 133.40, 160.97
2537, 132.99, 160.48
2538, 132.28, 159.77
2539, 131.23, 158.91
2540, 129.92, 157.97
2541, 128.42, 157.00
2542, 126.86, 156.14
2543, 125.35, 155.43
2544, 124.17, 154.91
2545, 123.38, 154.63
2546, 123.10, 154.58
2547, 123.24, 154.83
2548, 123.69, 155.33
2549, 124.51, 156.04
2550, 125.62, 156.86
2551, 127.00, 157.71
2552, 128.53, 158.53
2553, 130.11, 159.29
2554, 131.48, 159.97
2555, 132.54, 160.42
2556, 133.16, 160.62
2557, 133.36, 160.68
2558, 133.22, 160.68
2559, 132.76, 160.45
2560, 132.07, 159.97
2561, 131.07, 159.20
2562, 129.84, 158.22
2563, 128.48, 157.13
2564, 127.12, 156.14
2565, 125.84, 155.36
2566, 124.87, 154.84
2567, 124.26, 154.65
2568, 124.14, 154.75
2569, 124.42, 155.13
2570, 125.03, 155.69
2571, 125.98, 156.37
2572, 127.22, 157.28
2573, 128.65, 158.40
2574, 130.16, 159.64
2575, 131.64, 160.88
2576, 132.88, 162.02
2577, 133.82, 162.87
2578, 134.33, 163.40
2579, 134.46, 163.50
2580, 134.26, 163.27
2581, 133.78, 162.69
2582, 133.11, 161.86
2583, 132.18, 160.86
2584, 131.05, 159.74
2585, 129.78, 158.56
2586, 128.41, 157.39
2587, 127.04, 156.28
2588, 125.91, 155.27
2589, 125.12, 154.61
2590, 124.73, 154.32
2591, 124.73, 154.50
2592, 125.07, 155.05
2593, 125.78, 155.85
2594, 126.77, 156.90
2595, 128.04, 158.13
2596, 129.48, 159.35
2597, 130.99, 160.46
2598, 132.30, 161.37
2599, 133.29, 162.02
2600, 133.83, 162.40
2601, 134.00, 162.41
2602, 133.84, 162.09
2603, 133.40, 161.48
2604, 132.73, 160.66
2605, 131.69, 159.70
2606, 130.34, 158.59
2607, 128.73, 157.39
2608, 127.05, 156.31
2609, 125.44, 155.46
2610, 124.20, 154.90
2611, 123.42, 154.75
2612, 123.11, 154.99
2613, 123.32, 155.56
2614, 123.96, 156.32
2615, 124.99, 157.15
2616, 126.28, 158.16
2617, 127.70, 159.31
2618, 129.17, 160.42
2619, 130.60, 161.36
2620, 131.81, 162.05
2621, 132.74, 162.56
2622, 133.35, 162.93
2623, 133.57, 163.03
2624, 133.44, 162.86
2625, 132.98, 162.43
2626, 132.30, 161.76
2627, 131.35, 160.91
2628, 130.20, 159.97
2629, 128.90, 159.04
2630, 127.51, 158.17
2631, 126.11, 157.41
2632, 124.97, 156.80
2633, 124.16, 156.38
2634, 123.75, 156.14
2635, 123.75, 156.18
2636, 124.08, 156.47
2637, 124.78, 156.96
2638, 125.77, 157.69
2639, 126.96, 158.59
2640, 128.30, 159.56
2641, 129.72, 160.50
2642, 131.05, 161.35
2643, 132.19, 161.90
2644, 133.09, 162.12
2645, 133.63, 161.89
2646, 133.83, 161.31
2647, 133.58, 160.46
2648, 132.96, 159.52
2649, 132.05, 158.59
2650, 130.90, 157.66
2651, 129.60, 156.76
2652, 128.23, 155.86
2653, 126.89, 155.19
2654, 125.63, 154.79
2655, 124.66, 154.82
2656, 124.03, 155.20
2657, 123.82, 155.89
2658, 123.97, 156.78
2659, 124.61, 157.78
2660, 125.66, 158.89
2661, 127.06, 160.06
2662, 128.63, 161.17
2663, 130.23, 162.14
2664, 131.57, 162.92
2665, 132.58, 163.36
2666, 133.20, 163.47
2667, 133.52, 163.20
2668, 133.61, 162.65
2669, 133.35, 161.91
2670, 132.75, 160.99
2671, 131.87, 159.97
2672, 130.75, 158.87
2673, 129.49, 157.79
2674, 128.17, 156.78
2675, 126.91, 155.95
2676, 125.76, 155.33
2677, 124.92, 154.90
2678, 124.41, 154.62
2679, 124.35, 154.45
2680, 124.67, 154.49
2681, 125.28, 154.74
2682, 126.07, 155.34
2683, 126.94, 156.20
2684, 127.92, 157.28
2685, 128.99, 158.37
2686, 130.12, 159.36
2687, 131.22, 160.09
2688, 132.25, 160.55
2689, 132.90, 160.65
2690, 133.13, 160.46
2691, 132.85, 160.04
2692, 132.21, 159.47
2693, 131.16, 158.73
2694, 129.80, 157.85
2695, 128.27, 156.86
2696, 126.73, 155.91
2697, 125.29, 155.07
2698, 124.13, 154.52
2699, 123.30, 154.30
2700, 122.94, 154.40
2701, 123.00, 154.82
2702, 123.42, 155.49
2703, 124.17, 156.29
2704, 125.16, 157.09
2705, 126.50, 157.80
2706, 128.07, 158.55
2707, 129.81, 159.36
2708, 131.44, 160.06
2709, 132.84, 160.58
2710, 133.81, 160.83
2711, 134.34, 160.87
2712, 134.49, 160.74
2713, 134.27, 160.43
2714, 133.77, 159.96
2715, 132.82, 159.20
2716, 131.48, 158.21
2717, 129.82, 157.02
2718, 128.02, 155.78
2719, 126.23, 154.60
2720, 124.80, 153.78
2721, 123.84, 153.41
2722, 123.52, 153.51
2723, 123.73, 154.03
2724, 124.38, 154.87
2725, 125.40, 155.97
2726, 126.68, 157.22
2727, 128.24, 158.51
2728, 129.96, 159.73
2729, 131.75, 160.83
2730, 133.34, 161.69
2731, 134.63, 162.29
2732, 135.34, 162.65
2733, 135.49, 162.76
2734, 135.15, 162.66
2735, 134.39, 162.18
2736, 133.35, 161.35
2737, 132.01, 160.17
2738, 130.48, 158.77
2739, 128.85, 157.26
2740, 127.26, 155.85
2741, 125.80, 154.61
2742, 124.79, 153.79
2743, 124.27, 153.40
2744, 124.27, 153.43
2745, 124.66, 153.85
2746, 125.31, 154.58
2747, 126.18, 155.54
2748, 127.18, 156.62
2749, 128.24, 157.71
2750, 129.37, 158.81
2751, 130.54, 159.89
2752, 131.59, 160.84
2753, 132.46, 161.60
2754, 133.09, 162.16
2755, 133.53, 162.41
2756, 133.82, 162.36
2757, 133.78, 161.96
2758, 133.44, 161.30
2759, 132.61, 160.44
2760, 131.40, 159.42
2761, 129.88, 158.29
2762, 128.29, 157.13
2763, 126.76, 156.04
2764, 125.57, 155.21
2765, 124.77, 154.71
2766, 124.38, 154.53
2767, 124.41, 154.77
2768, 124.78, 155.40
2769, 125.64, 156.32
2770, 126.91, 157.39
2771, 128.49, 158.50
2772, 130.24, 159.49
2773, 132.03, 160.30
2774, 133.55, 160.88
2775, 134.70, 161.25
2776, 135.41, 161.45
2777, 135.62, 161.43
2778, 135.38, 161.22
2779, 134.66, 160.74
2780, 133.59, 160.04
2781, 132.27, 159.17
2782, 130.85, 158.24
2783, 129.44, 157.30
2784, 128.00, 156.50
2785, 126.56, 155.87
2786, 125.41, 155.43
2787, 124.67, 155.32
2788, 124.38, 155.51
2789, 124.53, 156.02
2790, 125.03, 156.74
2791, 125.97, 157.63
2792, 127.25, 158.62
2793, 128.77, 159.66
2794, 130.30, 160.64
2795, 131.72, 161.53
2796, 132.86, 162.14
2797, 133.71, 162.48
2798, 134.27, 162.52
2799, 134.48, 162.23
2800, 134.40, 161.66
2801, 133.94, 160.84
2802, 133.19, 159.91
2803, 132.23, 158.94
2804, 131.12, 157.94
2805, 129.93, 156.95
2806, 128.78, 156.12
2807, 127.75, 155.53
2808, 126.88, 155.19
2809, 126.22, 155.12
2810, 125.77, 155.30
2811, 125.71, 155.81
2812, 126.02, 156.59
2813, 126.66, 157.59
2814, 127.56, 158.66
2815, 128.61, 159.70
2816, 129.71, 160.69
2817, 130.79, 161.60
2818, 131.68, 162.21
2819, 132.37, 162.46
2820, 132.83, 162.35
2821, 133.00, 161.98
2822, 132.90, 161.46
2823, 132.44, 160.72
2824, 131.68, 159.81
2825, 130.68, 158.75
2826, 129.47, 157.64
2827, 128.11, 156.57
2828, 126.88, 155.62
2829, 125.92, 154.85
2830, 125.31, 154.26
2831, 125.00, 154.02
2832, 124.92, 154.13
2833, 125.14, 154.60
2834, 125.61, 155.32
2835, 126.28, 156.17
2836, 127.13, 157.27
2837, 128.11, 158.58
2838, 129.19, 159.91
2839, 130.30, 161.13
2840, 131.38, 162.14
2841, 132.31, 162.84
2842, 133.03, 163.24
2843, 133.35, 163.29
2844, 133.28, 163.06
2845, 132.83, 162.56
2846, 132.05, 161.84
2847, 131.02, 160.97
2848, 129.79, 159.99
2849, 128.47, 158.95
2850, 127.31, 158.02
2851, 126.39, 157.25
2852, 125.79, 156.70
2853, 125.51, 156.47
2854, 125.51, 156.53
2855, 125.81, 156.82
2856, 126.32, 157.21
2857, 126.98, 157.64
2858, 127.82, 158.12
2859, 128.79, 158.63
2860, 129.94, 159.15
2861, 131.19, 159.62
2862, 132.48, 160.03
2863, 133.57, 160.26
2864, 134.39, 160.30
2865, 134.73, 160.04
2866, 134.63, 159.54
2867, 134.15, 158.84
2868, 133.36, 158.04
2869, 132.34, 157.20
2870, 131.10, 156.37
2871, 129.73, 155.56
2872, 128.31, 154.89
2873, 127.00, 154.38
2874, 125.88, 154.06
2875, 125.16, 154.02
2876, 124.83, 154.24
2877, 124.87, 154.79
2878, 125.29, 155.57
2879, 125.99, 156.51
2880, 126.99, 157.60
2881, 128.18, 158.77
2882, 129.41, 159.98
2883, 130.56, 161.15
2884, 131.55, 162.23
2885, 132.32, 162.97
2886, 132.87, 163.33
2887, 133.10, 163.30
2888, 133.04, 163.00
2889, 132.73, 162.52
2890, 132.13, 161.83
2891, 131.29, 160.99
2892, 130.17, 159.99
2893, 128.89, 158.94
2894, 127.51, 157.91
2895, 126.25, 156.96
2896, 125.20, 156.14
2897, 124.55, 155.67
2898, 124.31, 155.56
2899, 124.45, 155.81
2900, 124.92, 156.27
2901, 125.64, 156.85
2902, 126.76, 157.58
2903, 128.19, 158.44
2904, 129.88, 159.39
2905, 131.53, 160.36
2906, 132.98, 161.28
2907, 133.98, 162.02
2908, 134.51, 162.54
2909, 134.58, 162.77
2910, 134.25, 162.75
2911, 133.63, 162.54
2912, 132.72, 162.02
2913, 131.65, 161.21
2914, 130.44, 160.15
2915, 129.16, 158.97
2916, 127.89, 157.77
2917, 126.78, 156.70
2918, 125.92, 155.82
2919, 125.45, 155.27
2920, 125.35, 155.03
2921, 125.58, 155.12
2922, 126.19, 155.48
2923, 127.12, 156.02
2924, 128.30, 156.78
2925, 129.59, 157.69
2926, 130.89, 158.70
2927, 131.99, 159.70
2928, 132.83, 160.63
2929, 133.41, 161.30
2930, 133.77, 161.68
2931, 133.99, 161.69
2932, 133.92, 161.42
2933, 133.59, 160.94
2934, 132.90, 160.29
2935, 131.94, 159.52
2936, 130.79, 158.59
2937, 129.51, 157.52
2938, 128.19, 156.37
2939, 126.98, 155.44
2940, 125.98, 154.82
2941, 125.22, 154.58
2942, 124.79, 154.63
2943, 124.66, 154.91
2944, 124.90, 155.48
2945, 125.45, 156.30
2946, 126.43, 157.35
2947, 127.75, 158.49
2948, 129.32, 159.53
2949, 130.84, 160.39
2950, 132.15, 161.03
2951, 133.04, 161.37
2952, 133.51, 161.42
2953, 133.60, 161.20
2954, 133.39, 160.78
2955, 132.96, 160.23
2956, 132.22, 159.62
2957, 131.19, 158.99
2958, 129.92, 158.24
2959, 128.58, 157.35
2960, 127.28, 156.33
2961, 126.11, 155.55
2962, 125.11, 155.10
2963, 124.30, 155.00
2964, 123.90, 155.11
2965, 123.93, 155.35
2966, 124.44, 155.79
2967, 125.28, 156.41
2968, 126.34, 157.29
2969, 127.57, 158.32
2970, 128.89, 159.46
2971, 130.23, 160.60
2972, 131.48, 161.70
2973, 132.61, 162.45
2974, 133.42, 162.81
2975, 133.88, 162.64
2976, 133.92, 162.06
2977, 133.61, 161.17
2978, 132.91, 160.14
2979, 131.91, 159.07
2980, 130.67, 157.98
2981, 129.24, 156.87
2982, 127.68, 155.79
2983, 126.26, 154.90
2984, 125.11, 154.28
2985, 124.29, 154.03
2986, 123.92, 154.13
2987, 123.96, 154.51
2988, 124.52, 155.13
2989, 125.50, 155.90
2990, 126.80, 156.84
2991, 128.26, 157.90
2992, 129.75, 159.02
2993, 131.12, 160.02
2994, 132.32, 160.83
2995, 133.31, 161.35
2996, 133.90, 161.61
2997, 134.09, 161.66
2998, 133.88, 161.53
2999, 133.37, 161.25
3000, 132.68, 160.78
=====End_data=====
