=====Start_data=====
Date: 13/02/2022, Time: 00:00
Notes: filter and calibrated data
Collection period (s): 60.00, Sampling Frequency (Hz): 50.00
Counter, Distance(mm)
0, 3.77, 4.65
1, 11.91, 14.58
2, 24.60, 29.98
3, 39.79, 48.41
4, 55.91, 68.02
5, 71.81, 87.42
6, 86.74, 105.73
7, 100.19, 122.33
8, 111.90, 136.75
9, 121.78, 148.81
10, 129.83, 158.50
11, 136.07, 166.12
12, 140.66, 171.94
13, 143.84, 176.23
14, 145.89, 179.23
15, 147.06, 181.16
16, 147.59, 182.26
17, 147.65, 182.74
18, 147.36, 182.74
19, 146.83, 182.39
20, 146.15, 181.81
21, 145.23, 181.04
22, 144.13, 180.15
23, 142.76, 179.01
24, 141.22, 177.66
25, 139.60, 176.06
26, 138.00, 174.34
27, 136.51, 172.58
28, 134.98, 170.76
29, 133.42, 168.92
30, 131.68, 166.96
31, 129.86, 164.97
32, 128.00, 162.98
33, 126.19, 161.14
34, 124.49, 159.50
35, 122.88, 157.99
36, 121.37, 156.56
37, 119.97, 155.21
38, 118.99, 154.23
39, 118.49, 153.67
40, 118.62, 153.86
41, 119.25, 154.71
42, 120.27, 156.12
43, 121.61, 158.15
44, 123.16, 160.64
45, 124.88, 163.42
46, 126.65, 166.23
47, 128.39, 168.88
48, 130.04, 171.26
49, 131.56, 173.29
50, 132.84, 174.97
51, 133.83, 176.31
52, 134.51, 177.28
53, 134.92, 177.93
54, 135.10, 178.27
55, 135.12, 178.18
56, 135.02, 177.68
57, 134.76, 176.70
58, 134.36, 175.39
59, 133.85, 173.87
60, 133.18, 172.19
61, 132.38, 170.46
62, 131.35, 168.68
63, 130.13, 166.95
64, 128.80, 165.31
65, 127.39, 163.69
66, 125.98, 162.10
67, 124.54, 160.42
68, 123.12, 158.70
69, 121.74, 156.98
70, 120.52, 155.34
71, 119.50, 153.86
72, 118.92, 152.96
73, 118.79, 152.72
74, 119.08, 153.15
75, 119.73, 154.12
76, 120.65, 155.44
77, 121.84, 157.12
78, 123.22, 159.03
79, 124.76, 161.24
80, 126.36, 163.65
81, 127.95, 166.16
82, 129.46, 168.50
83, 130.86, 170.53
84, 132.11, 172.26
85, 133.20, 173.69
86, 134.11, 174.87
87, 134.85, 175.68
88, 135.43, 176.12
89, 135.81, 176.18
90, 136.01, 175.95
91, 136.04, 175.53
92, 135.74, 174.78
93, 135.12, 173.73
94, 134.14, 172.29
95, 132.94, 170.58
96, 131.62, 168.72
97, 130.18, 166.78
98, 128.68, 164.87
99, 127.14, 162.93
100, 125.64, 161.00
101, 124.26, 159.05
102, 123.05, 157.18
103, 122.04, 155.43
104, 121.20, 154.02
105, 120.50, 153.01
106, 120.09, 152.67
107, 119.99, 152.96
108, 120.19, 153.80
109, 120.74, 155.07
110, 121.60, 156.62
111, 122.78, 158.62
112, 124.17, 161.02
113, 125.67, 163.70
114, 127.22, 166.43
115, 128.74, 169.03
116, 130.20, 171.28
117, 131.54, 173.11
118, 132.71, 174.49
119, 133.79, 175.48
120, 134.78, 176.16
121, 135.54, 176.48
122, 136.02, 176.52
123, 136.19, 176.22
124, 136.09, 175.66
125, 135.77, 174.92
126, 135.22, 173.84
127, 134.48, 172.46
128, 133.51, 170.75
129, 132.38, 168.86
130, 131.13, 166.90
131, 129.78, 164.97
132, 128.35, 163.15
133, 126.91, 161.47
134, 125.53, 159.95
135, 124.27, 158.63
136, 123.10, 157.29
137, 122.04, 155.91
138, 121.16, 154.74
139, 120.49, 153.90
140, 120.05, 153.48
141, 119.93, 153.45
142, 120.10, 153.74
143, 120.69, 154.55
144, 121.63, 155.81
145, 122.85, 157.45
146, 124.32, 159.37
147, 125.97, 161.45
148, 127.63, 163.74
149, 129.17, 166.13
150, 130.51, 168.36
151, 131.75, 170.27
152, 132.89, 171.75
153, 133.99, 172.88
154, 135.02, 173.72
155, 135.87, 174.30
156, 136.52, 174.64
157, 136.94, 174.80
158, 137.03, 174.63
159, 136.79, 174.14
160, 136.16, 173.12
161, 135.22, 171.67
162, 134.08, 169.86
163, 132.71, 168.02
164, 131.19, 166.30
165, 129.55, 164.65
166, 127.91, 163.05
167, 126.33, 161.51
168, 124.84, 159.97
169, 123.45, 158.47
170, 122.22, 156.99
171, 121.16, 155.59
172, 120.31, 154.31
173, 119.75, 153.45
174, 119.48, 153.07
175, 119.58, 153.22
176, 120.00, 153.77
177, 120.66, 154.81
178, 121.57, 156.24
179, 122.66, 157.98
180, 123.93, 159.98
181, 125.27, 162.11
182, 126.78, 164.48
183, 128.42, 166.99
184, 130.13, 169.55
185, 131.80, 171.76
186, 133.36, 173.50
187, 134.70, 174.78
188, 135.79, 175.70
189, 136.62, 176.35
190, 137.11, 176.72
191, 137.29, 176.81
192, 137.05, 176.49
193, 136.47, 175.80
194, 135.61, 174.79
195, 134.57, 173.48
196, 133.45, 171.96
197, 132.25, 170.17
198, 131.00, 168.23
199, 129.75, 166.22
200, 128.43, 164.18
201, 127.07, 162.20
202, 125.69, 160.18
203, 124.36, 158.18
204, 123.14, 156.34
205, 122.10, 154.77
206, 121.24, 153.52
207, 120.51, 152.78
208, 119.90, 152.53
209, 119.64, 152.92
210, 119.76, 153.81
211, 120.29, 155.09
212, 121.18, 156.81
213, 122.33, 158.86
214, 123.76, 161.25
215, 125.36, 163.77
216, 127.05, 166.30
217, 128.72, 168.76
218, 130.27, 171.05
219, 131.67, 173.05
220, 132.88, 174.71
221, 133.89, 175.99
222, 134.77, 176.97
223, 135.53, 177.70
224, 136.04, 178.09
225, 136.25, 178.16
226, 136.18, 177.72
227, 135.85, 176.84
228, 135.33, 175.59
229, 134.53, 174.12
230, 133.48, 172.56
231, 132.24, 170.96
232, 130.79, 169.39
233, 129.22, 167.89
234, 127.57, 166.31
235, 125.95, 164.65
236, 124.45, 162.97
237, 123.00, 161.40
238, 121.61, 160.01
239, 120.39, 158.60
240, 119.40, 157.16
241, 118.77, 156.06
242, 118.46, 155.46
243, 118.43, 155.44
244, 118.79, 156.04
245, 119.49, 157.16
246, 120.58, 158.82
247, 121.90, 160.83
248, 123.37, 163.05
249, 125.00, 165.24
250, 126.71, 167.28
251, 128.41, 169.25
252, 129.98, 171.16
253, 131.48, 172.98
254, 132.81, 174.60
255, 133.97, 175.97
256, 134.89, 177.01
257, 135.57, 177.73
258, 136.03, 178.14
259, 136.16, 178.23
260, 135.99, 178.06
261, 135.55, 177.43
262, 134.81, 176.38
263, 133.84, 174.99
264, 132.63, 173.38
265, 131.29, 171.66
266, 129.78, 169.70
267, 128.16, 167.56
268, 126.48, 165.28
269, 124.85, 163.02
270, 123.34, 160.91
271, 122.02, 158.95
272, 120.92, 157.18
273, 120.05, 155.61
274, 119.47, 154.20
275, 119.15, 152.97
276, 119.16, 152.27
277, 119.44, 152.16
278, 119.93, 152.85
279, 120.63, 154.16
280, 121.47, 155.92
281, 122.54, 158.02
282, 123.79, 160.29
283, 125.15, 162.74
284, 126.61, 165.27
285, 128.09, 167.77
286, 129.52, 170.04
287, 130.84, 172.00
288, 131.98, 173.69
289, 133.07, 175.15
290, 134.14, 176.44
291, 135.10, 177.40
292, 135.87, 178.01
293, 136.29, 178.12
294, 136.36, 177.79
295, 136.13, 177.08
296, 135.50, 176.05
297, 134.54, 174.79
298, 133.28, 173.33
299, 131.86, 171.78
300, 130.39, 170.23
301, 128.89, 168.46
302, 127.40, 166.49
303, 125.90, 164.33
304, 124.46, 162.16
305, 123.11, 160.09
306, 121.83, 158.21
307, 120.65, 156.57
308, 119.71, 155.22
309, 119.05, 154.18
310, 118.69, 153.77
311, 118.62, 153.97
312, 118.78, 154.76
313, 119.35, 156.09
314, 120.31, 157.84
315, 121.61, 159.82
316, 123.07, 161.84
317, 124.57, 163.74
318, 126.13, 165.67
319, 127.70, 167.63
320, 129.37, 169.59
321, 131.10, 171.42
322, 132.84, 173.06
323, 134.42, 174.63
324, 135.75, 176.15
325, 136.67, 177.37
326, 137.19, 178.18
327, 137.33, 178.36
328, 137.09, 178.01
329, 136.54, 177.24
330, 135.73, 176.09
331, 134.76, 174.70
332, 133.72, 173.04
333, 132.57, 171.24
334, 131.37, 169.37
335, 130.05, 167.27
336, 128.68, 164.97
337, 127.31, 162.61
338, 125.96, 160.39
339, 124.67, 158.43
340, 123.36, 156.80
341, 122.04, 155.50
342, 120.74, 154.55
343, 119.63, 153.94
344, 118.77, 153.63
345, 118.36, 153.74
346, 118.39, 154.27
347, 118.82, 155.29
348, 119.55, 156.67
349, 120.50, 158.30
350, 121.80, 160.17
351, 123.40, 162.19
352, 125.20, 164.35
353, 127.01, 166.51
354, 128.70, 168.64
355, 130.31, 170.66
356, 131.81, 172.52
357, 133.13, 174.22
358, 134.24, 175.75
359, 135.11, 176.89
360, 135.66, 177.59
361, 135.91, 177.83
362, 135.82, 177.58
363, 135.47, 176.93
364, 134.93, 175.88
365, 134.19, 174.59
366, 133.28, 173.18
367, 132.23, 171.61
368, 131.12, 169.97
369, 130.01, 168.09
370, 128.84, 166.06
371, 127.61, 163.94
372, 126.26, 161.69
373, 124.86, 159.36
374, 123.46, 157.10
375, 122.13, 155.04
376, 120.93, 153.27
377, 119.93, 152.07
378, 119.15, 151.47
379, 118.78, 151.66
380, 118.82, 152.51
381, 119.23, 154.06
382, 120.01, 156.13
383, 121.08, 158.53
384, 122.49, 161.06
385, 124.14, 163.57
386, 125.92, 166.02
387, 127.77, 168.34
388, 129.58, 170.48
389, 131.35, 172.43
390, 133.03, 174.18
391, 134.58, 175.66
392, 135.82, 176.86
393, 136.72, 177.75
394, 137.25, 178.34
395, 137.50, 178.65
396, 137.55, 178.49
397, 137.36, 177.88
398, 136.99, 176.88
399, 136.22, 175.61
400, 135.09, 174.23
401, 133.65, 172.69
402, 132.00, 171.05
403, 130.24, 169.09
404, 128.38, 166.89
405, 126.50, 164.50
406, 124.71, 162.10
407, 123.08, 159.83
408, 121.67, 157.65
409, 120.40, 155.62
410, 119.26, 153.73
411, 118.43, 152.39
412, 117.94, 151.69
413, 117.81, 151.80
414, 118.05, 152.55
415, 118.59, 153.80
416, 119.48, 155.46
417, 120.60, 157.39
418, 121.90, 159.55
419, 123.26, 161.79
420, 124.62, 164.02
421, 126.10, 166.25
422, 127.68, 168.42
423, 129.34, 170.70
424, 130.99, 173.02
425, 132.56, 175.34
426, 134.01, 177.32
427, 135.29, 178.85
428, 136.38, 179.69
429, 137.08, 179.91
430, 137.35, 179.35
431, 137.12, 178.15
432, 136.51, 176.44
433, 135.63, 174.61
434, 134.52, 172.85
435, 133.28, 171.17
436, 131.83, 169.57
437, 130.25, 168.05
438, 128.51, 166.44
439, 126.72, 164.76
440, 124.95, 162.92
441, 123.31, 161.04
442, 121.86, 159.18
443, 120.58, 157.39
444, 119.47, 155.71
445, 118.51, 154.47
446, 117.83, 153.75
447, 117.46, 153.58
448, 117.52, 154.04
449, 117.95, 155.05
450, 118.68, 156.58
451, 119.72, 158.43
452, 120.98, 160.46
453, 122.54, 162.52
454, 124.28, 164.51
455, 126.13, 166.52
456, 128.11, 168.52
457, 130.16, 170.53
458, 132.07, 172.48
459, 133.70, 174.29
460, 134.96, 175.90
461, 135.96, 177.26
462, 136.74, 178.09
463, 137.17, 178.37
464, 137.23, 178.12
465, 136.89, 177.35
466, 136.25, 176.18
467, 135.42, 174.63
468, 134.36, 172.85
469, 133.13, 170.97
470, 131.65, 168.96
471, 130.00, 166.89
472, 128.26, 164.77
473, 126.51, 162.73
474, 124.85, 160.83
475, 123.37, 159.13
476, 122.13, 157.67
477, 121.14, 156.29
478, 120.47, 154.95
479, 120.10, 153.65
480, 120.07, 152.78
481, 120.33, 152.44
482, 120.81, 152.81
483, 121.45, 153.76
484, 122.19, 155.31
485, 123.09, 157.31
486, 124.13, 159.60
487, 125.29, 161.97
488, 126.61, 164.28
489, 128.07, 166.52
490, 129.54, 168.66
491, 130.91, 170.65
492, 132.08, 172.57
493, 133.09, 174.41
494, 133.93, 176.00
495, 134.69, 177.25
496, 135.37, 178.11
497, 135.83, 178.41
498, 136.03, 178.19
499, 135.95, 177.35
500, 135.52, 176.07
501, 134.80, 174.47
502, 133.71, 172.71
503, 132.38, 170.92
504, 130.89, 169.16
505, 129.47, 167.50
506, 128.25, 166.21
507, 127.40, 165.34
508, 126.93, 164.93
509, 126.82, 164.97
510, 127.04, 165.37
511, 127.53, 166.11
512, 128.38, 167.08
513, 129.52, 168.18
514, 130.88, 169.53
515, 132.29, 171.09
516, 133.65, 172.88
517, 134.84, 174.75
518, 135.81, 176.60
519, 136.56, 178.30
520, 137.10, 179.77
521, 137.48, 180.92
522, 137.83, 181.75
523, 138.18, 182.30
524, 138.56, 182.59
525, 138.91, 182.66
526, 139.22, 182.57
527, 139.47, 182.37
528, 139.68, 182.11
529, 139.84, 181.78
530, 139.97, 181.42
531, 140.05, 181.06
532, 140.06, 180.74
533, 139.98, 180.55
534, 139.84, 180.52
535, 139.69, 180.62
536, 139.55, 180.80
537, 139.39, 181.00
538, 139.22, 181.14
539, 139.09, 181.20
540, 139.02, 181.18
541, 139.02, 181.13
542, 139.16, 181.08
543, 139.42, 180.98
544, 139.79, 180.83
545, 140.22, 180.63
546, 140.67, 180.51
547, 141.04, 180.51
548, 141.27, 180.56
549, 141.35, 180.60
550, 141.28, 180.60
551, 141.12, 180.51
552, 140.84, 180.35
553, 140.46, 180.13
554, 140.17, 179.90
555, 140.04, 179.70
556, 140.00, 179.44
557, 139.97, 179.11
558, 139.90, 178.77
559, 139.85, 178.46
560, 139.86, 178.22
561, 139.79, 178.04
562, 139.60, 177.91
563, 139.28, 177.88
564, 138.93, 177.94
565, 138.61, 178.05
566, 138.41, 178.14
567, 138.32, 178.20
568, 138.35, 178.10
569, 138.41, 177.82
570, 138.45, 177.47
571, 138.51, 177.15
572, 138.61, 176.92
573, 138.75, 176.68
574, 138.94, 176.41
575, 139.17, 176.09
576, 139.41, 175.76
577, 139.61, 175.43
578, 139.78, 175.07
579, 139.91, 174.68
580, 140.00, 174.29
581, 140.04, 173.93
582, 140.03, 173.66
583, 139.96, 173.48
584, 139.87, 173.37
585, 139.75, 173.47
586, 139.71, 173.76
587, 139.77, 174.22
588, 139.82, 174.76
589, 139.81, 175.31
590, 139.71, 175.92
591, 139.60, 176.58
592, 139.51, 177.14
593, 139.35, 177.54
594, 139.07, 177.74
595, 138.65, 177.74
596, 138.22, 177.56
597, 137.83, 177.30
598, 137.61, 177.02
599, 137.59, 176.77
600, 137.76, 176.63
601, 137.89, 176.62
602, 137.90, 176.69
603, 137.84, 176.78
604, 137.76, 176.86
605, 137.72, 176.97
606, 137.76, 177.13
607, 137.88, 177.37
608, 138.16, 177.67
609, 138.57, 177.92
610, 139.10, 178.08
611, 139.62, 178.14
612, 140.09, 178.15
613, 140.39, 178.13
614, 140.51, 178.01
615, 140.51, 177.76
616, 140.46, 177.39
617, 140.40, 176.99
618, 140.25, 176.64
619, 140.02, 176.36
620, 139.72, 176.14
621, 139.41, 175.98
622, 139.11, 175.87
623, 138.87, 175.80
624, 138.70, 175.76
625, 138.54, 175.75
626, 138.37, 175.75
627, 138.18, 175.79
628, 138.01, 175.87
629, 137.88, 176.10
630, 137.84, 176.46
631, 137.91, 176.96
632, 138.07, 177.47
633, 138.28, 177.94
634, 138.52, 178.27
635, 138.74, 178.46
636, 138.93, 178.52
637, 139.06, 178.47
638, 139.17, 178.37
639, 139.29, 178.27
640, 139.40, 178.22
641, 139.52, 178.22
642, 139.65, 178.26
643, 139.80, 178.33
644, 139.97, 178.42
645, 140.15, 178.51
646, 140.31, 178.65
647, 140.47, 178.85
648, 140.60, 179.11
649, 140.72, 179.39
650, 140.79, 179.67
651, 140.81, 179.91
652, 140.76, 180.10
653, 140.64, 180.22
654, 140.46, 180.30
655, 140.27, 180.34
656, 140.06, 180.37
657, 139.91, 180.42
658, 139.84, 180.48
659, 139.85, 180.58
660, 139.81, 180.71
661, 139.69, 180.79
662, 139.54, 180.79
663, 139.42, 180.75
664, 139.37, 180.71
665, 139.39, 180.69
666, 139.48, 180.65
667, 139.68, 180.55
668, 139.96, 180.32
669, 140.33, 179.97
670, 140.65, 179.51
671, 140.88, 179.06
672, 141.04, 178.65
673, 141.18, 178.28
674, 141.30, 177.93
675, 141.38, 177.58
676, 141.41, 177.19
677, 141.42, 176.78
678, 141.40, 176.45
679, 141.33, 176.25
680, 141.23, 176.20
681, 141.09, 176.21
682, 140.97, 176.23
683, 140.87, 176.26
684, 140.86, 176.31
685, 140.94, 176.40
686, 141.10, 176.54
687, 141.32, 176.72
688, 141.56, 176.86
689, 141.89, 176.93
690, 142.30, 176.91
691, 142.78, 176.81
692, 143.24, 176.64
693, 143.63, 176.49
694, 143.87, 176.38
695, 143.96, 176.34
696, 143.92, 176.34
697, 143.82, 176.38
698, 143.69, 176.47
699, 143.54, 176.60
700, 143.36, 176.77
701, 143.11, 176.95
702, 142.79, 177.13
703, 142.42, 177.33
704, 142.04, 177.55
705, 141.65, 177.73
706, 141.22, 177.84
707, 140.73, 177.87
708, 140.18, 177.77
709, 139.69, 177.53
710, 139.27, 177.18
711, 139.02, 176.76
712, 138.93, 176.40
713, 138.97, 176.14
714, 139.11, 176.01
715, 139.31, 176.10
716, 139.59, 176.41
717, 139.94, 176.85
718, 140.36, 177.31
719, 140.70, 177.72
720, 140.95, 178.00
721, 141.10, 178.13
722, 141.19, 178.11
723, 141.24, 177.98
724, 141.29, 177.78
725, 141.35, 177.60
726, 141.40, 177.47
727, 141.42, 177.41
728, 141.31, 177.39
729, 141.06, 177.42
730, 140.66, 177.38
731, 140.35, 177.27
732, 140.19, 177.10
733, 140.23, 176.91
734, 140.41, 176.73
735, 140.67, 176.58
736, 140.87, 176.49
737, 140.97, 176.43
738, 140.90, 176.38
739, 140.71, 176.45
740, 140.44, 176.68
741, 140.08, 177.07
742, 139.69, 177.45
743, 139.27, 177.75
744, 138.85, 177.91
745, 138.46, 177.98
746, 138.13, 177.97
747, 137.88, 177.95
748, 137.80, 177.91
749, 137.87, 177.95
750, 138.08, 178.06
751, 138.42, 178.24
752, 138.83, 178.35
753, 139.21, 178.36
754, 139.50, 178.35
755, 139.68, 178.37
756, 139.88, 178.47
757, 140.13, 178.58
758, 140.43, 178.64
759, 140.74, 178.71
760, 140.97, 178.80
761, 141.11, 178.92
762, 141.14, 179.02
763, 141.16, 179.05
764, 141.19, 179.10
765, 141.26, 179.20
766, 141.34, 179.28
767, 141.44, 179.31
768, 141.45, 179.26
769, 141.37, 179.32
770, 141.27, 179.53
771, 141.20, 179.79
772, 141.19, 179.99
773, 141.17, 180.08
774, 141.13, 180.19
775, 141.09, 180.36
776, 141.08, 180.49
777, 141.13, 180.52
778, 141.15, 180.40
779, 141.13, 180.24
780, 141.09, 180.09
781, 141.04, 179.93
782, 141.00, 179.74
783, 140.97, 179.51
784, 140.96, 179.30
785, 140.97, 179.12
786, 141.03, 178.96
787, 141.09, 178.81
788, 141.14, 178.69
789, 141.17, 178.61
790, 141.16, 178.57
791, 141.10, 178.68
792, 141.05, 178.93
793, 141.04, 179.24
794, 141.09, 179.54
795, 141.14, 179.78
796, 141.18, 179.95
797, 141.23, 180.08
798, 141.29, 180.16
799, 141.37, 180.21
800, 141.46, 180.24
801, 141.55, 180.27
802, 141.54, 180.32
803, 141.39, 180.41
804, 141.10, 180.55
805, 140.84, 180.73
806, 140.67, 180.86
807, 140.67, 180.94
808, 140.83, 180.86
809, 141.10, 180.64
810, 141.35, 180.29
811, 141.55, 180.06
812, 141.69, 179.99
813, 141.81, 180.11
814, 141.90, 180.30
815, 141.97, 180.49
816, 142.04, 180.66
817, 142.14, 180.82
818, 142.17, 180.98
819, 142.11, 181.20
820, 141.96, 181.48
821, 141.83, 181.81
822, 141.76, 181.97
823, 141.75, 181.91
824, 141.77, 181.61
825, 141.80, 181.15
826, 141.83, 180.60
827, 141.86, 180.14
828, 141.94, 179.80
829, 142.08, 179.63
830, 142.28, 179.59
831, 142.46, 179.63
832, 142.59, 179.73
833, 142.62, 179.87
834, 142.57, 179.98
835, 142.45, 180.03
836, 142.31, 180.00
837, 142.19, 179.91
838, 142.04, 179.75
839, 141.85, 179.58
840, 141.62, 179.41
841, 141.45, 179.24
842, 141.38, 179.07
843, 141.30, 178.90
844, 141.18, 178.81
845, 141.06, 178.82
846, 140.99, 178.89
847, 140.99, 178.98
848, 140.94, 179.03
849, 140.80, 179.10
850, 140.60, 179.18
851, 140.41, 179.26
852, 140.25, 179.31
853, 140.15, 179.33
854, 140.12, 179.32
855, 140.06, 179.30
856, 139.95, 179.30
857, 139.76, 179.32
858, 139.54, 179.37
859, 139.31, 179.44
860, 139.12, 179.52
861, 139.01, 179.68
862, 138.99, 179.93
863, 139.03, 180.27
864, 139.11, 180.65
865, 139.26, 181.05
866, 139.49, 181.38
867, 139.79, 181.61
868, 140.14, 181.82
869, 140.52, 182.05
870, 140.87, 182.31
871, 141.15, 182.45
872, 141.34, 182.43
873, 141.40, 182.32
874, 141.34, 182.18
875, 141.20, 182.07
876, 141.02, 182.02
877, 140.85, 182.02
878, 140.68, 182.13
879, 140.52, 182.33
880, 140.36, 182.62
881, 140.18, 182.81
882, 140.08, 182.86
883, 140.07, 182.85
884, 140.16, 182.85
885, 140.25, 182.91
886, 140.28, 182.96
887, 140.24, 182.97
888, 140.14, 182.95
889, 140.01, 182.93
890, 139.94, 182.84
891, 139.97, 182.66
892, 140.04, 182.39
893, 140.12, 182.11
894, 140.16, 181.83
895, 140.16, 181.59
896, 140.11, 181.40
897, 140.01, 181.24
898, 139.89, 181.17
899, 139.76, 181.19
900, 139.60, 181.27
901, 139.42, 181.38
902, 139.29, 181.50
903, 139.26, 181.57
904, 139.35, 181.61
905, 139.54, 181.61
906, 139.81, 181.57
907, 140.06, 181.51
908, 140.26, 181.45
909, 140.36, 181.37
910, 140.37, 181.41
911, 140.30, 181.58
912, 140.22, 181.87
913, 140.13, 182.25
914, 140.09, 182.66
915, 140.09, 182.97
916, 140.15, 183.13
917, 140.20, 183.21
918, 140.24, 183.27
919, 140.21, 183.35
920, 140.09, 183.47
921, 139.90, 183.62
922, 139.71, 183.74
923, 139.57, 183.82
924, 139.50, 183.83
925, 139.47, 183.84
926, 139.48, 183.89
927, 139.49, 184.03
928, 139.48, 184.27
929, 139.42, 184.58
930, 139.32, 184.82
931, 139.15, 184.94
932, 138.93, 184.92
933, 138.67, 184.81
934, 138.51, 184.63
935, 138.48, 184.56
936, 138.48, 184.62
937, 138.46, 184.76
938, 138.36, 184.92
939, 138.30, 185.03
940, 138.31, 185.13
941, 138.41, 185.24
942, 138.56, 185.27
943, 138.75, 185.22
944, 138.84, 185.03
945, 138.80, 184.75
946, 138.71, 184.41
947, 138.61, 184.10
948, 138.57, 183.84
949, 138.54, 183.57
950, 138.50, 183.24
951, 138.52, 182.83
952, 138.64, 182.45
953, 138.84, 182.13
954, 139.07, 181.96
955, 139.30, 181.91
956, 139.55, 182.00
957, 139.82, 182.14
958, 140.14, 182.29
959, 140.43, 182.47
960, 140.68, 182.66
961, 140.89, 182.86
962, 141.09, 182.99
963, 141.31, 183.01
964, 141.53, 182.86
965, 141.77, 182.58
966, 141.95, 182.19
967, 142.05, 181.83
968, 142.04, 181.54
969, 141.94, 181.45
970, 141.76, 181.53
971, 141.57, 181.69
972, 141.39, 181.86
973, 141.25, 181.99
974, 141.13, 182.08
975, 141.04, 182.14
976, 140.93, 182.12
977, 140.77, 182.02
978, 140.56, 181.84
979, 140.33, 181.72
980, 140.10, 181.71
981, 139.96, 181.77
982, 139.93, 181.85
983, 139.92, 181.92
984, 139.86, 182.05
985, 139.71, 182.25
986, 139.50, 182.41
987, 139.22, 182.46
988, 138.97, 182.37
989, 138.76, 182.20
990, 138.63, 182.00
991, 138.56, 181.81
992, 138.53, 181.64
993, 138.57, 181.48
994, 138.65, 181.34
995, 138.78, 181.23
996, 138.94, 181.24
997, 139.11, 181.40
998, 139.30, 181.68
999, 139.51, 182.01
1000, 139.74, 182.35
1001, 139.97, 182.62
1002, 140.18, 182.80
1003, 140.38, 182.65
1004, 140.54, 182.15
1005, 140.53, 181.30
1006, 140.30, 180.30
1007, 139.86, 179.24
1008, 139.21, 178.06
1009, 138.41, 176.78
1010, 137.32, 175.41
1011, 135.99, 173.84
1012, 134.47, 172.11
1013, 132.87, 170.30
1014, 131.29, 168.56
1015, 129.77, 166.99
1016, 128.35, 165.33
1017, 126.78, 163.55
1018, 125.03, 161.44
1019, 123.11, 159.13
1020, 121.23, 156.78
1021, 119.49, 154.57
1022, 118.12, 152.61
1023, 117.13, 150.97
1024, 116.54, 149.65
1025, 116.26, 148.69
1026, 116.21, 148.05
1027, 116.24, 147.72
1028, 116.29, 147.63
1029, 116.31, 147.73
1030, 116.31, 148.01
1031, 116.29, 148.40
1032, 116.18, 148.87
1033, 115.98, 149.26
1034, 115.67, 149.51
1035, 115.42, 149.69
1036, 115.28, 149.85
1037, 115.19, 150.02
1038, 115.11, 150.17
1039, 114.99, 150.27
1040, 114.85, 150.41
1041, 114.71, 150.61
1042, 114.63, 150.87
1043, 114.61, 151.17
1044, 114.68, 151.48
1045, 114.85, 151.62
1046, 115.11, 151.55
1047, 115.37, 151.44
1048, 115.57, 151.41
1049, 115.65, 151.53
1050, 115.64, 151.55
1051, 115.54, 151.42
1052, 115.33, 151.20
1053, 115.04, 150.98
1054, 114.67, 150.83
1055, 114.27, 150.62
1056, 113.86, 150.34
1057, 113.51, 149.99
1058, 113.22, 149.62
1059, 113.03, 149.28
1060, 112.94, 148.81
1061, 112.93, 148.20
1062, 112.95, 147.57
1063, 112.99, 147.04
1064, 112.96, 146.66
1065, 112.86, 146.38
1066, 112.69, 146.18
1067, 112.67, 145.85
1068, 112.85, 145.34
1069, 113.14, 144.65
1070, 113.44, 143.86
1071, 113.68, 143.04
1072, 113.85, 142.26
1073, 113.93, 141.53
1074, 113.88, 140.89
1075, 113.72, 140.34
1076, 113.46, 139.88
1077, 113.18, 139.46
1078, 112.90, 139.06
1079, 112.71, 138.61
1080, 112.62, 138.14
1081, 112.63, 137.63
1082, 112.71, 137.36
1083, 112.84, 137.35
1084, 112.99, 137.60
1085, 113.15, 137.98
1086, 113.28, 138.41
1087, 113.37, 138.77
1088, 113.41, 139.02
1089, 113.45, 139.06
1090, 113.49, 138.91
1091, 113.46, 138.60
1092, 113.35, 138.27
1093, 113.15, 137.98
1094, 112.84, 137.83
1095, 112.45, 137.82
1096, 112.15, 137.93
1097, 112.01, 137.95
1098, 112.07, 137.84
1099, 112.27, 137.72
1100, 112.56, 137.67
1101, 112.94, 137.71
1102, 113.40, 137.78
1103, 113.92, 137.84
1104, 114.39, 137.97
1105, 114.78, 138.18
1106, 115.14, 138.43
1107, 115.51, 138.66
1108, 115.80, 138.84
1109, 115.95, 139.03
1110, 115.96, 139.24
1111, 115.83, 139.40
1112, 115.60, 139.48
1113, 115.33, 139.45
1114, 115.06, 139.47
1115, 114.81, 139.56
1116, 114.54, 139.80
1117, 114.24, 140.18
1118, 113.99, 140.64
1119, 113.83, 141.14
1120, 113.78, 141.65
1121, 113.78, 142.24
1122, 113.81, 142.90
1123, 113.87, 143.62
1124, 113.95, 144.31
1125, 114.07, 144.94
1126, 114.17, 145.52
1127, 114.25, 146.04
1128, 114.27, 146.52
1129, 114.22, 146.93
1130, 114.12, 147.27
1131, 114.00, 147.52
1132, 113.85, 147.69
1133, 113.76, 147.85
1134, 113.74, 148.03
1135, 113.79, 148.27
1136, 114.02, 148.44
1137, 114.44, 148.53
1138, 114.95, 148.62
1139, 115.45, 148.75
1140, 115.89, 148.97
1141, 116.26, 149.20
1142, 116.55, 149.42
1143, 116.78, 149.55
1144, 116.96, 149.58
1145, 116.89, 149.52
1146, 116.58, 149.24
1147, 116.00, 148.74
1148, 115.38, 148.05
1149, 114.82, 147.28
1150, 114.31, 146.60
1151, 113.81, 146.05
1152, 113.31, 145.66
1153, 113.10, 145.46
1154, 113.25, 145.42
1155, 113.57, 145.49
1156, 113.92, 145.58
1157, 114.17, 145.67
1158, 114.36, 145.84
1159, 114.51, 146.08
1160, 114.67, 146.38
1161, 114.84, 146.69
1162, 115.03, 146.97
1163, 115.04, 147.23
1164, 114.87, 147.45
1165, 114.51, 147.58
1166, 114.06, 147.61
1167, 113.58, 147.55
1168, 113.13, 147.48
1169, 112.75, 147.43
1170, 112.43, 147.42
1171, 112.19, 147.45
1172, 111.99, 147.50
1173, 111.80, 147.45
1174, 111.63, 147.29
1175, 111.53, 147.08
1176, 111.51, 146.89
1177, 111.47, 146.84
1178, 111.36, 146.94
1179, 111.16, 147.17
1180, 111.15, 147.42
1181, 111.38, 147.66
1182, 111.87, 147.93
1183, 112.50, 148.24
1184, 113.19, 148.61
1185, 113.92, 148.99
1186, 114.68, 149.37
1187, 115.39, 149.69
1188, 116.00, 149.95
1189, 116.49, 150.13
1190, 116.88, 150.25
1191, 117.20, 150.32
1192, 117.33, 150.46
1193, 117.26, 150.70
1194, 116.98, 151.04
1195, 116.55, 151.38
1196, 116.02, 151.68
1197, 115.45, 151.88
1198, 114.92, 151.99
1199, 114.57, 152.01
1200, 114.44, 152.05
1201, 114.54, 152.15
1202, 114.72, 152.23
1203, 114.90, 152.26
1204, 114.98, 152.25
1205, 114.95, 152.21
1206, 114.83, 152.17
1207, 114.62, 152.11
1208, 114.35, 152.02
1209, 114.11, 151.74
1210, 113.95, 151.27
1211, 113.90, 150.60
1212, 113.92, 150.07
1213, 113.99, 149.79
1214, 114.09, 149.66
1215, 114.21, 149.56
1216, 114.34, 149.41
1217, 114.33, 149.33
1218, 114.16, 149.37
1219, 113.87, 149.56
1220, 113.54, 149.86
1221, 113.23, 150.25
1222, 112.89, 150.66
1223, 112.53, 151.08
1224, 112.16, 151.52
1225, 111.83, 152.00
1226, 111.56, 152.49
1227, 111.33, 152.99
1228, 111.16, 153.50
1229, 111.11, 153.85
1230, 111.19, 154.01
1231, 111.37, 153.93
1232, 111.59, 153.69
1233, 111.83, 153.31
1234, 112.05, 152.93
1235, 112.26, 152.58
1236, 112.47, 152.34
1237, 112.69, 152.19
1238, 112.91, 152.12
1239, 113.24, 152.18
1240, 113.66, 152.34
1241, 114.22, 152.52
1242, 114.85, 152.66
1243, 115.52, 152.72
1244, 116.11, 152.72
1245, 116.61, 152.68
1246, 116.92, 152.57
1247, 117.07, 152.38
1248, 117.06, 152.12
1249, 116.94, 151.87
1250, 116.75, 151.68
1251, 116.53, 151.57
1252, 116.29, 151.51
1253, 116.06, 151.49
1254, 115.78, 151.51
1255, 115.47, 151.55
1256, 114.98, 151.57
1257, 114.33, 151.57
1258, 113.54, 151.41
1259, 112.82, 151.07
1260, 112.26, 150.56
1261, 111.75, 150.10
1262, 111.22, 149.75
1263, 110.78, 149.71
1264, 110.51, 149.95
1265, 110.45, 150.44
1266, 110.55, 150.90
1267, 110.75, 151.21
1268, 111.06, 151.39
1269, 111.47, 151.51
1270, 111.94, 151.62
1271, 112.40, 151.74
1272, 112.83, 151.88
1273, 113.22, 152.04
1274, 113.57, 152.20
1275, 113.90, 152.36
1276, 114.13, 152.53
1277, 114.26, 152.71
1278, 114.26, 152.86
1279, 114.15, 152.94
1280, 113.95, 153.00
1281, 113.77, 153.07
1282, 113.63, 153.17
1283, 113.46, 153.26
1284, 113.26, 153.32
1285, 113.00, 153.34
1286, 112.76, 153.34
1287, 112.58, 153.32
1288, 112.53, 153.19
1289, 112.60, 152.92
1290, 112.77, 152.58
1291, 113.02, 152.23
1292, 113.29, 151.91
1293, 113.61, 151.59
1294, 113.94, 151.26
1295, 114.23, 150.98
1296, 114.45, 150.80
1297, 114.58, 150.74
1298, 114.55, 150.82
1299, 114.39, 151.01
1300, 114.09, 151.34
1301, 113.72, 151.75
1302, 113.31, 152.21
1303, 112.99, 152.63
1304, 112.77, 152.97
1305, 112.68, 153.24
1306, 112.69, 153.45
1307, 112.77, 153.58
1308, 112.86, 153.61
1309, 112.95, 153.54
1310, 112.99, 153.42
1311, 112.97, 153.25
1312, 112.91, 153.12
1313, 112.79, 153.05
1314, 112.63, 153.05
1315, 112.48, 153.00
1316, 112.37, 152.85
1317, 112.33, 152.70
1318, 112.32, 152.62
1319, 112.30, 152.63
1320, 112.35, 152.74
1321, 112.49, 152.92
1322, 112.67, 153.16
1323, 112.84, 153.43
1324, 112.96, 153.70
1325, 113.14, 153.80
1326, 113.37, 153.69
1327, 113.70, 153.45
1328, 114.09, 153.16
1329, 114.53, 152.89
1330, 114.85, 152.60
1331, 115.04, 152.29
1332, 115.06, 152.00
1333, 114.96, 151.77
1334, 114.79, 151.63
1335, 114.57, 151.54
1336, 114.34, 151.51
1337, 113.94, 151.56
1338, 113.37, 151.70
1339, 112.63, 151.79
1340, 111.87, 151.77
1341, 111.15, 151.61
1342, 110.69, 151.46
1343, 110.52, 151.39
1344, 110.64, 151.45
1345, 110.88, 151.62
1346, 111.15, 151.86
1347, 111.40, 151.98
1348, 111.66, 151.94
1349, 111.91, 151.64
1350, 112.22, 151.16
1351, 112.60, 150.55
1352, 112.94, 149.90
1353, 113.19, 149.28
1354, 113.32, 148.78
1355, 113.38, 148.41
1356, 113.41, 148.18
1357, 113.40, 148.04
1358, 113.38, 147.95
1359, 113.29, 147.97
1360, 113.13, 148.11
1361, 112.90, 148.33
1362, 112.67, 148.59
1363, 112.46, 148.85
1364, 112.31, 149.09
1365, 112.23, 149.31
1366, 112.22, 149.52
1367, 112.25, 149.74
1368, 112.31, 149.96
1369, 112.36, 150.22
1370, 112.40, 150.53
1371, 112.40, 150.90
1372, 112.30, 151.32
1373, 112.09, 151.75
1374, 111.78, 152.09
1375, 111.41, 152.32
1376, 111.00, 152.46
1377, 110.65, 152.56
1378, 110.38, 152.65
1379, 110.22, 152.68
1380, 110.18, 152.64
1381, 110.23, 152.52
1382, 110.23, 152.33
1383, 110.13, 152.09
1384, 109.89, 151.75
1385, 109.67, 151.34
1386, 109.53, 150.88
1387, 109.55, 150.50
1388, 109.67, 150.27
1389, 109.88, 150.22
1390, 110.07, 150.33
1391, 110.18, 150.54
1392, 110.24, 150.66
1393, 110.31, 150.63
1394, 110.39, 150.36
1395, 110.55, 149.92
1396, 110.82, 149.34
1397, 111.12, 148.84
1398, 111.40, 148.48
1399, 111.63, 148.36
1400, 111.84, 148.45
1401, 112.04, 148.70
1402, 112.12, 148.97
1403, 112.06, 149.20
1404, 111.86, 149.38
1405, 111.54, 149.53
1406, 111.14, 149.55
1407, 110.87, 149.42
1408, 110.82, 149.16
1409, 110.95, 148.69
1410, 111.18, 148.06
1411, 111.43, 147.27
1412, 111.67, 146.39
1413, 111.87, 145.49
1414, 111.99, 144.73
1415, 112.03, 144.15
1416, 112.01, 143.69
1417, 111.93, 143.27
1418, 111.84, 142.86
1419, 111.75, 142.57
1420, 111.69, 142.45
1421, 111.66, 142.48
1422, 111.74, 142.59
1423, 111.93, 142.74
1424, 112.25, 142.92
1425, 112.67, 143.10
1426, 113.14, 143.30
1427, 113.59, 143.52
1428, 114.00, 143.75
1429, 114.34, 144.03
1430, 114.61, 144.36
1431, 114.82, 144.68
1432, 115.03, 144.95
1433, 115.26, 145.11
1434, 115.35, 145.18
1435, 115.26, 145.17
1436, 114.97, 144.96
1437, 114.56, 144.56
1438, 114.08, 144.17
1439, 113.60, 143.91
1440, 113.17, 143.83
1441, 112.86, 143.68
1442, 112.67, 143.38
1443, 112.62, 142.96
1444, 112.65, 142.52
1445, 112.74, 142.13
1446, 112.85, 141.80
1447, 112.95, 141.52
1448, 113.02, 141.17
1449, 113.07, 140.71
1450, 113.10, 140.14
1451, 113.09, 139.54
1452, 113.03, 138.97
1453, 112.94, 138.55
1454, 112.85, 138.29
1455, 112.79, 138.20
1456, 112.75, 138.16
1457, 112.74, 138.10
1458, 112.75, 138.00
1459, 112.74, 137.88
1460, 112.70, 137.56
1461, 112.64, 137.03
1462, 112.57, 136.28
1463, 112.48, 135.52
1464, 112.26, 134.86
1465, 111.90, 134.51
1466, 111.40, 134.48
1467, 110.86, 134.75
1468, 110.39, 135.25
1469, 110.00, 135.89
1470, 109.73, 136.59
1471, 109.64, 137.27
1472, 109.71, 137.90
1473, 109.97, 138.45
1474, 110.35, 138.92
1475, 110.81, 139.28
1476, 111.20, 139.53
1477, 111.46, 139.68
1478, 111.59, 139.82
1479, 111.64, 140.00
1480, 111.64, 140.10
1481, 111.65, 140.07
1482, 111.71, 139.94
1483, 111.74, 139.77
1484, 111.71, 139.61
1485, 111.60, 139.44
1486, 111.40, 139.26
1487, 111.15, 139.11
1488, 110.94, 139.03
1489, 110.81, 139.03
1490, 110.79, 139.13
1491, 110.72, 139.33
1492, 110.59, 139.61
1493, 110.35, 139.94
1494, 110.07, 140.28
1495, 109.78, 140.52
1496, 109.52, 140.66
1497, 109.32, 140.69
1498, 109.13, 140.66
1499, 108.95, 140.61
1500, 108.96, 140.53
1501, 109.20, 140.46
1502, 109.67, 140.30
1503, 110.18, 140.05
1504, 110.64, 139.71
1505, 110.95, 139.36
1506, 111.13, 139.02
1507, 111.20, 138.68
1508, 111.29, 138.33
1509, 111.44, 138.06
1510, 111.66, 137.92
1511, 111.90, 137.94
1512, 112.12, 138.06
1513, 112.33, 138.25
1514, 112.51, 138.50
1515, 112.63, 138.80
1516, 112.70, 139.12
1517, 112.71, 139.37
1518, 112.68, 139.51
1519, 112.62, 139.56
1520, 112.60, 139.55
1521, 112.63, 139.51
1522, 112.73, 139.48
1523, 112.89, 139.48
1524, 113.11, 139.45
1525, 113.28, 139.38
1526, 113.37, 139.25
1527, 113.33, 139.10
1528, 113.20, 138.94
1529, 112.98, 138.66
1530, 112.62, 138.27
1531, 112.12, 137.77
1532, 111.68, 137.22
1533, 111.41, 136.66
1534, 111.35, 136.18
1535, 111.51, 135.81
1536, 111.83, 135.69
1537, 112.23, 135.83
1538, 112.63, 136.20
1539, 112.98, 136.74
1540, 113.17, 137.39
1541, 113.19, 138.06
1542, 113.04, 138.70
1543, 112.77, 139.28
1544, 112.43, 139.91
1545, 112.22, 140.60
1546, 112.20, 141.73
1547, 112.47, 143.27
1548, 112.96, 145.19
1549, 113.63, 147.43
1550, 114.58, 149.86
1551, 115.75, 152.56
1552, 117.24, 155.40
1553, 118.90, 158.27
1554, 120.72, 161.10
1555, 122.56, 163.79
1556, 124.36, 166.32
1557, 126.11, 168.64
1558, 127.77, 170.72
1559, 129.35, 172.45
1560, 130.80, 173.83
1561, 132.09, 174.94
1562, 133.26, 175.84
1563, 134.30, 176.64
1564, 135.15, 177.36
1565, 135.78, 178.00
1566, 136.18, 178.55
1567, 136.45, 179.02
1568, 136.64, 179.40
1569, 136.82, 179.70
1570, 137.00, 179.92
1571, 137.17, 180.22
1572, 137.37, 180.62
1573, 137.58, 181.05
1574, 137.78, 181.44
1575, 137.94, 181.75
1576, 138.06, 181.89
1577, 138.14, 181.88
1578, 138.18, 181.69
1579, 138.26, 181.38
1580, 138.38, 180.98
1581, 138.55, 180.62
1582, 138.72, 180.34
1583, 138.87, 180.32
1584, 138.93, 180.54
1585, 138.89, 180.99
1586, 138.87, 181.44
1587, 138.92, 181.79
1588, 139.06, 182.08
1589, 139.13, 182.35
1590, 139.08, 182.67
1591, 138.99, 183.05
1592, 138.92, 183.48
1593, 138.94, 183.91
1594, 138.89, 184.32
1595, 138.76, 184.44
1596, 138.47, 184.20
1597, 138.05, 183.59
1598, 137.54, 182.55
1599, 136.89, 181.15
1600, 136.12, 179.25
1601, 135.12, 177.00
1602, 133.94, 174.51
1603, 132.64, 172.02
1604, 131.26, 169.67
1605, 129.89, 167.40
1606, 128.42, 165.23
1607, 126.90, 163.16
1608, 125.36, 161.22
1609, 123.83, 159.44
1610, 122.37, 157.67
1611, 121.06, 155.90
1612, 119.95, 154.21
1613, 118.99, 152.70
1614, 118.14, 151.45
1615, 117.38, 150.50
1616, 116.69, 149.83
1617, 116.08, 149.34
1618, 115.62, 148.97
1619, 115.33, 148.65
1620, 115.22, 148.61
1621, 115.15, 148.87
1622, 115.09, 149.33
1623, 114.98, 149.85
1624, 114.86, 150.32
1625, 114.72, 150.69
1626, 114.54, 150.94
1627, 114.30, 151.12
1628, 114.06, 151.26
1629, 113.86, 151.40
1630, 113.73, 151.48
1631, 113.60, 151.48
1632, 113.45, 151.38
1633, 113.30, 151.19
1634, 113.16, 150.94
1635, 113.05, 150.75
1636, 113.00, 150.63
1637, 113.01, 150.63
1638, 113.06, 150.70
1639, 113.15, 150.79
1640, 113.26, 150.88
1641, 113.40, 150.95
1642, 113.57, 150.97
1643, 113.80, 150.95
1644, 114.06, 150.88
1645, 114.40, 150.79
1646, 114.80, 150.68
1647, 115.26, 150.70
1648, 115.80, 150.88
1649, 116.42, 151.36
1650, 117.18, 152.09
1651, 118.04, 153.03
1652, 118.96, 154.21
1653, 120.03, 155.60
1654, 121.23, 157.39
1655, 122.63, 159.50
1656, 124.12, 161.87
1657, 125.64, 164.26
1658, 127.18, 166.52
1659, 128.69, 168.61
1660, 130.14, 170.49
1661, 131.46, 172.16
1662, 132.64, 173.70
1663, 133.69, 175.11
1664, 134.64, 176.34
1665, 135.53, 177.33
1666, 136.37, 178.11
1667, 137.15, 178.73
1668, 137.91, 179.23
1669, 138.63, 179.71
1670, 139.20, 180.18
1671, 139.60, 180.60
1672, 139.79, 180.95
1673, 139.83, 181.19
1674, 139.76, 181.44
1675, 139.56, 181.70
1676, 139.26, 181.98
1677, 138.95, 182.25
1678, 138.70, 182.48
1679, 138.54, 182.66
1680, 138.40, 182.81
1681, 138.25, 182.95
1682, 138.06, 183.09
1683, 137.82, 183.24
1684, 137.56, 183.33
1685, 137.32, 183.35
1686, 137.12, 183.37
1687, 137.08, 183.43
1688, 137.21, 183.56
1689, 137.50, 183.62
1690, 137.79, 183.57
1691, 138.00, 183.49
1692, 138.12, 183.41
1693, 138.19, 183.34
1694, 138.22, 183.24
1695, 138.37, 183.10
1696, 138.65, 182.87
1697, 138.92, 182.54
1698, 139.09, 181.83
1699, 139.10, 180.73
1700, 138.77, 179.29
1701, 138.13, 177.59
1702, 137.14, 175.77
1703, 135.93, 173.81
1704, 134.53, 171.80
1705, 133.02, 169.82
1706, 131.48, 167.93
1707, 129.90, 166.20
1708, 128.31, 164.63
1709, 126.59, 163.24
1710, 124.80, 162.04
1711, 122.96, 160.61
1712, 121.30, 158.88
1713, 119.91, 156.92
1714, 118.86, 154.97
1715, 118.12, 153.17
1716, 117.64, 151.64
1717, 117.28, 150.40
1718, 116.95, 149.56
1719, 116.62, 149.10
1720, 116.30, 148.93
1721, 116.01, 148.95
1722, 115.75, 149.08
1723, 115.53, 149.37
1724, 115.29, 149.83
1725, 115.03, 150.34
1726, 114.74, 150.83
1727, 114.44, 151.24
1728, 114.15, 151.56
1729, 113.89, 151.82
1730, 113.66, 152.00
1731, 113.62, 152.13
1732, 113.81, 152.22
1733, 114.21, 152.29
1734, 114.62, 152.37
1735, 114.93, 152.37
1736, 115.08, 152.29
1737, 115.09, 152.11
1738, 114.98, 151.90
1739, 114.90, 151.69
1740, 114.91, 151.51
1741, 115.00, 151.35
1742, 115.13, 151.20
1743, 115.27, 151.04
1744, 115.45, 150.87
1745, 115.70, 150.79
1746, 115.91, 150.81
1747, 116.05, 150.86
1748, 116.09, 150.89
1749, 116.20, 150.86
1750, 116.41, 151.04
1751, 116.88, 151.47
1752, 117.58, 152.41
1753, 118.46, 153.78
1754, 119.49, 155.51
1755, 120.58, 157.43
1756, 121.82, 159.43
1757, 123.17, 161.56
1758, 124.59, 163.74
1759, 126.03, 165.92
1760, 127.44, 168.15
1761, 128.86, 170.37
1762, 130.25, 172.39
1763, 131.61, 174.08
1764, 132.89, 175.36
1765, 134.06, 176.27
1766, 135.04, 176.86
1767, 135.81, 177.30
1768, 136.43, 177.69
1769, 136.97, 178.05
1770, 137.45, 178.38
1771, 137.90, 178.64
1772, 138.31, 178.86
1773, 138.61, 179.07
1774, 138.78, 179.29
1775, 138.80, 179.53
1776, 138.77, 179.77
1777, 138.73, 179.92
1778, 138.72, 179.97
1779, 138.73, 179.95
1780, 138.75, 179.91
1781, 138.78, 179.89
1782, 138.81, 179.93
1783, 138.84, 180.05
1784, 138.87, 180.18
1785, 138.90, 180.29
1786, 138.93, 180.35
1787, 138.95, 180.45
1788, 138.94, 180.62
1789, 138.90, 180.87
1790, 138.82, 181.15
1791, 138.77, 181.45
1792, 138.78, 181.72
1793, 138.88, 181.93
1794, 139.05, 182.09
1795, 139.16, 182.19
1796, 139.18, 182.31
1797, 139.08, 182.45
1798, 138.95, 182.64
1799, 138.83, 182.52
1800, 138.60, 182.03
1801, 138.22, 181.02
1802, 137.67, 179.63
1803, 136.91, 177.98
1804, 135.96, 176.11
1805, 134.79, 174.10
1806, 133.49, 172.11
1807, 132.12, 170.25
1808, 130.70, 168.61
1809, 129.28, 167.03
1810, 127.74, 165.48
1811, 126.11, 163.75
1812, 124.43, 161.90
1813, 122.80, 159.97
1814, 121.29, 158.05
1815, 119.96, 156.24
1816, 118.81, 154.61
1817, 117.85, 153.21
1818, 117.11, 152.05
1819, 116.57, 151.16
1820, 116.19, 150.51
1821, 115.92, 150.09
1822, 115.74, 149.83
1823, 115.66, 149.77
1824, 115.65, 149.88
1825, 115.72, 150.12
1826, 115.84, 150.36
1827, 115.85, 150.55
1828, 115.72, 150.71
1829, 115.43, 150.86
1830, 115.23, 151.03
1831, 115.20, 151.12
1832, 115.27, 151.11
1833, 115.36, 151.09
1834, 115.41, 151.13
1835, 115.39, 151.26
1836, 115.32, 151.52
1837, 115.17, 151.91
1838, 114.96, 152.29
1839, 114.71, 152.59
1840, 114.42, 152.77
1841, 114.10, 152.91
1842, 113.92, 153.04
1843, 113.93, 153.10
1844, 114.16, 153.07
1845, 114.45, 152.94
1846, 114.71, 152.75
1847, 114.81, 152.52
1848, 114.73, 152.27
1849, 114.47, 152.04
1850, 114.37, 151.92
1851, 114.52, 151.95
1852, 115.00, 152.13
1853, 115.70, 152.66
1854, 116.63, 153.51
1855, 117.73, 154.83
1856, 118.94, 156.48
1857, 120.25, 158.36
1858, 121.60, 160.36
1859, 123.09, 162.35
1860, 124.70, 164.32
1861, 126.37, 166.19
1862, 128.01, 167.91
1863, 129.53, 169.53
1864, 130.97, 171.02
1865, 132.31, 172.39
1866, 133.56, 173.59
1867, 134.67, 174.62
1868, 135.62, 175.54
1869, 136.42, 176.39
1870, 137.06, 177.07
1871, 137.57, 177.54
1872, 137.94, 177.84
1873, 138.20, 178.04
1874, 138.41, 178.17
1875, 138.57, 178.26
1876, 138.70, 178.30
1877, 138.79, 178.42
1878, 138.82, 178.65
1879, 138.74, 178.98
1880, 138.57, 179.41
1881, 138.31, 179.88
1882, 138.00, 180.22
1883, 137.68, 180.37
1884, 137.42, 180.29
1885, 137.24, 180.17
1886, 137.21, 180.07
1887, 137.31, 179.97
1888, 137.53, 179.84
1889, 137.78, 179.65
1890, 138.04, 179.43
1891, 138.24, 179.19
1892, 138.39, 178.99
1893, 138.47, 178.84
1894, 138.63, 178.74
1895, 138.92, 178.77
1896, 139.36, 178.92
1897, 139.90, 179.16
1898, 140.50, 179.44
1899, 141.06, 179.64
1900, 141.52, 179.74
1901, 141.77, 179.71
1902, 141.79, 179.46
1903, 141.61, 179.01
1904, 141.15, 178.30
1905, 140.46, 177.39
1906, 139.50, 176.36
1907, 138.36, 175.09
1908, 137.11, 173.60
1909, 135.64, 171.86
1910, 133.99, 169.99
1911, 132.09, 168.09
1912, 130.05, 166.12
1913, 127.98, 164.11
1914, 126.00, 161.95
1915, 124.18, 159.72
1916, 122.63, 157.48
1917, 121.38, 155.32
1918, 120.26, 153.32
1919, 119.23, 151.63
1920, 118.22, 150.31
1921, 117.29, 149.37
1922, 116.47, 148.74
1923, 115.75, 148.37
1924, 115.16, 148.33
1925, 114.68, 148.59
1926, 114.34, 149.06
1927, 114.12, 149.63
1928, 114.07, 150.21
1929, 114.16, 150.84
1930, 114.38, 151.52
1931, 114.59, 152.13
1932, 114.75, 152.61
1933, 114.90, 152.91
1934, 114.99, 153.04
1935, 115.05, 153.12
1936, 115.03, 153.18
1937, 114.99, 153.27
1938, 114.95, 153.42
1939, 114.92, 153.64
1940, 114.88, 153.87
1941, 114.82, 154.06
1942, 114.73, 154.19
1943, 114.63, 154.33
1944, 114.53, 154.48
1945, 114.43, 154.62
1946, 114.33, 154.71
1947, 114.25, 154.74
1948, 114.18, 154.64
1949, 114.28, 154.41
1950, 114.57, 154.12
1951, 115.07, 153.84
1952, 115.66, 153.67
1953, 116.26, 153.64
1954, 116.96, 153.74
1955, 117.76, 154.07
1956, 118.66, 154.60
1957, 119.62, 155.56
1958, 120.62, 156.88
1959, 121.70, 158.51
1960, 122.86, 160.39
1961, 124.05, 162.43
1962, 125.28, 164.53
1963, 126.52, 166.56
1964, 127.81, 168.44
1965, 129.11, 170.21
1966, 130.40, 171.87
1967, 131.65, 173.36
1968, 132.84, 174.62
1969, 133.95, 175.64
1970, 134.94, 176.39
1971, 135.80, 176.92
1972, 136.55, 177.26
1973, 137.19, 177.47
1974, 137.68, 177.60
1975, 138.02, 177.65
1976, 138.20, 177.66
1977, 138.32, 177.73
1978, 138.41, 177.91
1979, 138.48, 178.11
1980, 138.51, 178.29
1981, 138.43, 178.40
1982, 138.23, 178.48
1983, 137.92, 178.56
1984, 137.57, 178.58
1985, 137.23, 178.53
1986, 136.87, 178.42
1987, 136.49, 178.35
1988, 136.09, 178.34
1989, 135.78, 178.32
1990, 135.59, 178.24
1991, 135.64, 178.06
1992, 135.90, 178.01
1993, 136.36, 178.15
1994, 136.90, 178.42
1995, 137.46, 178.74
1996, 138.02, 179.03
1997, 138.55, 179.23
1998, 139.06, 179.34
1999, 139.49, 179.39
2000, 139.83, 179.43
2001, 140.11, 179.49
2002, 140.34, 179.56
2003, 140.53, 179.64
2004, 140.67, 179.52
2005, 140.74, 179.18
2006, 140.46, 178.48
2007, 139.79, 177.50
2008, 138.72, 176.30
2009, 137.42, 174.91
2010, 136.00, 173.41
2011, 134.44, 171.66
2012, 132.80, 169.75
2013, 131.08, 167.73
2014, 129.36, 165.77
2015, 127.71, 163.96
2016, 126.30, 162.67
2017, 125.19, 161.96
2018, 124.56, 161.84
2019, 124.38, 162.29
2020, 124.61, 163.21
2021, 125.28, 164.51
2022, 126.29, 166.02
2023, 127.59, 167.62
2024, 129.05, 169.10
2025, 130.55, 170.39
2026, 131.98, 171.35
2027, 133.26, 172.00
2028, 134.17, 172.23
2029, 134.67, 172.12
2030, 134.78, 171.71
2031, 134.47, 170.91
2032, 133.81, 169.76
2033, 132.66, 168.28
2034, 131.13, 166.61
2035, 129.30, 164.87
2036, 127.44, 163.15
2037, 125.70, 161.52
2038, 124.31, 160.38
2039, 123.30, 159.82
2040, 122.82, 159.86
2041, 122.80, 160.43
2042, 123.17, 161.39
2043, 123.96, 162.74
2044, 125.07, 164.34
2045, 126.46, 166.09
2046, 127.99, 167.84
2047, 129.54, 169.50
2048, 130.89, 170.91
2049, 131.96, 172.01
2050, 132.61, 172.78
2051, 132.87, 173.09
2052, 132.79, 172.97
2053, 132.35, 172.30
2054, 131.61, 171.20
2055, 130.46, 169.72
2056, 129.02, 168.03
2057, 127.37, 166.26
2058, 125.79, 164.52
2059, 124.42, 162.90
2060, 123.46, 161.64
2061, 122.91, 160.79
2062, 122.74, 160.36
2063, 122.96, 160.50
2064, 123.49, 161.14
2065, 124.37, 162.33
2066, 125.50, 163.90
2067, 126.80, 165.69
2068, 128.20, 167.51
2069, 129.63, 169.20
2070, 130.86, 170.65
2071, 131.81, 171.81
2072, 132.38, 172.69
2073, 132.63, 173.14
2074, 132.61, 173.16
2075, 132.35, 172.66
2076, 131.90, 171.76
2077, 131.17, 170.55
2078, 130.20, 168.98
2079, 129.02, 167.13
2080, 127.74, 165.13
2081, 126.44, 163.16
2082, 125.35, 161.64
2083, 124.54, 160.66
2084, 124.05, 160.26
2085, 123.97, 160.50
2086, 124.26, 161.28
2087, 124.96, 162.64
2088, 125.95, 164.40
2089, 127.12, 166.42
2090, 128.42, 168.31
2091, 129.76, 169.94
2092, 130.93, 171.10
2093, 131.83, 171.85
2094, 132.42, 172.22
2095, 132.65, 172.12
2096, 132.56, 171.60
2097, 132.12, 170.64
2098, 131.42, 169.39
2099, 130.53, 167.96
2100, 129.43, 166.42
2101, 128.16, 164.87
2102, 126.87, 163.28
2103, 125.66, 161.71
2104, 124.75, 160.20
2105, 124.16, 159.13
2106, 123.91, 158.58
2107, 124.00, 158.68
2108, 124.38, 159.26
2109, 125.11, 160.48
2110, 126.10, 162.23
2111, 127.27, 164.41
2112, 128.55, 166.66
2113, 129.88, 168.79
2114, 131.08, 170.56
2115, 132.08, 171.93
2116, 132.83, 172.90
2117, 133.10, 173.29
2118, 132.88, 173.13
2119, 132.25, 172.40
2120, 131.40, 171.26
2121, 130.45, 169.87
2122, 129.34, 168.06
2123, 128.09, 165.93
2124, 126.86, 163.82
2125, 125.78, 162.00
2126, 124.93, 160.61
2127, 124.36, 159.74
2128, 124.06, 159.34
2129, 124.17, 159.58
2130, 124.64, 160.36
2131, 125.42, 161.58
2132, 126.42, 163.23
2133, 127.55, 165.19
2134, 128.88, 167.22
2135, 130.34, 169.13
2136, 131.71, 170.70
2137, 132.88, 171.91
2138, 133.76, 172.76
2139, 134.20, 173.21
2140, 134.22, 173.30
2141, 133.77, 172.76
2142, 132.97, 171.65
2143, 131.93, 170.03
2144, 130.59, 168.04
2145, 129.02, 165.84
2146, 127.27, 163.69
2147, 125.50, 161.77
2148, 123.81, 160.16
2149, 122.55, 159.21
2150, 121.81, 158.95
2151, 121.70, 159.33
2152, 122.09, 160.13
2153, 122.83, 161.16
2154, 123.92, 162.49
2155, 125.27, 164.05
2156, 126.84, 165.76
2157, 128.51, 167.46
2158, 130.18, 169.05
2159, 131.62, 170.30
2160, 132.72, 171.15
2161, 133.38, 171.47
2162, 133.64, 171.35
2163, 133.58, 170.71
2164, 133.16, 169.66
2165, 132.44, 168.30
2166, 131.35, 166.69
2167, 130.00, 164.94
2168, 128.59, 163.24
2169, 127.30, 161.71
2170, 126.21, 160.44
2171, 125.47, 159.63
2172, 125.07, 159.30
2173, 125.16, 159.59
2174, 125.67, 160.37
2175, 126.52, 161.54
2176, 127.68, 163.05
2177, 129.04, 164.79
2178, 130.56, 166.64
2179, 132.11, 168.44
2180, 133.62, 170.11
2181, 134.75, 171.44
2182, 135.43, 172.37
2183, 135.58, 172.66
2184, 135.35, 172.35
2185, 134.85, 171.43
2186, 134.05, 170.06
2187, 133.03, 168.41
2188, 131.71, 166.66
2189, 130.22, 164.97
2190, 128.63, 163.48
2191, 127.08, 162.27
2192, 125.66, 161.35
2193, 124.60, 160.83
2194, 123.94, 160.67
2195, 123.70, 160.97
2196, 123.87, 161.66
2197, 124.36, 162.63
2198, 125.23, 163.95
2199, 126.36, 165.54
2200, 127.72, 167.23
2201, 129.19, 168.87
2202, 130.70, 170.35
2203, 131.93, 171.40
2204, 132.79, 171.96
2205, 133.12, 171.93
2206, 132.98, 171.43
2207, 132.46, 170.58
2208, 131.58, 169.39
2209, 130.46, 167.96
2210, 129.14, 166.40
2211, 127.74, 164.84
2212, 126.34, 163.49
2213, 125.24, 162.41
2214, 124.51, 161.64
2215, 124.16, 161.22
2216, 124.07, 161.12
2217, 124.17, 161.53
2218, 124.47, 162.38
2219, 124.94, 163.60
2220, 125.70, 165.00
2221, 126.70, 166.47
2222, 127.90, 167.95
2223, 129.17, 169.40
2224, 130.43, 170.76
2225, 131.42, 171.78
2226, 132.08, 172.41
2227, 132.38, 172.47
2228, 132.38, 172.08
2229, 132.16, 171.32
2230, 131.65, 170.13
2231, 130.90, 168.59
2232, 129.84, 166.87
2233, 128.57, 165.15
2234, 127.17, 163.56
2235, 125.92, 162.15
2236, 124.91, 160.94
2237, 124.31, 160.25
2238, 124.09, 160.13
2239, 124.20, 160.66
2240, 124.61, 161.64
2241, 125.25, 162.94
2242, 126.20, 164.50
2243, 127.37, 166.20
2244, 128.71, 167.84
2245, 130.14, 169.28
2246, 131.59, 170.43
2247, 132.74, 171.27
2248, 133.48, 171.81
2249, 133.75, 171.94
2250, 133.53, 171.68
2251, 132.90, 171.09
2252, 131.87, 170.09
2253, 130.59, 168.74
2254, 129.19, 167.16
2255, 127.66, 165.54
2256, 126.07, 164.00
2257, 124.63, 162.63
2258, 123.46, 161.46
2259, 122.61, 160.83
2260, 122.17, 160.77
2261, 122.10, 161.28
2262, 122.43, 162.23
2263, 123.03, 163.49
2264, 123.96, 164.93
2265, 125.14, 166.43
2266, 126.49, 167.83
2267, 127.84, 169.06
2268, 129.08, 170.08
2269, 130.17, 170.84
2270, 131.08, 171.36
2271, 131.82, 171.46
2272, 132.21, 171.18
2273, 132.25, 170.54
2274, 131.76, 169.55
2275, 130.82, 168.31
2276, 129.54, 166.89
2277, 128.07, 165.42
2278, 126.56, 164.00
2279, 125.15, 162.76
2280, 123.91, 161.75
2281, 122.89, 161.17
2282, 122.29, 160.99
2283, 122.12, 161.19
2284, 122.55, 161.80
2285, 123.48, 162.74
2286, 124.80, 164.01
2287, 126.41, 165.45
2288, 128.16, 166.98
2289, 129.87, 168.50
2290, 131.39, 169.96
2291, 132.65, 171.14
2292, 133.55, 171.99
2293, 134.10, 172.34
2294, 134.16, 172.26
2295, 133.79, 171.82
2296, 132.93, 170.93
2297, 131.70, 169.67
2298, 130.22, 168.01
2299, 128.55, 166.09
2300, 126.80, 164.05
2301, 125.30, 162.29
2302, 124.16, 160.97
2303, 123.46, 160.25
2304, 123.29, 160.06
2305, 123.60, 160.29
2306, 124.32, 161.03
2307, 125.28, 162.19
2308, 126.37, 163.63
2309, 127.60, 165.17
2310, 128.91, 166.66
2311, 130.18, 168.05
2312, 131.31, 169.29
2313, 132.25, 170.17
2314, 132.89, 170.65
2315, 133.24, 170.75
2316, 133.16, 170.48
2317, 132.68, 169.93
2318, 131.89, 168.99
2319, 130.81, 167.73
2320, 129.52, 166.27
2321, 128.11, 164.78
2322, 126.69, 163.37
2323, 125.34, 162.18
2324, 124.21, 161.24
2325, 123.36, 160.70
2326, 122.95, 160.54
2327, 122.96, 160.72
2328, 123.51, 161.37
2329, 124.48, 162.43
2330, 125.77, 163.82
2331, 127.31, 165.35
2332, 128.97, 166.89
2333, 130.54, 168.32
2334, 131.88, 169.58
2335, 132.94, 170.55
2336, 133.66, 171.19
2337, 134.06, 171.53
2338, 133.94, 171.41
2339, 133.34, 170.88
2340, 132.31, 169.82
2341, 130.93, 168.37
2342, 129.32, 166.74
2343, 127.65, 165.14
2344, 126.04, 163.68
2345, 124.59, 162.54
2346, 123.49, 161.76
2347, 122.77, 161.44
2348, 122.60, 161.51
2349, 122.90, 161.90
2350, 123.60, 162.72
2351, 124.56, 163.90
2352, 125.68, 165.34
2353, 127.04, 166.88
2354, 128.59, 168.40
2355, 130.18, 169.78
2356, 131.66, 170.99
2357, 132.93, 171.84
2358, 133.82, 172.31
2359, 134.32, 172.41
2360, 134.28, 172.01
2361, 133.79, 171.15
2362, 132.91, 169.89
2363, 131.64, 168.43
2364, 130.06, 166.91
2365, 128.31, 165.20
2366, 126.55, 163.35
2367, 124.92, 161.64
2368, 123.65, 160.23
2369, 122.79, 159.44
2370, 122.52, 159.24
2371, 122.75, 159.57
2372, 123.41, 160.41
2373, 124.36, 161.64
2374, 125.47, 163.14
2375, 126.74, 164.73
2376, 128.08, 166.29
2377, 129.44, 167.74
2378, 130.61, 169.04
2379, 131.52, 169.97
2380, 132.05, 170.51
2381, 132.24, 170.64
2382, 132.15, 170.35
2383, 131.73, 169.72
2384, 131.04, 168.65
2385, 130.07, 167.25
2386, 128.93, 165.61
2387, 127.71, 163.87
2388, 126.50, 162.14
2389, 125.35, 160.65
2390, 124.45, 159.49
2391, 123.84, 158.70
2392, 123.68, 158.52
2393, 123.94, 158.91
2394, 124.54, 159.96
2395, 125.45, 161.49
2396, 126.56, 163.31
2397, 127.81, 165.22
2398, 129.11, 167.08
2399, 130.39, 168.76
2400, 131.46, 170.19
2401, 132.24, 171.23
2402, 132.62, 171.90
2403, 132.64, 172.21
2404, 132.35, 172.07
2405, 131.76, 171.53
2406, 130.93, 170.50
2407, 129.87, 169.13
2408, 128.68, 167.52
2409, 127.43, 165.83
2410, 126.24, 164.18
2411, 125.17, 162.66
2412, 124.43, 161.33
2413, 124.07, 160.22
2414, 124.08, 159.60
2415, 124.43, 159.47
2416, 125.04, 160.03
2417, 125.89, 161.12
2418, 126.89, 162.63
2419, 128.08, 164.35
2420, 129.39, 166.13
2421, 130.77, 167.71
2422, 131.99, 169.01
2423, 132.97, 169.92
2424, 133.49, 170.48
2425, 133.59, 170.74
2426, 133.31, 170.62
2427, 132.72, 170.15
2428, 131.93, 169.26
2429, 130.92, 168.04
2430, 129.77, 166.60
2431, 128.55, 164.89
2432, 127.30, 162.98
2433, 126.05, 161.25
2434, 124.99, 159.88
2435, 124.18, 158.97
2436, 123.66, 158.66
2437, 123.55, 158.89
2438, 123.83, 159.78
2439, 124.52, 161.17
2440, 125.48, 162.94
2441, 126.61, 164.88
2442, 127.93, 166.83
2443, 129.38, 168.66
2444, 130.70, 170.30
2445, 131.74, 171.70
2446, 132.44, 172.67
2447, 132.71, 173.19
2448, 132.61, 173.09
2449, 132.08, 172.47
2450, 131.23, 171.37
2451, 130.11, 169.96
2452, 128.85, 168.39
2453, 127.55, 166.63
2454, 126.31, 164.74
2455, 125.20, 162.98
2456, 124.39, 161.50
2457, 123.89, 160.37
2458, 123.71, 159.75
2459, 123.94, 159.61
2460, 124.55, 160.07
2461, 125.48, 161.00
2462, 126.59, 162.29
2463, 127.76, 163.93
2464, 129.02, 165.81
2465, 130.33, 167.61
2466, 131.48, 169.16
2467, 132.34, 170.35
2468, 132.88, 171.06
2469, 133.13, 171.31
2470, 133.15, 171.01
2471, 132.86, 170.29
2472, 132.31, 169.23
2473, 131.53, 167.88
2474, 130.45, 166.36
2475, 129.12, 164.66
2476, 127.75, 162.88
2477, 126.51, 161.35
2478, 125.51, 160.19
2479, 124.81, 159.48
2480, 124.39, 159.24
2481, 124.35, 159.43
2482, 124.62, 160.12
2483, 125.28, 161.22
2484, 126.25, 162.61
2485, 127.46, 164.33
2486, 128.67, 166.28
2487, 129.80, 168.09
2488, 130.73, 169.55
2489, 131.47, 170.55
2490, 132.01, 171.08
2491, 132.26, 171.22
2492, 132.22, 170.96
2493, 131.83, 170.40
2494, 131.18, 169.60
2495, 130.34, 168.46
2496, 129.31, 167.00
2497, 128.14, 165.20
2498, 126.91, 163.22
2499, 125.93, 161.48
2500, 125.31, 160.40
2501, 125.17, 160.14
2502, 125.44, 160.56
2503, 126.04, 161.42
2504, 126.93, 162.54
2505, 128.04, 163.94
2506, 129.43, 165.53
2507, 131.01, 167.29
2508, 132.71, 169.08
2509, 134.34, 170.81
2510, 135.81, 172.25
2511, 136.88, 173.33
2512, 137.52, 173.96
2513, 137.64, 174.21
2514, 137.36, 174.17
2515, 136.77, 173.67
2516, 135.80, 172.77
2517, 134.54, 171.05
2518, 132.90, 168.63
2519, 131.03, 165.62
2520, 129.01, 162.64
2521, 127.18, 160.00
2522, 125.64, 158.18
2523, 124.63, 157.17
2524, 124.13, 157.07
2525, 124.10, 157.68
2526, 124.52, 158.82
2527, 125.31, 160.45
2528, 126.36, 162.44
2529, 127.51, 164.61
2530, 128.67, 166.77
2531, 129.87, 168.78
2532, 131.09, 170.49
2533, 132.19, 171.86
2534, 133.06, 172.70
2535, 133.67, 173.02
2536, 133.93, 172.87
2537, 133.86, 172.21
2538, 133.39, 171.14
2539, 132.62, 169.66
2540, 131.61, 167.93
2541, 130.34, 166.08
2542, 128.87, 164.11
2543, 127.39, 162.10
2544, 126.06, 160.49
2545, 125.11, 159.46
2546, 124.58, 159.09
2547, 124.45, 159.31
2548, 124.73, 159.98
2549, 125.35, 161.14
2550, 126.33, 162.67
2551, 127.55, 164.51
2552, 128.91, 166.49
2553, 130.27, 168.50
2554, 131.54, 170.22
2555, 132.56, 171.57
2556, 133.30, 172.37
2557, 133.75, 172.70
2558, 133.81, 172.63
2559, 133.52, 172.12
2560, 132.86, 171.24
2561, 131.95, 169.98
2562, 130.88, 168.45
2563, 129.61, 166.77
2564, 128.18, 165.04
2565, 126.74, 163.36
2566, 125.42, 162.06
2567, 124.31, 161.22
2568, 123.60, 160.89
2569, 123.30, 161.06
2570, 123.60, 161.65
2571, 124.43, 162.72
2572, 125.68, 164.15
2573, 127.18, 165.85
2574, 128.80, 167.65
2575, 130.38, 169.46
2576, 131.81, 170.92
2577, 132.93, 171.91
2578, 133.72, 172.38
2579, 134.18, 172.43
2580, 134.14, 172.17
2581, 133.65, 171.48
2582, 132.70, 170.39
2583, 131.48, 168.94
2584, 130.12, 167.30
2585, 128.70, 165.60
2586, 127.31, 163.87
2587, 126.05, 162.17
2588, 124.98, 160.88
2589, 124.12, 160.14
2590, 123.68, 159.98
2591, 123.65, 160.52
2592, 124.05, 161.64
2593, 124.74, 163.22
2594, 125.61, 165.02
2595, 126.70, 166.87
2596, 127.94, 168.68
2597, 129.22, 170.38
2598, 130.41, 171.74
2599, 131.44, 172.70
2600, 132.21, 173.22
2601, 132.73, 173.23
2602, 132.82, 172.78
2603, 132.50, 171.89
2604, 131.82, 170.71
2605, 130.87, 169.18
2606, 129.76, 167.39
2607, 128.57, 165.42
2608, 127.38, 163.45
2609, 126.34, 161.61
2610, 125.50, 160.26
2611, 124.89, 159.47
2612, 124.57, 159.27
2613, 124.53, 159.67
2614, 124.85, 160.58
2615, 125.45, 161.93
2616, 126.28, 163.54
2617, 127.32, 165.29
2618, 128.52, 167.06
2619, 129.71, 168.76
2620, 130.77, 170.19
2621, 131.63, 171.25
2622, 132.25, 171.93
2623, 132.65, 172.25
2624, 132.68, 172.28
2625, 132.37, 171.82
2626, 131.76, 170.94
2627, 130.92, 169.69
2628, 129.93, 168.07
2629, 128.76, 166.22
2630, 127.47, 164.35
2631, 126.12, 162.63
2632, 124.95, 161.36
2633, 124.05, 160.58
2634, 123.66, 160.26
2635, 123.74, 160.48
2636, 124.23, 161.16
2637, 125.10, 162.26
2638, 126.24, 163.64
2639, 127.67, 165.16
2640, 129.27, 166.70
2641, 130.78, 168.16
2642, 132.06, 169.37
2643, 133.00, 170.26
2644, 133.50, 170.82
2645, 133.58, 171.03
2646, 133.18, 170.96
2647, 132.41, 170.45
2648, 131.37, 169.57
2649, 130.19, 168.40
2650, 128.98, 166.96
2651, 127.68, 165.37
2652, 126.31, 163.68
2653, 124.92, 161.98
2654, 123.81, 160.37
2655, 123.08, 159.19
2656, 122.89, 158.53
2657, 123.13, 158.60
2658, 123.72, 159.27
2659, 124.66, 160.40
2660, 125.86, 161.76
2661, 127.24, 163.21
2662, 128.67, 164.78
2663, 130.07, 166.41
2664, 131.23, 167.94
2665, 132.10, 169.23
2666, 132.57, 170.24
2667, 132.70, 170.74
2668, 132.54, 170.75
2669, 132.13, 170.12
2670, 131.54, 169.01
2671, 130.72, 167.54
2672, 129.74, 165.91
2673, 128.64, 164.29
2674, 127.43, 162.73
2675, 126.17, 161.29
2676, 125.12, 160.00
2677, 124.38, 158.99
2678, 124.10, 158.28
2679, 124.23, 158.23
2680, 124.68, 158.80
2681, 125.46, 160.07
2682, 126.51, 161.81
2683, 127.72, 163.84
2684, 128.98, 166.02
2685, 130.18, 168.22
2686, 131.20, 170.04
2687, 131.99, 171.35
2688, 132.42, 172.09
2689, 132.49, 172.29
2690, 132.25, 172.04
2691, 131.75, 171.30
2692, 131.06, 170.19
2693, 130.10, 168.81
2694, 128.91, 167.30
2695, 127.55, 165.75
2696, 126.24, 164.25
2697, 125.10, 162.87
2698, 124.29, 161.64
2699, 123.82, 160.77
2700, 123.66, 160.29
2701, 123.83, 160.37
2702, 124.28, 160.91
2703, 125.12, 161.83
2704, 126.26, 163.21
2705, 127.63, 164.95
2706, 129.23, 166.86
2707, 130.96, 168.75
2708, 132.50, 170.27
2709, 133.69, 171.36
2710, 134.24, 172.00
2711, 134.23, 172.18
2712, 133.73, 171.98
2713, 132.91, 171.25
2714, 131.91, 170.08
2715, 130.71, 168.57
2716, 129.36, 166.81
2717, 127.92, 164.93
2718, 126.48, 163.11
2719, 125.13, 161.47
2720, 124.07, 160.08
2721, 123.35, 159.15
2722, 122.98, 158.71
2723, 123.05, 158.92
2724, 123.49, 159.68
2725, 124.39, 160.86
2726, 125.63, 162.37
2727, 127.11, 164.06
2728, 128.80, 165.89
2729, 130.63, 167.73
2730, 132.25, 169.52
2731, 133.51, 170.99
2732, 134.31, 172.05
2733, 134.69, 172.56
2734, 134.74, 172.58
2735, 134.35, 172.05
2736, 133.61, 171.10
2737, 132.58, 169.85
2738, 131.29, 168.41
2739, 129.84, 166.92
2740, 128.32, 165.50
2741, 126.85, 164.24
2742, 125.70, 163.18
2743, 124.92, 162.54
2744, 124.54, 162.33
2745, 124.61, 162.62
2746, 125.09, 163.28
2747, 125.98, 164.21
2748, 127.15, 165.46
2749, 128.50, 166.97
2750, 129.90, 168.49
2751, 131.26, 169.83
2752, 132.36, 170.89
2753, 133.14, 171.58
2754, 133.57, 171.93
2755, 133.57, 171.80
2756, 133.20, 171.27
2757, 132.50, 170.40
2758, 131.61, 169.26
2759, 130.63, 167.96
2760, 129.56, 166.56
2761, 128.45, 165.18
2762, 127.33, 163.86
2763, 126.25, 162.63
2764, 125.28, 161.52
2765, 124.55, 160.72
2766, 124.10, 160.25
2767, 124.05, 160.33
2768, 124.33, 160.91
2769, 124.89, 161.91
2770, 125.79, 163.25
2771, 126.98, 164.82
2772, 128.46, 166.47
2773, 130.08, 168.05
2774, 131.57, 169.48
2775, 132.77, 170.61
2776, 133.63, 171.43
2777, 134.12, 171.71
2778, 134.28, 171.49
2779, 133.98, 170.84
2780, 133.28, 169.77
2781, 132.23, 168.41
2782, 130.87, 166.90
2783, 129.30, 165.39
2784, 127.76, 163.99
2785, 126.39, 162.80
2786, 125.31, 161.84
2787, 124.56, 161.36
2788, 124.12, 161.37
2789, 124.21, 161.97
2790, 124.78, 163.02
2791, 125.78, 164.39
2792, 127.03, 165.93
2793, 128.38, 167.48
2794, 129.85, 168.95
2795, 131.36, 170.26
2796, 132.88, 171.38
2797, 134.09, 172.15
2798, 134.89, 172.54
2799, 135.09, 172.55
2800, 134.76, 172.27
2801, 134.01, 171.79
2802, 132.93, 170.83
2803, 131.62, 169.39
2804, 130.22, 167.45
2805, 128.84, 165.24
2806, 127.56, 162.92
2807, 126.42, 161.04
2808, 125.43, 159.75
2809, 124.70, 159.15
2810, 124.21, 159.08
2811, 124.15, 159.40
2812, 124.49, 160.09
2813, 125.18, 161.04
2814, 126.16, 162.33
2815, 127.34, 163.84
2816, 128.65, 165.49
2817, 130.00, 167.16
2818, 131.32, 168.75
2819, 132.47, 170.01
2820, 133.40, 170.88
2821, 133.98, 171.20
2822, 134.22, 171.05
2823, 134.17, 170.52
2824, 133.67, 169.53
2825, 132.76, 168.17
2826, 131.49, 166.48
2827, 130.05, 164.65
2828, 128.55, 162.79
2829, 127.18, 161.24
2830, 126.00, 160.08
2831, 125.15, 159.53
2832, 124.62, 159.52
2833, 124.37, 159.96
2834, 124.50, 160.73
2835, 124.96, 161.70
2836, 125.85, 162.98
2837, 127.05, 164.52
2838, 128.43, 166.13
2839, 129.82, 167.64
2840, 131.13, 168.94
2841, 132.20, 169.85
2842, 133.00, 170.36
2843, 133.34, 170.48
2844, 133.27, 170.33
2845, 132.83, 169.99
2846, 132.05, 169.33
2847, 131.02, 168.37
2848, 129.79, 167.16
2849, 128.47, 165.87
2850, 127.15, 164.60
2851, 125.94, 163.57
2852, 124.92, 162.84
2853, 124.28, 162.50
2854, 124.05, 162.48
2855, 124.20, 162.70
2856, 124.73, 163.25
2857, 125.54, 164.07
2858, 126.64, 165.21
2859, 127.92, 166.54
2860, 129.31, 167.98
2861, 130.74, 169.42
2862, 132.16, 170.78
2863, 133.37, 171.79
2864, 134.27, 172.41
2865, 134.83, 172.42
2866, 134.97, 171.91
2867, 134.72, 170.97
2868, 134.00, 169.59
2869, 132.92, 167.89
2870, 131.45, 165.95
2871, 129.71, 163.95
2872, 127.81, 162.02
2873, 126.12, 160.45
2874, 124.76, 159.33
2875, 123.85, 158.84
2876, 123.32, 158.91
2877, 123.09, 159.45
2878, 123.26, 160.39
2879, 123.82, 161.61
2880, 124.75, 163.05
2881, 125.92, 164.58
2882, 127.23, 166.10
2883, 128.70, 167.48
2884, 130.26, 168.66
2885, 131.72, 169.51
2886, 132.94, 170.02
2887, 133.85, 170.22
2888, 134.37, 170.08
2889, 134.51, 169.66
2890, 134.13, 168.77
2891, 133.30, 167.47
2892, 132.12, 165.79
2893, 130.70, 163.90
2894, 129.16, 161.94
2895, 127.75, 160.20
2896, 126.59, 158.78
2897, 125.74, 157.93
2898, 125.30, 157.62
2899, 125.22, 157.79
2900, 125.53, 158.54
2901, 126.12, 159.77
2902, 127.09, 161.45
2903, 128.36, 163.38
2904, 129.88, 165.40
2905, 131.32, 167.38
2906, 132.56, 169.24
2907, 133.42, 170.60
2908, 133.93, 171.41
2909, 134.14, 171.63
2910, 133.95, 171.32
2911, 133.43, 170.61
2912, 132.50, 169.44
2913, 131.29, 167.92
2914, 129.89, 166.17
2915, 128.33, 164.24
2916, 126.68, 162.23
2917, 125.25, 160.60
2918, 124.17, 159.50
2919, 123.51, 159.16
2920, 123.34, 159.43
2921, 123.60, 160.19
2922, 124.23, 161.38
2923, 125.09, 162.87
2924, 126.06, 164.59
2925, 127.14, 166.40
2926, 128.28, 168.17
2927, 129.46, 169.76
2928, 130.62, 171.08
2929, 131.73, 171.98
2930, 132.57, 172.46
2931, 133.10, 172.56
2932, 133.15, 172.06
2933, 132.77, 171.02
2934, 132.04, 169.35
2935, 131.10, 167.27
2936, 130.06, 164.94
2937, 128.85, 162.62
2938, 127.50, 160.45
2939, 126.26, 158.74
2940, 125.27, 157.56
2941, 124.61, 156.92
2942, 124.39, 156.87
2943, 124.56, 157.34
2944, 125.18, 158.48
2945, 126.14, 160.15
2946, 127.34, 162.21
2947, 128.67, 164.46
2948, 130.04, 166.70
2949, 131.34, 168.63
2950, 132.51, 170.15
2951, 133.52, 171.13
2952, 134.20, 171.64
2953, 134.54, 171.74
2954, 134.39, 171.38
2955, 133.86, 170.61
2956, 133.01, 169.45
2957, 131.85, 168.05
2958, 130.47, 166.53
2959, 129.00, 164.77
2960, 127.57, 162.82
2961, 126.27, 160.95
2962, 125.21, 159.36
2963, 124.41, 158.17
2964, 124.08, 157.57
2965, 124.17, 157.54
2966, 124.71, 158.28
2967, 125.55, 159.67
2968, 126.60, 161.57
2969, 127.78, 163.78
2970, 129.02, 166.12
2971, 130.21, 168.31
2972, 131.27, 170.22
2973, 132.16, 171.65
2974, 132.80, 172.62
2975, 133.20, 173.16
2976, 133.20, 173.10
2977, 132.84, 172.49
2978, 132.17, 171.32
2979, 131.29, 169.77
2980, 130.29, 168.00
2981, 129.24, 165.96
2982, 128.17, 163.73
2983, 127.15, 161.70
2984, 126.24, 160.08
2985, 125.47, 159.00
2986, 125.07, 158.61
2987, 125.04, 158.87
2988, 125.40, 159.80
2989, 126.06, 161.22
2990, 126.92, 162.94
2991, 127.98, 164.85
2992, 129.16, 166.81
2993, 130.41, 168.70
2994, 131.58, 170.43
2995, 132.62, 171.68
2996, 133.31, 172.38
2997, 133.64, 172.53
2998, 133.47, 172.12
2999, 132.87, 171.27
3000, 131.92, 169.99
=====End_data=====
