=====Start_file_header=====
Date: 0626, Time: 2359
Collection period (s): 10.00, Sampling Frequency (Hz): 50.00
Counter, Distance(mm)
0, 8190
1, 8190
2, 8190
3, 8190
4, 8190
5, 8190
6, 8190
7, 8190
8, 8190
9, 8190
10, 8190
11, 8190
12, 8190
13, 8190
14, 8190
15, 8190
16, 8190
17, 8190
18, 8190
19, 8190
20, 8190
21, 8190
22, 8190
23, 8190
24, 8190
25, 8190
26, 8190
27, 8190
28, 8190
29, 8190
30, 8190
31, 8190
32, 8190
33, 8190
34, 8190
35, 8190
36, 8190
37, 8190
38, 8190
39, 8190
40, 8190
41, 8190
42, 8190
43, 8190
44, 8190
45, 8190
46, 8190
47, 8190
48, 8190
49, 152
50, 8190
51, 8190
52, 8190
53, 8190
54, 8190
55, 8190
56, 8190
57, 106
58, 115
59, 123
60, 114
61, 93
62, 8190
63, 8190
64, 8190
65, 8190
66, 93
67, 122
68, 78
69, 93
70, 135
71, 99
72, 7
73, 8190
74, 94
75, 112
76, 121
77, 63
78, 89
79, 121
80, 84
81, 8190
82, 8190
83, 8190
84, 8190
85, 89
86, 117
87, 109
88, 113
89, 102
90, 38
91, 8190
92, 8190
93, 8190
94, 8190
95, 98
96, 130
97, 125
98, 122
99, 92
100, 8190
101, 8190
102, 8190
103, 8190
104, 8190
105, 114
106, 143
107, 89
108, 115
109, 132
110, 104
111, 8190
112, 8190
113, 8190
114, 8190
115, 112
116, 122
117, 66
118, 109
119, 105
120, 8190
121, 8190
122, 8190
123, 8190
124, 8190
125, 124
126, 119
127, 100
128, 125
129, 106
130, 8190
131, 8190
132, 8190
133, 8190
134, 118
135, 133
136, 121
137, 118
138, 99
139, 8190
140, 8190
141, 8190
142, 8190
143, 8190
144, 133
145, 123
146, 114
147, 115
148, 114
149, 8190
150, 8190
151, 8190
152, 108
153, 137
154, 119
155, 118
156, 118
157, 111
158, 8190
159, 8190
160, 8190
161, 113
162, 133
163, 111
164, 121
165, 113
166, 22
167, 8190
168, 8190
169, 115
170, 125
171, 107
172, 115
173, 119
174, 118
175, 78
176, 8190
177, 86
178, 111
179, 122
180, 103
181, 101
182, 109
183, 105
184, 8190
185, 8190
186, 8190
187, 109
188, 116
189, 104
190, 97
191, 105
192, 105
193, 107
194, 181
195, 94
196, 107
197, 102
198, 90
199, 98
200, 92
201, 201
202, 104
203, 99
204, 98
205, 106
206, 105
207, 96
208, 101
209, 97
210, 73
211, 69
212, 124
213, 106
214, 98
215, 74
216, 94
217, 102
218, 96
219, 44
220, 61
221, 100
222, 107
223, 95
224, 88
225, 97
226, 87
227, 57
228, 76
229, 72
230, 100
231, 110
232, 99
233, 102
234, 105
235, 98
236, 8190
237, 8190
238, 75
239, 110
240, 114
241, 107
242, 97
243, 102
244, 97
245, 63
246, 88
247, 71
248, 90
249, 99
250, 94
251, 90
252, 97
253, 96
254, 66
255, 76
256, 91
257, 100
258, 117
259, 105
260, 102
261, 115
262, 111
263, 8190
264, 8190
265, 84
266, 104
267, 116
268, 99
269, 102
270, 93
271, 75
272, 8190
273, 8190
274, 86
275, 102
276, 116
277, 101
278, 110
279, 103
280, 81
281, 8190
282, 114
283, 124
284, 111
285, 118
286, 112
287, 87
288, 78
289, 118
290, 124
291, 142
292, 135
293, 129
294, 132
295, 123
296, 95
297, 110
298, 143
299, 123
300, 113
301, 117
302, 98
303, 102
304, 79
305, 115
306, 121
307, 130
308, 121
309, 127
310, 120
311, 100
312, 107
313, 135
314, 153
315, 140
316, 144
317, 130
318, 8190
319, 8190
320, 8190
321, 119
322, 151
323, 141
324, 140
325, 140
326, 108
327, 174
328, 118
329, 148
330, 114
331, 127
332, 147
333, 138
334, 70
335, 8190
336, 108
337, 128
338, 137
339, 125
340, 126
341, 119
342, 8190
343, 8190
344, 8190
345, 106
346, 131
347, 142
348, 136
349, 138
350, 120
351, 8190
352, 8190
353, 8190
354, 121
355, 144
356, 153
357, 145
358, 145
359, 128
360, 8190
361, 8190
362, 129
363, 145
364, 147
365, 141
366, 145
367, 145
368, 125
369, 8190
370, 8190
371, 117
372, 141
373, 139
374, 132
375, 133
376, 115
377, 108
378, 107
379, 108
380, 120
381, 121
382, 100
383, 112
384, 111
385, 96
386, 8190
387, 8190
388, 8190
389, 102
390, 121
391, 114
392, 113
393, 114
394, 96
395, 8190
396, 8190
397, 8190
398, 102
399, 113
400, 112
401, 106
402, 104
403, 104
404, 8190
405, 8190
406, 8190
407, 129
408, 108
409, 107
410, 95
411, 8190
412, 8190
413, 115
414, 87
415, 97
416, 84
417, 95
418, 93
419, 107
420, 8190
421, 8190
422, 8190
423, 94
424, 88
425, 99
426, 83
427, 8190
428, 8190
429, 8190
430, 89
431, 113
432, 90
433, 75
434, 104
435, 112
436, 90
437, 8190
438, 8190
439, 91
440, 120
441, 78
442, 105
443, 89
444, 8190
445, 8190
446, 73
447, 102
448, 106
449, 8190
450, 8190
451, 101
452, 99
453, 75
454, 8190
455, 123
456, 19
457, 8190
458, 8190
459, 111
460, 90
461, 8190
462, 8190
463, 260
464, 100
465, 115
466, 8190
467, 8190
468, 110
469, 107
470, 89
471, 93
472, 8190
473, 107
474, 140
475, 37
476, 8190
477, 8190
478, 100
479, 8190
480, 8190
481, 8190
482, 98
483, 0
484, 8190
485, 8190
486, 8190
487, 122
488, 8190
489, 8190
490, 8190
491, 8190
492, 8190
493, 8190
494, 8190
495, 8190
496, 82
497, 8190
498, 8190
499, 8190
500, 81
=====Start_file=====
Date: 06/26/2021, Time: 23:59
Collection period (s): 10.00, Sampling Frequency (Hz): 50.00
Counter, Distance(mm)
0, 8190
1, 8190
2, 8190
3, 8190
4, 8190
5, 8190
6, 8190
7, 8190
8, 8190
9, 8190
10, 8190
11, 8190
12, 8190
13, 8190
14, 8190
15, 8190
16, 8190
17, 8190
18, 8190
19, 8190
20, 8190
21, 8190
22, 8190
23, 8190
24, 8190
25, 8190
26, 70
27, 123
28, 146
29, 144
30, 140
31, 61
32, 8190
33, 8190
34, 8190
35, 8190
36, 8190
37, 8190
38, 8190
39, 8190
40, 90
41, 127
42, 132
43, 8190
44, 8190
45, 8190
46, 156
47, 149
48, 85
49, 8190
50, 8190
51, 8190
52, 8190
53, 89
54, 141
55, 8190
56, 8190
57, 8190
58, 8190
59, 8190
60, 186
61, 89
62, 8190
63, 8190
64, 8190
65, 8190
66, 149
67, 201
68, 8190
69, 8190
70, 8190
71, 8190
72, 111
73, 8190
74, 8190
75, 8190
76, 88
77, 153
78, 8190
79, 8190
80, 8190
81, 8190
82, 154
83, 84
84, 8190
85, 8190
86, 8190
87, 8190
88, 133
89, 170
90, 8190
91, 8190
92, 8190
93, 148
94, 40
95, 8190
96, 8190
97, 8190
98, 102
99, 158
100, 134
101, 116
102, 99
103, 127
104, 90
105, 8190
106, 8190
107, 8190
108, 116
109, 130
110, 80
111, 84
112, 119
113, 119
114, 98
115, 8190
116, 8190
117, 8190
118, 8190
119, 131
120, 114
121, 99
122, 77
123, 104
124, 108
125, 88
126, 8190
127, 8190
128, 8190
129, 119
130, 134
131, 92
132, 101
133, 99
134, 108
135, 81
136, 8190
137, 8190
138, 8190
139, 98
140, 130
141, 126
142, 58
143, 63
144, 92
145, 79
146, 45
147, 8190
148, 8190
149, 8190
150, 108
151, 120
152, 120
153, 74
154, 86
155, 92
156, 84
157, 0
158, 8190
159, 8190
160, 8190
161, 95
162, 133
163, 101
164, 63
165, 100
166, 95
167, 79
168, 8190
169, 8190
170, 8190
171, 8190
172, 8190
173, 8190
174, 120
175, 129
176, 119
177, 116
178, 109
179, 92
180, 8190
181, 8190
182, 8190
183, 8190
184, 8190
185, 8190
186, 128
187, 138
188, 103
189, 111
190, 110
191, 92
192, 8190
193, 8190
194, 8190
195, 8190
196, 8190
197, 8190
198, 8190
199, 119
200, 133
201, 134
202, 122
203, 119
204, 99
205, 39
206, 8190
207, 8190
208, 8190
209, 8190
210, 8190
211, 99
212, 108
213, 108
214, 130
215, 130
216, 103
217, 84
218, 8190
219, 8190
220, 8190
221, 8190
222, 8190
223, 8190
224, 91
225, 98
226, 95
227, 127
228, 143
229, 89
230, 87
231, 55
232, 8190
233, 8190
234, 8190
235, 8190
236, 84
237, 117
238, 108
239, 101
240, 119
241, 94
242, 88
243, 37
244, 0
245, 8190
246, 8190
247, 8190
248, 82
249, 99
250, 103
251, 113
252, 113
253, 113
254, 91
255, 72
256, 8190
257, 8190
258, 8190
259, 8190
260, 8190
261, 103
262, 93
263, 94
264, 82
265, 50
266, 77
267, 73
268, 66
269, 8190
270, 8190
271, 8190
272, 8190
273, 8190
274, 72
275, 74
276, 75
277, 60
278, 53
279, 41
280, 56
281, 51
282, 54
283, 8190
284, 4
285, 8190
286, 8190
287, 8190
288, 8190
289, 56
290, 67
291, 72
292, 34
293, 53
294, 52
295, 61
296, 8190
297, 8190
298, 8190
299, 8190
300, 8190
301, 8190
302, 61
303, 66
304, 60
305, 50
306, 82
307, 21
308, 59
309, 59
310, 67
311, 8190
312, 8190
313, 8190
314, 89
315, 8190
316, 81
317, 84
318, 85
319, 56
320, 65
321, 55
322, 82
323, 69
324, 8190
325, 8190
326, 8190
327, 8190
328, 8190
329, 110
330, 106
331, 107
332, 93
333, 70
334, 70
335, 69
336, 85
337, 77
338, 8190
339, 8190
340, 8190
341, 8190
342, 8190
343, 117
344, 111
345, 112
346, 87
347, 8190
348, 8190
349, 83
350, 88
351, 82
352, 123
353, 45
354, 8190
355, 85
356, 14
357, 81
358, 85
359, 58
360, 8190
361, 8190
362, 8190
363, 59
364, 87
365, 77
366, 8190
367, 8190
368, 8190
369, 8190
370, 8190
371, 97
372, 97
373, 99
374, 56
375, 8190
376, 92
377, 99
378, 87
379, 8190
380, 8190
381, 8190
382, 8190
383, 8190
384, 8190
385, 84
386, 101
387, 112
388, 85
389, 8190
390, 8190
391, 105
392, 91
393, 63
394, 8190
395, 8190
396, 8190
397, 8190
398, 8190
399, 124
400, 111
401, 127
402, 66
403, 60
404, 104
405, 94
406, 77
407, 72
408, 47
409, 59
410, 8190
411, 99
412, 104
413, 8190
414, 8190
415, 8190
416, 8190
417, 88
418, 8190
419, 8190
420, 8190
421, 66
422, 82
423, 8190
424, 8190
425, 8190
426, 85
427, 8190
428, 8190
429, 8190
430, 8190
431, 8190
432, 8190
433, 50
434, 36
435, 8190
436, 8190
437, 8190
438, 8190
439, 8190
440, 8190
441, 45
442, 31
443, 0
444, 46
445, 37
446, 8190
447, 58
448, 65
449, 8190
450, 8190
451, 126
452, 8190
453, 8190
454, 128
455, 117
456, 108
457, 82
458, 8190
459, 124
460, 8190
461, 8190
462, 8190
463, 8190
464, 107
465, 16
466, 8190
467, 155
468, 144
469, 136
470, 144
471, 8190
472, 8190
473, 136
474, 157
475, 138
476, 8190
477, 8190
478, 128
479, 139
480, 134
481, 138
482, 8190
483, 8190
484, 132
485, 152
486, 133
487, 129
488, 8190
489, 8190
490, 8190
491, 124
492, 124
493, 8190
494, 8190
495, 8190
496, 8190
497, 116
498, 100
499, 92
500, 8190
=====Start_file=====
Date: 06/26/2021, Time: 23:59
Collection period (s): 10.00, Sampling Frequency (Hz): 50.00
Counter, Distance(mm)
0, 8190
1, 8190
2, 8190
3, 8190
4, 8190
5, 8190
6, 8190
7, 8190
8, 8190
9, 8190
10, 8190
11, 8190
12, 8190
13, 8190
14, 8190
15, 8190
16, 8190
17, 8190
18, 8190
19, 8190
20, 8190
21, 8190
22, 8190
23, 8190
24, 8190
25, 8190
26, 8190
27, 8190
28, 8190
29, 8190
30, 8190
31, 8190
32, 8190
33, 8190
34, 8190
35, 8190
36, 8190
37, 8190
38, 8190
39, 8190
40, 8190
41, 8190
42, 8190
43, 8190
44, 8190
45, 8190
46, 8190
47, 8190
48, 8190
49, 8190
50, 8190
51, 8190
52, 8190
53, 8190
54, 8190
55, 8190
56, 8190
57, 8190
58, 8190
59, 8190
60, 8190
61, 8190
62, 8190
63, 8190
64, 8190
65, 8190
66, 8190
67, 8190
68, 8190
69, 8190
70, 8190
71, 8190
72, 8190
73, 8190
74, 8190
75, 8190
76, 8190
77, 8190
78, 8190
79, 8190
80, 8190
81, 8190
82, 8190
83, 8190
84, 8190
85, 8190
86, 8190
87, 8190
88, 8190
89, 8190
90, 8190
91, 8190
92, 8190
93, 8190
94, 8190
95, 8190
96, 8190
97, 8190
98, 8190
99, 8190
100, 8190
101, 8190
102, 8190
103, 8190
104, 8190
105, 8190
106, 8190
107, 8190
108, 8190
109, 8190
110, 8190
111, 8190
112, 8190
113, 8190
114, 8190
115, 8190
116, 8190
117, 8190
118, 8190
119, 8190
120, 8190
121, 8190
122, 8190
123, 8190
124, 8190
125, 8190
126, 8190
127, 8190
128, 8190
129, 8190
130, 8190
131, 8190
132, 8190
133, 8190
134, 8190
135, 8190
136, 8190
137, 8190
138, 8190
139, 8190
140, 8190
141, 8190
142, 8190
143, 8190
144, 8190
145, 8190
146, 8190
147, 8190
148, 8190
149, 8190
150, 8190
151, 8190
152, 8190
153, 8190
154, 8190
155, 8190
156, 8190
157, 8190
158, 8190
159, 8190
160, 8190
161, 8190
162, 8190
163, 8190
164, 8190
165, 8190
166, 8190
167, 8190
168, 8190
169, 8190
170, 8190
171, 8190
172, 8190
173, 8190
174, 8190
175, 8190
176, 8190
177, 8190
178, 8190
179, 8190
180, 8190
181, 8190
182, 8190
183, 8190
184, 8190
185, 8190
186, 8190
187, 8190
188, 8190
189, 8190
190, 8190
191, 8190
192, 8190
193, 8190
194, 8190
195, 8190
196, 8190
197, 8190
198, 8190
199, 8190
200, 8190
201, 8190
202, 8190
203, 8190
204, 8190
205, 8190
206, 8190
207, 8190
208, 8190
209, 8190
210, 8190
211, 8190
212, 8190
213, 8190
214, 8190
215, 8190
216, 8190
217, 8190
218, 8190
219, 8190
220, 8190
221, 8190
222, 8190
223, 8190
224, 8190
225, 8190
226, 8190
227, 8190
228, 8190
229, 8190
230, 8190
231, 8190
232, 8190
233, 8190
234, 8190
235, 8190
236, 8190
237, 8190
238, 8190
239, 8190
240, 8190
241, 8190
242, 8190
243, 8190
244, 8190
245, 8190
246, 8190
247, 8190
248, 8190
249, 8190
250, 8190
251, 8190
252, 8190
253, 8190
254, 8190
255, 8190
256, 8190
257, 8190
258, 8190
259, 8190
260, 8190
261, 8190
262, 8190
263, 8190
264, 8190
265, 8190
266, 8190
267, 8190
268, 8190
269, 8190
270, 8190
271, 8190
272, 8190
273, 8190
274, 8190
275, 8190
276, 8190
277, 8190
278, 8190
279, 8190
280, 8190
281, 8190
282, 8190
283, 8190
284, 8190
285, 8190
286, 8190
287, 8190
288, 8190
289, 8190
290, 8190
291, 8190
292, 8190
293, 8190
294, 8190
295, 8190
296, 8190
297, 8190
298, 8190
299, 8190
300, 8190
301, 8190
302, 8190
303, 8190
304, 8190
305, 8190
306, 8190
307, 8190
308, 8190
309, 8190
310, 8190
311, 8190
312, 8190
313, 8190
314, 8190
315, 8190
316, 8190
317, 8190
318, 8190
319, 8190
320, 8190
321, 8190
322, 8190
323, 8190
324, 8190
325, 8190
326, 8190
327, 8190
328, 8190
329, 8190
330, 8190
331, 8190
332, 8190
333, 8190
334, 8190
335, 8190
336, 8190
337, 8190
338, 8190
339, 8190
340, 8190
341, 8190
342, 8190
343, 8190
344, 8190
345, 8190
346, 8190
347, 8190
348, 8190
349, 8190
350, 8190
351, 8190
352, 8190
353, 8190
354, 8190
355, 8190
356, 8190
357, 8190
358, 8190
359, 8190
360, 8190
361, 8190
362, 8190
363, 8190
364, 8190
365, 8190
366, 8190
367, 8190
368, 8190
369, 8190
370, 8190
371, 8190
372, 8190
373, 8190
374, 8190
375, 8190
376, 8190
377, 8190
378, 8190
379, 8190
380, 8190
381, 8190
382, 8190
383, 8190
384, 8190
385, 8190
386, 8190
387, 8190
388, 8190
389, 8190
390, 8190
391, 8190
392, 8190
393, 8190
394, 8190
395, 8190
396, 8190
397, 8190
398, 8190
399, 8190
400, 8190
401, 8190
402, 8190
403, 8190
404, 8190
405, 8190
406, 8190
407, 8190
408, 8190
409, 8190
410, 8190
411, 8190
412, 8190
413, 8190
414, 8190
415, 8190
416, 8190
417, 8190
418, 8190
419, 8190
420, 8190
421, 8190
422, 8190
423, 8190
424, 8190
425, 8190
426, 8190
427, 8190
428, 8190
429, 8190
430, 8190
431, 8190
432, 8190
433, 8190
434, 8190
435, 8190
436, 8190
437, 8190
438, 8190
439, 8190
440, 8190
441, 8190
442, 8190
443, 8190
444, 8190
445, 8190
446, 8190
447, 8190
448, 8190
449, 8190
450, 8190
451, 8190
452, 8190
453, 8190
454, 8190
455, 8190
456, 8190
457, 8190
458, 8190
459, 8190
460, 8190
461, 8190
462, 8190
463, 8190
464, 8190
465, 8190
466, 8190
467, 8190
468, 8190
469, 8190
470, 8190
471, 8190
472, 8190
473, 8190
474, 8190
475, 8190
476, 8190
477, 8190
478, 8190
479, 8190
480, 8190
481, 8190
482, 8190
483, 8190
484, 8190
485, 8190
486, 8190
487, 8190
488, 8190
489, 8190
490, 8190
491, 8190
492, 8190
493, 8190
494, 8190
495, 8190
496, 8190
497, 8190
498, 8190
499, 8190
500, 8190
=====Start_data=====
Date: 06/26/2021, Time: 23:59
Notes: this is a note for what ever data collection
Collection period (s): 10.00, Sampling Frequency (Hz): 50.00
Counter, Distance(mm)
0, 8190
1, 8190
2, 8190
3, 8190
4, 8190
5, 8190
6, 8190
7, 8190
8, 8190
9, 8190
10, 8190
11, 8190
12, 8190
13, 8190
14, 8190
15, 8190
16, 8190
17, 8190
18, 8190
19, 8190
20, 8190
21, 8190
22, 8190
23, 8190
24, 8190
25, 8190
26, 8190
27, 8190
28, 8190
29, 8190
30, 8190
31, 8190
32, 8190
33, 8190
34, 8190
35, 8190
36, 8190
37, 8190
38, 8190
39, 8190
40, 8190
41, 8190
42, 8190
43, 8190
44, 8190
45, 8190
46, 8190
47, 8190
48, 8190
49, 8190
50, 8190
51, 8190
52, 8190
53, 8190
54, 8190
55, 8190
56, 116
57, 130
58, 116
59, 124
60, 114
61, 104
62, 79
63, 84
64, 73
65, 71
66, 69
67, 76
68, 107
69, 124
70, 130
71, 90
72, 111
73, 99
74, 89
75, 68
76, 46
77, 8190
78, 8190
79, 8190
80, 8190
81, 8190
82, 124
83, 112
84, 8190
85, 8190
86, 114
87, 96
88, 73
89, 72
90, 8190
91, 8190
92, 8190
93, 8190
94, 64
95, 104
96, 8190
97, 8190
98, 8190
99, 8190
100, 90
101, 64
102, 8190
103, 8190
104, 8190
105, 8190
106, 8190
107, 8190
108, 58
109, 103
110, 8190
111, 8190
112, 8190
113, 8190
114, 101
115, 81
116, 88
117, 8190
118, 8190
119, 8190
120, 8190
121, 8190
122, 8190
123, 85
124, 116
125, 8190
126, 8190
127, 8190
128, 96
129, 51
130, 8190
131, 8190
132, 8190
133, 8190
134, 8190
135, 8190
136, 8190
137, 71
138, 93
139, 125
140, 8190
141, 8190
142, 1168
143, 109
144, 91
145, 56
146, 8190
147, 8190
148, 8190
149, 8190
150, 8190
151, 8190
152, 8190
153, 8190
154, 79
155, 102
156, 8190
157, 8190
158, 8190
159, 55
160, 50
161, 0
162, 8190
163, 8190
164, 8190
165, 8190
166, 8190
167, 8190
168, 8190
169, 62
170, 85
171, 71
172, 76
173, 53
174, 68
175, 34
176, 8190
177, 8190
178, 8190
179, 8190
180, 8190
181, 8190
182, 8190
183, 8190
184, 79
185, 82
186, 87
187, 8190
188, 8190
189, 75
190, 73
191, 8190
192, 8190
193, 8190
194, 8190
195, 8190
196, 8190
197, 8190
198, 8190
199, 83
200, 88
201, 152
202, 93
203, 87
204, 66
205, 8190
206, 8190
207, 8190
208, 8190
209, 8190
210, 8190
211, 72
212, 81
213, 123
214, 132
215, 61
216, 52
217, 8190
218, 8190
219, 8190
220, 8190
221, 8190
222, 8190
223, 76
224, 109
225, 84
226, 92
227, 61
228, 79
229, 27
230, 8190
231, 8190
232, 45
233, 75
234, 96
235, 70
236, 89
237, 45
238, 48
239, 40
240, 8190
241, 8190
242, 8190
243, 8190
244, 8190
245, 105
246, 75
247, 79
248, 119
249, 128
250, 67
251, 67
252, 34
253, 8190
254, 8190
255, 8190
256, 8190
257, 8190
258, 200
259, 8190
260, 1237
261, 8190
262, 171
263, 120
264, 68
265, 46
266, 72
267, 122
268, 173
269, 239
270, 343
271, 8190
272, 1274
273, 8190
274, 8190
275, 8190
276, 8190
277, 8190
278, 8190
279, 8190
280, 8190
281, 8190
282, 8190
283, 8190
284, 8190
285, 8190
286, 8190
287, 8190
288, 1269
289, 1081
290, 8190
291, 511
292, 401
293, 342
294, 279
295, 238
296, 190
297, 153
298, 112
299, 98
300, 81
301, 62
302, 72
303, 118
304, 181
305, 219
306, 266
307, 310
308, 328
309, 336
310, 329
311, 318
312, 334
313, 8190
314, 8190
315, 8190
316, 8190
317, 8190
318, 8190
319, 144
320, 160
321, 160
322, 240
323, 347
324, 352
325, 395
326, 500
327, 813
328, 1232
329, 1298
330, 1280
331, 8190
332, 1255
333, 8190
334, 8190
335, 215
336, 120
337, 100
338, 121
339, 127
340, 144
341, 177
342, 233
343, 286
344, 385
345, 524
346, 8190
347, 8190
348, 8190
349, 8190
350, 8190
351, 8190
352, 8190
353, 8190
354, 1072
355, 430
356, 260
357, 213
358, 171
359, 132
360, 115
361, 108
362, 118
363, 138
364, 163
365, 193
366, 224
367, 223
368, 219
369, 211
370, 198
371, 197
372, 155
373, 119
374, 91
375, 58
376, 63
377, 94
378, 95
379, 125
380, 145
381, 192
382, 258
383, 370
384, 8190
385, 1269
386, 8190
387, 8190
388, 8190
389, 8190
390, 8190
391, 8190
392, 308
393, 216
394, 169
395, 132
396, 109
397, 117
398, 130
399, 161
400, 187
401, 212
402, 206
403, 228
404, 228
405, 223
406, 224
407, 207
408, 176
409, 116
410, 82
411, 52
412, 80
413, 118
414, 156
415, 171
416, 179
417, 230
418, 318
419, 415
420, 8190
421, 8190
422, 8190
423, 8190
424, 8190
425, 8190
426, 8190
427, 8190
428, 276
429, 208
430, 156
431, 107
432, 86
433, 96
434, 109
435, 141
436, 187
437, 237
438, 330
439, 8190
440, 8190
441, 8190
442, 8190
443, 8190
444, 8190
445, 8190
446, 8190
447, 8190
448, 8190
449, 8190
450, 8190
451, 246
452, 184
453, 148
454, 83
455, 118
456, 68
457, 99
458, 120
459, 164
460, 8190
461, 8190
462, 8190
463, 8190
464, 8190
465, 135
466, 8190
467, 8190
468, 8190
469, 8190
470, 129
471, 8190
472, 8190
473, 8190
474, 8190
475, 8190
476, 8190
477, 8190
478, 111
479, 8190
480, 8190
481, 122
482, 146
483, 8190
484, 8190
485, 8190
486, 8190
487, 8190
488, 8190
489, 8190
490, 106
491, 85
492, 85
493, 8190
494, 8190
495, 8190
496, 8190
497, 91
498, 8190
499, 8190
500, 8190
=====End_data=====
=====Start_data=====
Date: 06/26/2021, Time: 23:59
Notes: this is a note for what ever data collection
Collection period (s): 10.00, Sampling Frequency (Hz): 50.00
Counter, Distance(mm)
0, 8190
1, 8190
2, 8190
3, 8190
4, 8190
5, 8190
6, 8190
7, 8190
8, 8190
9, 8190
10, 8190
11, 8190
12, 8190
13, 8190
14, 8190
15, 8190
16, 8190
17, 8190
18, 8190
19, 8190
20, 8190
21, 8190
22, 8190
23, 8190
24, 8190
25, 8190
26, 8190
27, 8190
28, 8190
29, 8190
30, 8190
31, 8190
32, 8190
33, 8190
34, 8190
35, 8190
36, 8190
37, 8190
38, 8190
39, 8190
40, 8190
41, 8190
42, 8190
43, 8190
44, 8190
45, 8190
46, 8190
47, 8190
48, 8190
49, 8190
50, 8190
51, 8190
52, 8190
53, 8190
54, 8190
55, 8190
56, 8190
57, 8190
58, 8190
59, 8190
60, 8190
61, 8190
62, 8190
63, 8190
64, 8190
65, 8190
66, 8190
67, 8190
68, 8190
69, 8190
70, 8190
71, 8190
72, 8190
73, 8190
74, 8190
75, 8190
76, 8190
77, 8190
78, 8190
79, 8190
80, 8190
81, 8190
82, 8190
83, 8190
84, 8190
85, 8190
86, 8190
87, 8190
88, 8190
89, 8190
90, 8190
91, 8190
92, 8190
93, 8190
94, 8190
95, 8190
96, 8190
97, 8190
98, 8190
99, 8190
100, 8190
101, 8190
102, 8190
103, 8190
104, 8190
105, 8190
106, 8190
107, 8190
108, 8190
109, 8190
110, 8190
111, 8190
112, 8190
113, 8190
114, 8190
115, 8190
116, 8190
117, 8190
118, 8190
119, 8190
120, 8190
121, 8190
122, 8190
123, 8190
124, 8190
125, 8190
126, 8190
127, 8190
128, 8190
129, 8190
130, 8190
131, 8190
132, 8190
133, 8190
134, 8190
135, 8190
136, 8190
137, 8190
138, 8190
139, 8190
140, 8190
141, 8190
142, 8190
143, 8190
144, 8190
145, 8190
146, 8190
147, 8190
148, 8190
149, 8190
150, 8190
151, 8190
152, 8190
153, 8190
154, 8190
155, 8190
156, 8190
157, 8190
158, 8190
159, 8190
160, 8190
161, 8190
162, 8190
163, 8190
164, 8190
165, 8190
166, 8190
167, 8190
168, 8190
169, 8190
170, 8190
171, 8190
172, 8190
173, 8190
174, 8190
175, 8190
176, 8190
177, 8190
178, 8190
179, 8190
180, 8190
181, 8190
182, 8190
183, 8190
184, 8190
185, 8190
186, 8190
187, 8190
188, 8190
189, 8190
190, 8190
191, 8190
192, 8190
193, 8190
194, 8190
195, 8190
196, 8190
197, 8190
198, 8190
199, 8190
200, 8190
201, 8190
202, 8190
203, 8190
204, 8190
205, 8190
206, 8190
207, 8190
208, 8190
209, 8190
210, 8190
211, 8190
212, 8190
213, 8190
214, 8190
215, 8190
216, 8190
217, 8190
218, 8190
219, 8190
220, 8190
221, 8190
222, 8190
223, 8190
224, 8190
225, 8190
226, 8190
227, 8190
228, 8190
229, 8190
230, 8190
231, 8190
232, 8190
233, 8190
234, 8190
235, 8190
236, 8190
237, 8190
238, 8190
239, 8190
240, 8190
241, 8190
242, 8190
243, 8190
244, 8190
245, 8190
246, 8190
247, 8190
248, 8190
249, 8190
250, 8190
251, 8190
252, 8190
253, 8190
254, 8190
255, 8190
256, 8190
257, 8190
258, 8190
259, 8190
260, 8190
261, 8190
262, 8190
263, 8190
264, 8190
265, 8190
266, 8190
267, 8190
268, 8190
269, 8190
270, 8190
271, 8190
272, 8190
273, 8190
274, 8190
275, 8190
276, 8190
277, 8190
278, 8190
279, 8190
280, 8190
281, 8190
282, 8190
283, 8190
284, 8190
285, 8190
286, 8190
287, 8190
288, 8190
289, 8190
290, 8190
291, 8190
292, 8190
293, 8190
294, 8190
295, 8190
296, 8190
297, 8190
298, 8190
299, 8190
300, 8190
301, 8190
302, 8190
303, 8190
304, 8190
305, 8190
306, 8190
307, 8190
308, 8190
309, 8190
310, 8190
311, 8190
312, 8190
313, 8190
314, 8190
315, 8190
316, 8190
317, 8190
318, 8190
319, 8190
320, 8190
321, 8190
322, 8190
323, 8190
324, 8190
325, 8190
326, 8190
327, 8190
328, 8190
329, 8190
330, 8190
331, 8190
332, 8190
333, 8190
334, 8190
335, 8190
336, 8190
337, 8190
338, 8190
339, 8190
340, 8190
341, 8190
342, 8190
343, 8190
344, 8190
345, 8190
346, 8190
347, 8190
348, 8190
349, 8190
350, 8190
351, 8190
352, 8190
353, 8190
354, 8190
355, 8190
356, 8190
357, 8190
358, 8190
359, 8190
360, 8190
361, 8190
362, 8190
363, 8190
364, 8190
365, 8190
366, 8190
367, 8190
368, 8190
369, 8190
370, 8190
371, 8190
372, 8190
373, 8190
374, 8190
375, 8190
376, 8190
377, 8190
378, 8190
379, 8190
380, 8190
381, 8190
382, 8190
383, 8190
384, 8190
385, 8190
386, 8190
387, 8190
388, 8190
389, 8190
390, 8190
391, 8190
392, 8190
393, 8190
394, 8190
395, 8190
396, 8190
397, 8190
398, 8190
399, 8190
400, 8190
401, 8190
402, 8190
403, 8190
404, 8190
405, 8190
406, 8190
407, 8190
408, 8190
409, 8190
410, 8190
411, 8190
412, 8190
413, 8190
414, 8190
415, 8190
416, 8190
417, 8190
418, 8190
419, 8190
420, 8190
421, 8190
422, 8190
423, 8190
424, 8190
425, 8190
426, 8190
427, 8190
428, 8190
429, 8190
430, 8190
431, 8190
432, 8190
433, 8190
434, 8190
435, 8190
436, 8190
437, 8190
438, 8190
439, 8190
440, 8190
441, 8190
442, 8190
443, 8190
444, 8190
445, 8190
446, 8190
447, 8190
448, 8190
449, 8190
450, 8190
451, 8190
452, 8190
453, 8190
454, 8190
455, 8190
456, 8190
457, 8190
458, 8190
459, 8190
460, 8190
461, 8190
462, 8190
463, 8190
464, 8190
465, 8190
466, 8190
467, 8190
468, 8190
469, 8190
470, 8190
471, 8190
472, 8190
473, 8190
474, 8190
475, 8190
476, 8190
477, 8190
478, 8190
479, 8190
480, 8190
481, 8190
482, 8190
483, 8190
484, 8190
485, 8190
486, 8190
487, 8190
488, 8190
489, 8190
490, 8190
491, 8190
492, 8190
493, 8190
494, 8190
495, 8190
496, 8190
497, 8190
498, 8190
499, 8190
500, 8190
=====End_data=====
=====Start_data=====
Date: 06/26/2021, Time: 23:59
Notes: this is a note for what ever data collection
Collection period (s): 10.00, Sampling Frequency (Hz): 50.00
Counter, Distance(mm)
0, 8190
1, 8190
2, 8190
3, 8190
4, 8190
5, 8190
6, 8190
7, 8190
8, 8190
9, 8190
10, 8190
11, 8190
12, 8190
13, 8190
14, 8190
15, 8190
16, 8190
17, 8190
18, 8190
19, 8190
20, 8190
21, 8190
22, 8190
23, 8190
24, 8190
25, 8190
26, 8190
27, 8190
28, 8190
29, 8190
30, 8190
31, 8190
32, 8190
33, 8190
34, 8190
35, 8190
36, 8190
37, 8190
38, 8190
39, 8190
40, 8190
41, 8190
42, 8190
43, 8190
44, 8190
45, 8190
46, 8190
47, 8190
48, 8190
49, 8190
50, 8190
51, 8190
52, 8190
53, 8190
54, 8190
55, 8190
56, 8190
57, 8190
58, 8190
59, 8190
60, 8190
61, 8190
62, 8190
63, 8190
64, 8190
65, 8190
66, 8190
67, 8190
68, 8190
69, 8190
70, 8190
71, 8190
72, 8190
73, 8190
74, 8190
75, 8190
76, 8190
77, 8190
78, 8190
79, 8190
80, 8190
81, 8190
82, 8190
83, 8190
84, 8190
85, 8190
86, 8190
87, 8190
88, 8190
89, 8190
90, 8190
91, 8190
92, 8190
93, 8190
94, 8190
95, 8190
96, 8190
97, 8190
98, 8190
99, 8190
100, 8190
101, 8190
102, 8190
103, 8190
104, 8190
105, 8190
106, 8190
107, 8190
108, 8190
109, 8190
110, 8190
111, 8190
112, 8190
113, 8190
114, 8190
115, 8190
116, 8190
117, 8190
118, 8190
119, 8190
120, 8190
121, 8190
122, 8190
123, 8190
124, 8190
125, 8190
126, 8190
127, 8190
128, 8190
129, 8190
130, 8190
131, 8190
132, 8190
133, 8190
134, 8190
135, 8190
136, 8190
137, 8190
138, 8190
139, 8190
140, 8190
141, 8190
142, 8190
143, 8190
144, 8190
145, 8190
146, 8190
147, 8190
148, 8190
149, 8190
150, 8190
151, 8190
152, 8190
153, 8190
154, 8190
155, 8190
156, 8190
157, 8190
158, 8190
159, 8190
160, 8190
161, 8190
162, 8190
163, 8190
164, 8190
165, 8190
166, 8190
167, 8190
168, 8190
169, 8190
170, 8190
171, 8190
172, 8190
173, 8190
174, 8190
175, 8190
176, 8190
177, 8190
178, 8190
179, 8190
180, 8190
181, 8190
182, 8190
183, 8190
184, 8190
185, 8190
186, 8190
187, 8190
188, 8190
189, 8190
190, 8190
191, 8190
192, 8190
193, 8190
194, 8190
195, 8190
196, 8190
197, 8190
198, 8190
199, 8190
200, 8190
201, 8190
202, 8190
203, 8190
204, 8190
205, 8190
206, 8190
207, 8190
208, 8190
209, 8190
210, 8190
211, 8190
212, 8190
213, 8190
214, 8190
215, 8190
216, 8190
217, 8190
218, 8190
219, 8190
220, 8190
221, 8190
222, 8190
223, 8190
224, 8190
225, 8190
226, 8190
227, 8190
228, 8190
229, 8190
230, 8190
231, 8190
232, 8190
233, 8190
234, 8190
235, 8190
236, 8190
237, 8190
238, 8190
239, 8190
240, 8190
241, 8190
242, 8190
243, 8190
244, 8190
245, 8190
246, 8190
247, 8190
248, 8190
249, 8190
250, 8190
251, 8190
252, 8190
253, 8190
254, 8190
255, 8190
256, 8190
257, 8190
258, 8190
259, 8190
260, 8190
261, 8190
262, 8190
263, 8190
264, 8190
265, 8190
266, 8190
267, 8190
268, 8190
269, 8190
270, 8190
271, 8190
272, 8190
273, 8190
274, 8190
275, 8190
276, 8190
277, 8190
278, 8190
279, 8190
280, 8190
281, 8190
282, 8190
283, 8190
284, 8190
285, 8190
286, 8190
287, 8190
288, 8190
289, 8190
290, 8190
291, 8190
292, 8190
293, 8190
294, 8190
295, 8190
296, 8190
297, 8190
298, 8190
299, 8190
300, 8190
301, 8190
302, 8190
303, 8190
304, 8190
305, 8190
306, 8190
307, 8190
308, 8190
309, 8190
310, 8190
311, 8190
312, 8190
313, 8190
314, 8190
315, 8190
316, 8190
317, 8190
318, 8190
319, 8190
320, 8190
321, 8190
322, 8190
323, 8190
324, 8190
325, 8190
326, 8190
327, 8190
328, 8190
329, 8190
330, 8190
331, 8190
332, 8190
333, 8190
334, 8190
335, 8190
336, 8190
337, 8190
338, 8190
339, 8190
340, 8190
341, 8190
342, 8190
343, 8190
344, 8190
345, 8190
346, 8190
347, 8190
348, 8190
349, 8190
350, 8190
351, 8190
352, 8190
353, 8190
354, 8190
355, 8190
356, 8190
357, 8190
358, 8190
359, 8190
360, 8190
361, 8190
362, 8190
363, 8190
364, 8190
365, 8190
366, 8190
367, 8190
368, 8190
369, 8190
370, 8190
371, 8190
372, 8190
373, 8190
374, 8190
375, 8190
376, 8190
377, 8190
378, 8190
379, 8190
380, 8190
381, 8190
382, 8190
383, 8190
384, 8190
385, 8190
386, 8190
387, 8190
388, 8190
389, 8190
390, 8190
391, 8190
392, 8190
393, 8190
394, 8190
395, 8190
396, 8190
397, 8190
398, 8190
399, 8190
400, 8190
401, 8190
402, 8190
403, 8190
404, 8190
405, 8190
406, 8190
407, 8190
408, 8190
409, 8190
410, 8190
411, 8190
412, 8190
413, 8190
414, 8190
415, 8190
416, 8190
417, 8190
418, 8190
419, 8190
420, 8190
421, 8190
422, 8190
423, 8190
424, 8190
425, 8190
426, 8190
427, 8190
428, 8190
429, 8190
430, 8190
431, 8190
432, 8190
433, 8190
434, 8190
435, 8190
436, 8190
437, 8190
438, 8190
439, 8190
440, 8190
441, 8190
442, 8190
443, 8190
444, 8190
445, 8190
446, 8190
447, 8190
448, 8190
449, 8190
450, 8190
451, 8190
452, 8190
453, 8190
454, 8190
455, 8190
456, 8190
457, 8190
458, 8190
459, 8190
460, 8190
461, 8190
462, 8190
463, 8190
464, 8190
465, 8190
466, 8190
467, 8190
468, 8190
469, 8190
470, 8190
471, 8190
472, 8190
473, 8190
474, 8190
475, 8190
476, 8190
477, 8190
478, 8190
479, 8190
480, 8190
481, 8190
482, 8190
483, 8190
484, 8190
485, 8190
486, 8190
487, 8190
488, 8190
489, 8190
490, 8190
491, 8190
492, 8190
493, 8190
494, 8190
495, 8190
496, 8190
497, 8190
498, 8190
499, 8190
500, 8190
=====End_data=====
=====Start_data=====
Date: 06/27/2021, Time: 11:48
Notes: this is a note for what ever data collection
Collection period (s): 10.00, Sampling Frequency (Hz): 50.00
Counter, Distance(mm)
0, 324
1, 323
2, 319
3, 319
4, 322
5, 315
6, 324
7, 322
8, 318
9, 318
10, 316
11, 317
12, 321
13, 326
14, 323
15, 320
16, 317
17, 318
18, 320
19, 326
20, 322
21, 323
22, 318
23, 318
24, 325
25, 324
26, 325
27, 320
28, 322
29, 318
30, 323
31, 320
32, 320
33, 323
34, 322
35, 322
36, 324
37, 323
38, 321
39, 319
40, 318
41, 321
42, 324
43, 324
44, 321
45, 325
46, 321
47, 327
48, 329
49, 325
50, 322
51, 318
52, 326
53, 327
54, 323
55, 321
56, 319
57, 317
58, 319
59, 326
60, 325
61, 323
62, 325
63, 318
64, 322
65, 319
66, 323
67, 326
68, 321
69, 324
70, 325
71, 327
72, 332
73, 319
74, 325
75, 326
76, 320
77, 326
78, 318
79, 325
80, 322
81, 319
82, 317
83, 321
84, 322
85, 321
86, 321
87, 329
88, 320
89, 318
90, 317
91, 329
92, 323
93, 328
94, 325
95, 319
96, 325
97, 323
98, 326
99, 323
100, 321
101, 324
102, 323
103, 323
104, 324
105, 319
106, 320
107, 324
108, 323
109, 318
110, 323
111, 323
112, 322
113, 325
114, 320
115, 321
116, 320
117, 323
118, 326
119, 317
120, 326
121, 319
122, 320
123, 320
124, 323
125, 320
126, 321
127, 323
128, 326
129, 320
130, 320
131, 319
132, 320
133, 325
134, 322
135, 327
136, 325
137, 321
138, 321
139, 323
140, 320
141, 318
142, 323
143, 319
144, 320
145, 331
146, 321
147, 321
148, 322
149, 325
150, 320
151, 326
152, 320
153, 320
154, 321
155, 328
156, 326
157, 322
158, 324
159, 320
160, 319
161, 325
162, 319
163, 322
164, 319
165, 320
166, 322
167, 325
168, 322
169, 320
170, 322
171, 327
172, 323
173, 318
174, 318
175, 322
176, 323
177, 322
178, 328
179, 329
180, 326
181, 323
182, 326
183, 321
184, 325
185, 324
186, 324
187, 324
188, 323
189, 322
190, 314
191, 320
192, 329
193, 323
194, 321
195, 321
196, 324
197, 321
198, 317
199, 320
200, 317
201, 326
202, 323
203, 323
204, 326
205, 318
206, 321
207, 321
208, 317
209, 322
210, 322
211, 318
212, 319
213, 319
214, 323
215, 320
216, 326
217, 322
218, 326
219, 324
220, 322
221, 326
222, 317
223, 322
224, 320
225, 322
226, 327
227, 321
228, 325
229, 324
230, 316
231, 322
232, 323
233, 322
234, 327
235, 322
236, 327
237, 322
238, 324
239, 325
240, 322
241, 323
242, 315
243, 327
244, 323
245, 330
246, 321
247, 324
248, 325
249, 328
250, 327
251, 325
252, 320
253, 326
254, 317
255, 321
256, 325
257, 325
258, 326
259, 319
260, 321
261, 324
262, 320
263, 322
264, 323
265, 311
266, 325
267, 325
268, 324
269, 323
270, 325
271, 326
272, 320
273, 323
274, 319
275, 328
276, 318
277, 324
278, 326
279, 327
280, 325
281, 321
282, 320
283, 328
284, 326
285, 319
286, 317
287, 322
288, 320
289, 330
290, 323
291, 327
292, 319
293, 314
294, 324
295, 323
296, 325
297, 326
298, 326
299, 327
300, 321
301, 327
302, 322
303, 326
304, 319
305, 324
306, 318
307, 320
308, 320
309, 323
310, 323
311, 325
312, 325
313, 322
314, 319
315, 328
316, 321
317, 322
318, 317
319, 322
320, 325
321, 326
322, 324
323, 326
324, 327
325, 322
326, 320
327, 323
328, 316
329, 323
330, 326
331, 319
332, 323
333, 321
334, 327
335, 323
336, 322
337, 323
338, 320
339, 326
340, 322
341, 324
342, 331
343, 323
344, 321
345, 322
346, 318
347, 319
348, 323
349, 320
350, 323
351, 320
352, 321
353, 322
354, 321
355, 322
356, 327
357, 321
358, 320
359, 323
360, 322
361, 326
362, 323
363, 319
364, 323
365, 324
366, 326
367, 324
368, 320
369, 329
370, 323
371, 319
372, 321
373, 318
374, 314
375, 319
376, 325
377, 329
378, 320
379, 317
380, 322
381, 324
382, 321
383, 317
384, 324
385, 320
386, 321
387, 319
388, 320
389, 320
390, 323
391, 323
392, 322
393, 316
394, 322
395, 322
396, 323
397, 326
398, 328
399, 328
400, 324
401, 320
402, 330
403, 322
404, 328
405, 322
406, 324
407, 322
408, 324
409, 326
410, 325
411, 325
412, 323
413, 324
414, 321
415, 327
416, 322
417, 322
418, 324
419, 318
420, 323
421, 332
422, 321
423, 326
424, 322
425, 324
426, 329
427, 325
428, 321
429, 321
430, 318
431, 324
432, 325
433, 319
434, 321
435, 323
436, 324
437, 327
438, 327
439, 323
440, 321
441, 323
442, 320
443, 327
444, 321
445, 325
446, 326
447, 324
448, 319
449, 329
450, 320
451, 324
452, 322
453, 320
454, 322
455, 320
456, 331
457, 325
458, 321
459, 327
460, 327
461, 318
462, 323
463, 325
464, 320
465, 324
466, 320
467, 322
468, 318
469, 319
470, 322
471, 322
472, 322
473, 324
474, 324
475, 318
476, 325
477, 324
478, 322
479, 322
480, 321
481, 324
482, 320
483, 326
484, 325
485, 321
486, 322
487, 325
488, 325
489, 326
490, 324
491, 325
492, 321
493, 322
494, 325
495, 317
496, 326
497, 318
498, 320
499, 324
500, 323
=====End_data=====
=====Start_data=====
Date: 06/27/2021, Time: 11:48
Notes: this is a note for what ever data collection
Collection period (s): 10.00, Sampling Frequency (Hz): 50.00
Counter, Distance(mm)
0, 322
1, 327
2, 324
3, 328
4, 327
5, 317
6, 325
7, 322
8, 327
9, 322
10, 324
11, 322
12, 324
13, 321
14, 325
15, 323
16, 324
17, 323
18, 329
19, 324
20, 331
21, 325
22, 334
23, 329
24, 324
25, 323
26, 322
27, 324
28, 327
29, 321
30, 322
31, 319
32, 315
33, 320
34, 317
35, 326
36, 320
37, 322
38, 320
39, 326
40, 324
41, 322
42, 320
43, 322
44, 321
45, 323
46, 323
47, 319
48, 324
49, 321
50, 320
51, 327
52, 324
53, 324
54, 321
55, 321
56, 321
57, 328
58, 322
59, 326
60, 320
61, 329
62, 330
63, 323
64, 324
65, 326
66, 319
67, 324
68, 322
69, 326
70, 320
71, 321
72, 322
73, 323
74, 326
75, 323
76, 325
77, 324
78, 325
79, 325
80, 327
81, 325
82, 324
83, 326
84, 323
85, 328
86, 321
87, 322
88, 322
89, 321
90, 323
91, 325
92, 331
93, 324
94, 324
95, 325
96, 324
97, 326
98, 329
99, 323
100, 330
101, 321
102, 326
103, 326
104, 319
105, 322
106, 327
107, 327
108, 323
109, 326
110, 328
111, 325
112, 326
113, 318
114, 328
115, 319
116, 324
117, 328
118, 328
119, 319
120, 328
121, 319
122, 321
123, 327
124, 324
125, 322
126, 327
127, 328
128, 319
129, 325
130, 325
131, 325
132, 324
133, 326
134, 323
135, 325
136, 317
137, 324
138, 322
139, 323
140, 318
141, 322
142, 319
143, 330
144, 320
145, 325
146, 318
147, 326
148, 321
149, 325
150, 327
151, 323
152, 322
153, 318
154, 322
155, 328
156, 317
157, 329
158, 321
159, 324
160, 324
161, 319
162, 323
163, 326
164, 324
165, 320
166, 327
167, 321
168, 322
169, 321
170, 328
171, 325
172, 321
173, 319
174, 325
175, 323
176, 325
177, 323
178, 322
179, 320
180, 320
181, 323
182, 323
183, 325
184, 327
185, 321
186, 327
187, 322
188, 322
189, 322
190, 323
191, 324
192, 330
193, 330
194, 329
195, 326
196, 327
197, 325
198, 324
199, 329
200, 325
201, 328
202, 319
203, 325
204, 324
205, 323
206, 323
207, 329
208, 321
209, 320
210, 322
211, 323
212, 328
213, 322
214, 328
215, 318
216, 329
217, 322
218, 325
219, 321
220, 324
221, 324
222, 319
223, 323
224, 328
225, 323
226, 321
227, 325
228, 316
229, 327
230, 323
231, 319
232, 326
233, 316
234, 327
235, 319
236, 326
237, 320
238, 323
239, 330
240, 325
241, 321
242, 326
243, 318
244, 322
245, 322
246, 326
247, 322
248, 326
249, 324
250, 320
251, 324
252, 326
253, 323
254, 322
255, 326
256, 324
257, 321
258, 329
259, 324
260, 323
261, 321
262, 326
263, 324
264, 325
265, 328
266, 325
267, 323
268, 325
269, 317
270, 326
271, 325
272, 328
273, 330
274, 318
275, 329
276, 318
277, 325
278, 324
279, 322
280, 325
281, 321
282, 328
283, 320
284, 324
285, 323
286, 323
287, 325
288, 323
289, 327
290, 326
291, 328
292, 329
293, 326
294, 328
295, 321
296, 326
297, 326
298, 319
299, 327
300, 330
301, 320
302, 325
303, 325
304, 330
305, 322
306, 326
307, 325
308, 323
309, 320
310, 325
311, 324
312, 321
313, 328
314, 319
315, 328
316, 325
317, 317
318, 324
319, 320
320, 321
321, 325
322, 323
323, 319
324, 324
325, 322
326, 322
327, 326
328, 327
329, 319
330, 328
331, 326
332, 325
333, 322
334, 323
335, 319
336, 327
337, 319
338, 323
339, 324
340, 321
341, 321
342, 321
343, 322
344, 327
345, 321
346, 322
347, 326
348, 322
349, 322
350, 323
351, 330
352, 320
353, 320
354, 325
355, 324
356, 323
357, 324
358, 321
359, 323
360, 327
361, 321
362, 323
363, 323
364, 322
365, 318
366, 323
367, 321
368, 321
369, 325
370, 326
371, 323
372, 324
373, 325
374, 322
375, 326
376, 321
377, 328
378, 325
379, 319
380, 323
381, 321
382, 327
383, 321
384, 323
385, 319
386, 321
387, 323
388, 323
389, 327
390, 327
391, 327
392, 322
393, 325
394, 330
395, 327
396, 329
397, 326
398, 323
399, 325
400, 322
401, 334
402, 327
403, 327
404, 328
405, 325
406, 322
407, 323
408, 319
409, 321
410, 321
411, 322
412, 330
413, 325
414, 323
415, 327
416, 327
417, 321
418, 324
419, 323
420, 324
421, 320
422, 325
423, 322
424, 324
425, 316
426, 320
427, 322
428, 324
429, 328
430, 321
431, 324
432, 330
433, 324
434, 325
435, 323
436, 317
437, 317
438, 318
439, 324
440, 323
441, 322
442, 328
443, 330
444, 322
445, 322
446, 325
447, 317
448, 318
449, 325
450, 324
451, 321
452, 318
453, 320
454, 322
455, 327
456, 318
457, 318
458, 323
459, 323
460, 321
461, 331
462, 326
463, 327
464, 323
465, 319
466, 323
467, 321
468, 325
469, 327
470, 319
471, 320
472, 329
473, 326
474, 327
475, 320
476, 320
477, 317
478, 318
479, 328
480, 324
481, 325
482, 327
483, 323
484, 324
485, 328
486, 321
487, 318
488, 323
489, 325
490, 325
491, 324
492, 320
493, 328
494, 325
495, 322
496, 323
497, 326
498, 321
499, 323
500, 322
=====End_data=====
