=====Start_data=====
Date: 13/02/2022, Time: 00:00
Notes: filter and calibrated data
Collection period (s): 30.00, Sampling Frequency (Hz): 50.00
Counter, Distance(mm)
0, 3.61, 4.89
1, 11.35, 15.39
2, 23.47, 31.68
3, 38.07, 51.12
4, 53.68, 71.69
5, 69.18, 91.96
6, 83.67, 110.84
7, 96.62, 127.70
8, 107.75, 142.21
9, 117.12, 154.29
10, 124.79, 164.02
11, 130.88, 171.67
12, 135.50, 177.49
13, 138.82, 181.76
14, 141.02, 184.73
15, 142.31, 186.66
16, 142.96, 187.82
17, 143.16, 188.40
18, 143.08, 188.57
19, 142.69, 188.31
20, 142.07, 187.70
21, 141.09, 186.62
22, 139.84, 185.17
23, 138.23, 183.32
24, 136.36, 181.22
25, 134.34, 178.99
26, 132.16, 176.59
27, 129.90, 174.12
28, 127.46, 171.45
29, 124.96, 168.68
30, 122.46, 165.91
31, 120.01, 163.14
32, 117.69, 160.45
33, 115.55, 158.02
34, 113.65, 155.93
35, 112.01, 154.26
36, 110.60, 152.89
37, 109.39, 151.76
38, 108.65, 150.95
39, 108.43, 150.48
40, 108.74, 150.34
41, 109.58, 150.63
42, 110.85, 151.29
43, 112.60, 152.59
44, 114.68, 154.43
45, 116.95, 156.69
46, 119.25, 159.10
47, 121.43, 161.48
48, 123.23, 163.74
49, 124.57, 165.80
50, 125.53, 167.77
51, 126.23, 169.63
52, 126.77, 171.37
53, 127.26, 172.90
54, 127.75, 174.16
55, 128.19, 174.99
56, 128.52, 175.38
57, 128.73, 175.36
58, 128.60, 174.91
59, 128.11, 174.08
60, 127.15, 172.81
61, 125.84, 171.20
62, 124.29, 169.37
63, 122.55, 167.19
64, 120.71, 164.72
65, 118.77, 162.10
66, 116.82, 159.54
67, 114.93, 157.18
68, 113.26, 155.06
69, 111.87, 153.21
70, 110.75, 151.53
71, 109.84, 150.01
72, 109.29, 148.91
73, 109.12, 148.32
74, 109.32, 148.26
75, 109.86, 148.82
76, 110.68, 149.91
77, 111.91, 151.58
78, 113.47, 153.66
79, 115.29, 155.98
80, 117.22, 158.53
81, 119.13, 161.16
82, 121.03, 163.80
83, 122.85, 166.30
84, 124.56, 168.58
85, 126.16, 170.56
86, 127.62, 172.25
87, 128.87, 173.55
88, 129.89, 174.47
89, 130.67, 175.04
90, 131.02, 175.12
91, 130.94, 174.73
92, 130.38, 173.76
93, 129.47, 172.33
94, 128.22, 170.48
95, 126.75, 168.40
96, 125.14, 166.22
97, 123.31, 164.04
98, 121.32, 161.95
99, 119.21, 159.88
100, 117.13, 157.85
101, 115.19, 155.91
102, 113.33, 154.18
103, 111.59, 152.71
104, 110.02, 151.59
105, 108.67, 150.81
106, 107.58, 150.32
107, 106.90, 150.12
108, 106.61, 150.16
109, 106.97, 150.63
110, 107.88, 151.51
111, 109.28, 152.73
112, 111.13, 154.41
113, 113.28, 156.44
114, 115.74, 158.73
115, 118.33, 161.05
116, 120.93, 163.26
117, 123.45, 165.41
118, 125.81, 167.48
119, 127.95, 169.43
120, 129.83, 171.20
121, 131.40, 172.59
122, 132.65, 173.57
123, 133.60, 174.11
124, 134.02, 174.14
125, 133.91, 173.71
126, 133.12, 172.81
127, 131.79, 171.59
128, 130.08, 170.17
129, 128.01, 168.44
130, 125.74, 166.47
131, 123.28, 164.26
132, 120.77, 161.98
133, 118.34, 159.74
134, 116.05, 157.60
135, 113.98, 155.61
136, 112.13, 153.78
137, 110.51, 152.15
138, 109.14, 150.73
139, 108.12, 149.60
140, 107.45, 148.74
141, 107.22, 148.34
142, 107.37, 148.37
143, 107.83, 149.02
144, 108.70, 150.17
145, 109.91, 151.71
146, 111.54, 153.63
147, 113.44, 155.82
148, 115.63, 158.19
149, 117.97, 160.57
150, 120.36, 162.85
151, 122.77, 165.10
152, 125.11, 167.29
153, 127.22, 169.42
154, 129.01, 171.41
155, 130.43, 173.21
156, 131.56, 174.54
157, 132.45, 175.35
158, 132.92, 175.45
159, 132.95, 174.94
160, 132.54, 173.95
161, 131.53, 172.51
162, 130.00, 170.75
163, 127.98, 168.73
164, 125.73, 166.61
165, 123.42, 164.34
166, 121.08, 162.01
167, 118.80, 159.68
168, 116.54, 157.42
169, 114.38, 155.31
170, 112.29, 153.34
171, 110.31, 151.53
172, 108.48, 149.92
173, 106.98, 148.66
174, 105.87, 147.78
175, 105.42, 147.47
176, 105.58, 147.67
177, 106.31, 148.30
178, 107.50, 149.46
179, 109.00, 151.03
180, 110.93, 153.06
181, 113.19, 155.38
182, 115.67, 157.84
183, 118.25, 160.45
184, 120.81, 163.13
185, 123.25, 165.77
186, 125.49, 168.24
187, 127.45, 170.44
188, 129.18, 172.43
189, 130.68, 174.24
190, 131.85, 175.57
191, 132.68, 176.35
192, 133.17, 176.43
193, 133.16, 175.94
194, 132.68, 175.01
195, 131.61, 173.66
196, 130.10, 172.02
197, 128.16, 169.98
198, 125.95, 167.68
199, 123.60, 165.24
200, 121.17, 162.76
201, 118.77, 160.37
202, 116.40, 158.01
203, 114.16, 155.72
204, 112.10, 153.55
205, 110.25, 151.65
206, 108.63, 150.08
207, 107.41, 148.93
208, 106.61, 148.15
209, 106.23, 147.70
210, 106.28, 147.64
211, 106.67, 147.93
212, 107.57, 148.72
213, 108.91, 149.93
214, 110.60, 151.69
215, 112.69, 153.85
216, 115.07, 156.28
217, 117.64, 158.83
218, 120.20, 161.34
219, 122.63, 163.72
220, 124.87, 165.89
221, 126.85, 167.79
222, 128.65, 169.59
223, 130.26, 171.31
224, 131.54, 172.76
225, 132.44, 173.85
226, 132.93, 174.52
227, 132.91, 174.55
228, 132.42, 174.00
229, 131.17, 172.81
230, 129.28, 171.19
231, 126.88, 169.29
232, 124.26, 167.23
233, 121.65, 165.11
234, 119.20, 162.90
235, 116.99, 160.68
236, 115.07, 158.49
237, 113.37, 156.48
238, 111.88, 154.71
239, 110.63, 153.09
240, 109.64, 151.58
241, 108.91, 150.34
242, 108.48, 149.42
243, 108.33, 148.86
244, 108.58, 148.93
245, 109.18, 149.61
246, 110.07, 150.94
247, 111.31, 152.68
248, 112.81, 154.67
249, 114.73, 156.94
250, 116.94, 159.39
251, 119.41, 161.96
252, 121.94, 164.51
253, 124.41, 166.90
254, 126.71, 168.96
255, 128.77, 170.62
256, 130.62, 171.96
257, 132.27, 173.07
258, 133.74, 174.00
259, 134.89, 174.78
260, 135.70, 175.44
261, 136.33, 176.12
262, 136.90, 176.84
263, 137.46, 177.62
264, 137.88, 178.29
265, 138.13, 178.81
266, 138.37, 179.07
267, 138.70, 179.11
268, 139.16, 179.01
269, 139.55, 178.81
270, 139.81, 178.58
271, 139.90, 178.49
272, 139.86, 178.59
273, 139.73, 178.87
274, 139.63, 179.24
275, 139.59, 179.65
276, 139.58, 179.93
277, 139.57, 180.04
278, 139.59, 179.87
279, 139.65, 179.48
280, 139.77, 178.91
281, 139.94, 178.28
282, 140.16, 177.65
283, 140.36, 177.09
284, 140.50, 176.63
285, 140.58, 176.27
286, 140.57, 175.98
287, 140.50, 175.73
288, 140.45, 175.63
289, 140.45, 175.68
290, 140.54, 175.90
291, 140.55, 176.22
292, 140.43, 176.59
293, 140.19, 176.92
294, 139.89, 177.19
295, 139.58, 177.53
296, 139.36, 177.97
297, 139.25, 178.56
298, 139.30, 179.07
299, 139.46, 179.44
300, 139.65, 179.57
301, 139.84, 179.49
302, 139.97, 179.25
303, 140.07, 178.81
304, 140.14, 178.18
305, 140.15, 177.52
306, 140.11, 176.92
307, 140.02, 176.45
308, 139.98, 176.18
309, 140.03, 176.10
310, 140.00, 176.28
311, 139.85, 176.67
312, 139.54, 177.23
313, 139.16, 177.77
314, 138.76, 178.21
315, 138.36, 178.54
316, 137.97, 178.78
317, 137.59, 179.09
318, 137.32, 179.51
319, 137.18, 180.04
320, 137.13, 180.60
321, 137.11, 181.13
322, 137.09, 181.60
323, 137.12, 182.01
324, 137.22, 182.35
325, 137.36, 182.62
326, 137.50, 182.83
327, 137.68, 182.93
328, 137.91, 182.93
329, 138.18, 182.82
330, 138.44, 182.70
331, 138.66, 182.61
332, 138.81, 182.49
333, 138.88, 182.31
334, 138.89, 182.06
335, 138.87, 181.85
336, 138.85, 181.73
337, 138.87, 181.58
338, 138.94, 181.35
339, 139.04, 181.09
340, 139.19, 180.86
341, 139.37, 180.71
342, 139.54, 180.59
343, 139.65, 180.49
344, 139.70, 180.42
345, 139.69, 180.39
346, 139.65, 180.40
347, 139.53, 180.39
348, 139.34, 180.33
349, 139.08, 180.32
350, 138.87, 180.41
351, 138.74, 180.61
352, 138.75, 180.82
353, 138.86, 181.01
354, 138.94, 181.14
355, 138.95, 181.22
356, 138.85, 181.27
357, 138.79, 181.23
358, 138.81, 181.12
359, 138.89, 181.00
360, 138.98, 180.93
361, 139.04, 180.94
362, 139.11, 181.06
363, 139.19, 181.27
364, 139.27, 181.46
365, 139.32, 181.57
366, 139.34, 181.64
367, 139.36, 181.72
368, 139.39, 181.85
369, 139.45, 181.94
370, 139.52, 181.99
371, 139.60, 181.97
372, 139.72, 181.90
373, 139.91, 181.80
374, 140.04, 181.67
375, 140.08, 181.50
376, 140.00, 181.30
377, 139.86, 181.09
378, 139.70, 180.88
379, 139.58, 180.64
380, 139.50, 180.35
381, 139.48, 180.05
382, 139.49, 179.77
383, 139.52, 179.54
384, 139.54, 179.40
385, 139.54, 179.36
386, 139.46, 179.42
387, 139.30, 179.54
388, 139.06, 179.68
389, 138.76, 179.81
390, 138.41, 179.91
391, 138.20, 180.01
392, 138.18, 180.12
393, 138.36, 180.19
394, 138.53, 180.21
395, 138.59, 180.15
396, 138.63, 180.16
397, 138.71, 180.26
398, 138.90, 180.29
399, 139.19, 180.18
400, 139.57, 179.88
401, 139.89, 179.46
402, 140.08, 178.98
403, 140.10, 178.48
404, 140.11, 178.00
405, 140.16, 177.56
406, 140.19, 177.27
407, 140.15, 177.16
408, 140.08, 177.24
409, 140.05, 177.44
410, 140.07, 177.72
411, 140.11, 178.01
412, 140.15, 178.28
413, 140.11, 178.50
414, 140.00, 178.69
415, 139.82, 178.78
416, 139.62, 178.78
417, 139.43, 178.68
418, 139.30, 178.58
419, 139.24, 178.50
420, 139.23, 178.55
421, 139.27, 178.73
422, 139.34, 179.04
423, 139.34, 179.40
424, 139.25, 179.80
425, 139.07, 180.09
426, 138.89, 180.24
427, 138.74, 180.22
428, 138.62, 180.09
429, 138.52, 179.88
430, 138.42, 179.75
431, 138.41, 179.72
432, 138.50, 179.82
433, 138.75, 179.90
434, 139.13, 179.91
435, 139.60, 179.87
436, 140.11, 179.82
437, 140.62, 179.71
438, 141.05, 179.53
439, 141.38, 179.27
440, 141.62, 179.10
441, 141.79, 179.07
442, 141.92, 179.18
443, 141.91, 179.37
444, 141.75, 179.58
445, 141.46, 179.68
446, 141.11, 179.61
447, 140.76, 179.51
448, 140.47, 179.45
449, 140.27, 179.49
450, 140.14, 179.68
451, 140.05, 180.00
452, 139.99, 180.34
453, 140.00, 180.61
454, 140.09, 180.76
455, 140.23, 180.94
456, 140.38, 181.17
457, 140.54, 181.43
458, 140.72, 181.67
459, 140.92, 181.86
460, 141.00, 182.00
461, 140.96, 182.09
462, 140.80, 182.13
463, 140.57, 182.11
464, 140.33, 182.06
465, 140.09, 182.01
466, 139.86, 181.97
467, 139.69, 182.00
468, 139.56, 182.11
469, 139.50, 182.09
470, 139.38, 181.90
471, 139.17, 181.51
472, 138.85, 181.10
473, 138.47, 180.75
474, 138.08, 180.44
475, 137.71, 180.13
476, 137.41, 179.80
477, 137.25, 179.53
478, 137.25, 179.34
479, 137.40, 179.26
480, 137.61, 179.29
481, 137.85, 179.40
482, 138.08, 179.59
483, 138.29, 179.84
484, 138.44, 180.16
485, 138.54, 180.52
486, 138.59, 180.93
487, 138.64, 181.37
488, 138.72, 181.82
489, 138.82, 182.09
490, 138.91, 182.14
491, 138.98, 182.01
492, 139.11, 181.78
493, 139.32, 181.53
494, 139.58, 181.35
495, 139.85, 181.27
496, 140.10, 181.34
497, 140.35, 181.51
498, 140.60, 181.77
499, 140.77, 181.98
500, 140.84, 182.12
501, 140.79, 182.14
502, 140.63, 182.04
503, 140.39, 181.87
504, 140.01, 181.57
505, 139.52, 181.15
506, 138.94, 180.48
507, 138.08, 179.58
508, 136.95, 178.49
509, 135.41, 177.19
510, 133.59, 175.75
511, 131.43, 173.96
512, 129.06, 171.87
513, 126.60, 169.40
514, 124.09, 166.71
515, 121.63, 163.93
516, 119.18, 161.22
517, 116.82, 158.67
518, 114.58, 156.24
519, 112.55, 153.95
520, 110.78, 151.81
521, 109.28, 149.92
522, 108.06, 148.32
523, 107.09, 146.99
524, 106.41, 145.92
525, 105.99, 145.06
526, 105.69, 144.51
527, 105.45, 144.26
528, 105.20, 144.25
529, 105.15, 144.41
530, 105.33, 144.66
531, 105.66, 144.99
532, 106.01, 145.36
533, 106.31, 145.71
534, 106.72, 146.00
535, 107.26, 146.20
536, 107.89, 146.41
537, 108.53, 146.66
538, 109.05, 146.93
539, 109.44, 147.19
540, 109.69, 147.36
541, 109.78, 147.44
542, 109.72, 147.41
543, 109.53, 147.32
544, 109.26, 147.18
545, 108.95, 147.03
546, 108.63, 146.86
547, 108.32, 146.70
548, 108.11, 146.55
549, 108.03, 146.41
550, 108.07, 146.32
551, 108.15, 146.28
552, 108.23, 146.29
553, 108.22, 146.36
554, 108.12, 146.49
555, 107.93, 146.63
556, 107.78, 146.76
557, 107.70, 146.87
558, 107.63, 146.95
559, 107.54, 147.01
560, 107.36, 147.02
561, 107.13, 146.99
562, 106.85, 146.94
563, 106.61, 146.90
564, 106.43, 146.87
565, 106.42, 146.86
566, 106.56, 146.86
567, 106.85, 146.90
568, 107.19, 146.97
569, 107.54, 147.07
570, 107.70, 147.16
571, 107.64, 147.24
572, 107.35, 147.19
573, 107.08, 147.11
574, 106.91, 147.01
575, 106.90, 146.94
576, 106.88, 146.78
577, 106.77, 146.53
578, 106.47, 146.27
579, 106.00, 146.07
580, 105.41, 145.98
581, 104.89, 145.92
582, 104.52, 145.85
583, 104.34, 145.84
584, 104.30, 145.91
585, 104.37, 145.93
586, 104.61, 145.86
587, 105.01, 145.66
588, 105.48, 145.45
589, 105.93, 145.30
590, 106.30, 145.31
591, 106.55, 145.47
592, 106.66, 145.78
593, 106.68, 146.08
594, 106.64, 146.33
595, 106.50, 146.43
596, 106.26, 146.40
597, 105.91, 146.25
598, 105.59, 146.13
599, 105.35, 146.10
600, 105.17, 146.09
601, 105.00, 146.07
602, 104.83, 146.00
603, 104.56, 145.92
604, 104.18, 145.86
605, 103.71, 145.93
606, 103.23, 146.14
607, 102.77, 146.44
608, 102.39, 146.77
609, 102.08, 147.06
610, 101.81, 147.37
611, 101.55, 147.70
612, 101.28, 148.00
613, 101.11, 148.23
614, 101.05, 148.39
615, 101.16, 148.45
616, 101.42, 148.43
617, 101.79, 148.31
618, 102.15, 148.12
619, 102.42, 147.87
620, 102.65, 147.57
621, 102.86, 147.23
622, 103.14, 146.96
623, 103.51, 146.78
624, 103.95, 146.72
625, 104.37, 146.62
626, 104.72, 146.42
627, 104.96, 146.12
628, 105.09, 145.79
629, 105.12, 145.46
630, 104.98, 145.23
631, 104.66, 145.12
632, 104.33, 145.09
633, 104.06, 145.10
634, 103.92, 145.04
635, 103.89, 144.92
636, 103.92, 144.73
637, 104.00, 144.61
638, 104.11, 144.60
639, 104.23, 144.67
640, 104.36, 144.77
641, 104.49, 144.84
642, 104.57, 145.01
643, 104.62, 145.29
644, 104.59, 145.58
645, 104.50, 145.80
646, 104.35, 145.91
647, 104.21, 146.00
648, 104.08, 146.08
649, 104.01, 146.17
650, 104.01, 146.23
651, 104.05, 146.26
652, 104.06, 146.30
653, 103.99, 146.34
654, 103.94, 146.41
655, 103.97, 146.49
656, 104.09, 146.50
657, 104.26, 146.40
658, 104.42, 146.21
659, 104.60, 145.93
660, 104.78, 145.59
661, 104.98, 145.32
662, 105.17, 145.17
663, 105.35, 145.16
664, 105.51, 145.28
665, 105.64, 145.49
666, 105.76, 145.75
667, 105.77, 146.01
668, 105.68, 146.25
669, 105.46, 146.43
670, 105.16, 146.54
671, 104.79, 146.68
672, 104.43, 146.85
673, 104.13, 147.09
674, 103.92, 147.41
675, 103.77, 147.80
676, 103.68, 148.17
677, 103.66, 148.46
678, 103.70, 148.63
679, 103.80, 148.70
680, 103.94, 148.66
681, 104.09, 148.60
682, 104.27, 148.56
683, 104.48, 148.55
684, 104.70, 148.57
685, 104.93, 148.60
686, 105.15, 148.59
687, 105.32, 148.53
688, 105.43, 148.38
689, 105.52, 148.16
690, 105.59, 147.89
691, 105.66, 147.65
692, 105.76, 147.48
693, 105.88, 147.30
694, 105.97, 147.10
695, 106.01, 146.84
696, 105.98, 146.67
697, 105.96, 146.62
698, 105.98, 146.63
699, 105.99, 146.65
700, 105.97, 146.63
701, 105.94, 146.60
702, 105.90, 146.59
703, 105.88, 146.61
704, 105.90, 146.64
705, 105.96, 146.66
706, 105.95, 146.64
707, 105.84, 146.60
708, 105.61, 146.49
709, 105.47, 146.30
710, 105.48, 146.13
711, 105.59, 146.01
712, 105.74, 145.98
713, 105.85, 146.07
714, 105.97, 146.26
715, 106.09, 146.44
716, 106.20, 146.53
717, 106.27, 146.52
718, 106.31, 146.35
719, 106.33, 146.04
720, 106.32, 145.71
721, 106.32, 145.44
722, 106.34, 145.29
723, 106.42, 145.32
724, 106.55, 145.54
725, 106.72, 145.88
726, 106.98, 146.26
727, 107.34, 146.62
728, 107.66, 146.83
729, 107.86, 146.89
730, 107.90, 146.93
731, 107.85, 147.05
732, 107.76, 147.18
733, 107.52, 147.26
734, 107.12, 147.25
735, 106.57, 147.13
736, 106.16, 146.90
737, 105.96, 146.66
738, 105.99, 146.47
739, 106.14, 146.37
740, 106.35, 146.33
741, 106.50, 146.34
742, 106.57, 146.44
743, 106.59, 146.61
744, 106.59, 146.86
745, 106.51, 147.18
746, 106.32, 147.54
747, 106.01, 147.87
748, 105.74, 148.14
749, 105.56, 148.31
750, 105.41, 148.34
751, 105.22, 148.22
752, 104.98, 148.02
753, 104.75, 147.80
754, 104.58, 147.60
755, 104.43, 147.37
756, 104.27, 147.12
757, 104.10, 146.93
758, 104.02, 146.86
759, 104.07, 146.84
760, 104.19, 146.82
761, 104.30, 146.77
762, 104.36, 146.69
763, 104.41, 146.59
764, 104.46, 146.47
765, 104.50, 146.32
766, 104.51, 146.14
767, 104.50, 146.06
768, 104.46, 146.11
769, 104.41, 146.35
770, 104.46, 146.75
771, 104.63, 147.25
772, 104.90, 147.72
773, 105.22, 148.10
774, 105.53, 148.45
775, 105.78, 148.79
776, 105.94, 149.14
777, 106.08, 149.38
778, 106.24, 149.48
779, 106.45, 149.49
780, 106.65, 149.49
781, 106.82, 149.57
782, 106.95, 149.73
783, 107.05, 149.96
784, 107.11, 150.10
785, 107.07, 150.10
786, 106.92, 149.96
787, 106.76, 149.74
788, 106.66, 149.50
789, 106.67, 149.27
790, 106.79, 149.09
791, 107.03, 148.92
792, 107.24, 148.78
793, 107.38, 148.63
794, 107.40, 148.49
795, 107.35, 148.37
796, 107.23, 148.24
797, 107.14, 148.10
798, 107.10, 147.93
799, 107.06, 147.85
800, 107.00, 147.87
801, 106.91, 147.78
802, 106.80, 147.52
803, 106.67, 147.04
804, 106.61, 146.62
805, 106.61, 146.36
806, 106.68, 146.45
807, 107.02, 146.85
808, 107.63, 147.73
809, 108.66, 149.00
810, 110.02, 150.59
811, 111.61, 152.47
812, 113.41, 154.54
813, 115.34, 156.87
814, 117.39, 159.33
815, 119.46, 161.85
816, 121.48, 164.26
817, 123.48, 166.47
818, 125.43, 168.47
819, 127.28, 170.26
820, 128.95, 171.81
821, 130.39, 173.04
822, 131.60, 173.95
823, 132.57, 174.58
824, 133.38, 175.02
825, 134.06, 175.33
826, 134.75, 175.66
827, 135.46, 176.06
828, 136.20, 176.52
829, 136.73, 176.99
830, 137.00, 177.38
831, 137.08, 177.65
832, 137.08, 177.81
833, 137.08, 177.77
834, 137.10, 177.54
835, 137.14, 177.19
836, 137.20, 176.80
837, 137.24, 176.43
838, 137.25, 176.12
839, 137.22, 175.89
840, 137.15, 175.76
841, 137.01, 175.72
842, 136.82, 175.76
843, 136.59, 175.88
844, 136.39, 176.06
845, 136.26, 176.27
846, 136.21, 176.47
847, 136.22, 176.63
848, 136.26, 176.85
849, 136.36, 177.13
850, 136.50, 177.40
851, 136.74, 177.61
852, 137.05, 177.72
853, 137.29, 177.76
854, 137.41, 177.75
855, 137.36, 177.57
856, 136.90, 177.21
857, 136.04, 176.41
858, 134.69, 175.22
859, 133.01, 173.67
860, 131.14, 171.86
861, 128.88, 169.90
862, 126.30, 167.68
863, 123.44, 165.29
864, 120.51, 162.79
865, 117.69, 160.25
866, 115.08, 157.76
867, 112.77, 155.44
868, 110.76, 153.39
869, 109.06, 151.67
870, 107.65, 150.18
871, 106.55, 148.91
872, 105.73, 147.64
873, 105.12, 146.37
874, 104.66, 145.09
875, 104.30, 143.84
876, 103.98, 142.66
877, 103.68, 141.70
878, 103.43, 140.98
879, 103.26, 140.54
880, 103.26, 140.30
881, 103.42, 140.23
882, 103.72, 140.32
883, 104.13, 140.56
884, 104.62, 140.78
885, 105.03, 140.90
886, 105.32, 140.89
887, 105.45, 140.80
888, 105.55, 140.69
889, 105.65, 140.54
890, 105.74, 140.37
891, 105.79, 140.18
892, 105.79, 140.06
893, 105.66, 140.04
894, 105.42, 140.05
895, 105.19, 140.04
896, 105.07, 139.98
897, 105.09, 140.05
898, 105.09, 140.28
899, 105.04, 140.61
900, 105.00, 140.96
901, 105.02, 141.26
902, 105.15, 141.45
903, 105.36, 141.54
904, 105.64, 141.65
905, 105.93, 141.84
906, 106.21, 142.39
907, 106.55, 143.27
908, 106.97, 144.46
909, 107.49, 145.96
910, 108.30, 147.69
911, 109.42, 149.69
912, 110.98, 151.84
913, 112.85, 154.05
914, 114.92, 156.35
915, 117.12, 158.66
916, 119.35, 161.08
917, 121.64, 163.50
918, 123.91, 165.86
919, 126.09, 168.12
920, 128.15, 170.20
921, 130.04, 171.97
922, 131.76, 173.37
923, 133.29, 174.38
924, 134.61, 175.16
925, 135.67, 175.76
926, 136.45, 176.24
927, 137.00, 176.62
928, 137.38, 176.91
929, 137.62, 177.04
930, 137.78, 177.00
931, 137.89, 176.77
932, 138.03, 176.37
933, 138.21, 175.97
934, 138.40, 175.63
935, 138.58, 175.42
936, 138.73, 175.25
937, 138.79, 175.09
938, 138.77, 174.97
939, 138.74, 174.91
940, 138.74, 174.93
941, 138.82, 175.11
942, 138.88, 175.44
943, 138.90, 175.87
944, 138.84, 176.30
945, 138.71, 176.70
946, 138.53, 177.08
947, 138.35, 177.43
948, 138.19, 177.68
949, 138.15, 177.80
950, 138.23, 177.80
951, 138.44, 177.75
952, 138.61, 177.70
953, 138.70, 177.68
954, 138.73, 177.69
955, 138.73, 177.71
956, 138.75, 177.74
957, 138.46, 177.77
958, 137.80, 177.41
959, 136.63, 176.58
960, 135.09, 175.25
961, 133.15, 173.63
962, 130.96, 171.86
963, 128.62, 169.83
964, 126.20, 167.59
965, 123.80, 165.03
966, 121.49, 162.29
967, 119.36, 159.51
968, 117.47, 156.88
969, 115.62, 154.55
970, 113.77, 152.42
971, 111.94, 150.50
972, 110.27, 148.75
973, 108.82, 147.13
974, 107.59, 145.66
975, 106.60, 144.46
976, 105.87, 143.58
977, 105.39, 143.04
978, 105.14, 142.53
979, 105.09, 141.94
980, 105.20, 141.39
981, 105.34, 141.01
982, 105.47, 140.79
983, 105.53, 140.67
984, 105.60, 140.61
985, 105.69, 140.58
986, 105.94, 140.59
987, 106.33, 140.72
988, 106.79, 140.99
989, 107.27, 141.39
990, 107.69, 141.76
991, 108.03, 142.03
992, 108.28, 142.09
993, 108.42, 141.95
994, 108.45, 141.64
995, 108.39, 141.31
996, 108.22, 141.02
997, 107.96, 140.81
998, 107.70, 140.68
999, 107.49, 140.61
1000, 107.37, 140.55
1001, 107.27, 140.49
1002, 107.16, 140.48
1003, 106.96, 140.52
1004, 106.69, 140.77
1005, 106.36, 141.21
1006, 106.30, 141.82
1007, 106.57, 142.72
1008, 107.29, 143.85
1009, 108.33, 145.43
1010, 109.57, 147.36
1011, 111.06, 149.55
1012, 112.71, 151.98
1013, 114.63, 154.56
1014, 116.72, 157.17
1015, 118.65, 159.64
1016, 120.25, 161.87
1017, 121.41, 163.58
1018, 122.07, 164.70
1019, 122.27, 164.97
1020, 121.92, 164.49
1021, 121.12, 163.38
1022, 119.96, 161.81
1023, 118.59, 159.96
1024, 117.13, 157.94
1025, 115.62, 155.90
1026, 114.13, 153.94
1027, 112.70, 152.41
1028, 111.55, 151.40
1029, 110.75, 150.96
1030, 110.57, 150.96
1031, 110.98, 151.66
1032, 111.91, 153.00
1033, 113.42, 154.89
1034, 115.39, 157.14
1035, 117.74, 159.53
1036, 120.24, 161.80
1037, 122.73, 163.78
1038, 124.81, 165.40
1039, 126.36, 166.51
1040, 127.02, 167.13
1041, 126.89, 166.94
1042, 126.05, 166.02
1043, 124.76, 164.47
1044, 123.24, 162.53
1045, 121.56, 160.41
1046, 119.85, 158.09
1047, 118.29, 155.69
1048, 116.96, 153.28
1049, 115.93, 151.28
1050, 115.24, 149.82
1051, 114.86, 149.18
1052, 114.97, 149.26
1053, 115.54, 149.94
1054, 116.49, 151.20
1055, 117.80, 152.88
1056, 119.36, 155.00
1057, 121.13, 157.39
1058, 122.97, 159.78
1059, 124.80, 162.01
1060, 126.28, 163.94
1061, 127.32, 165.36
1062, 127.65, 166.22
1063, 127.37, 166.39
1064, 126.57, 165.97
1065, 125.28, 165.10
1066, 123.64, 163.73
1067, 121.73, 161.99
1068, 119.73, 159.83
1069, 117.86, 157.43
1070, 116.24, 154.93
1071, 114.93, 152.80
1072, 114.09, 151.21
1073, 113.73, 150.38
1074, 114.00, 150.20
1075, 114.79, 150.53
1076, 115.99, 151.49
1077, 117.61, 152.96
1078, 119.53, 154.91
1079, 121.54, 157.10
1080, 123.46, 159.25
1081, 125.15, 161.18
1082, 126.46, 162.79
1083, 127.37, 163.91
1084, 127.72, 164.52
1085, 127.58, 164.41
1086, 127.02, 163.69
1087, 126.04, 162.45
1088, 124.74, 160.73
1089, 123.06, 158.67
1090, 121.15, 156.39
1091, 119.11, 154.07
1092, 117.16, 151.86
1093, 115.43, 150.07
1094, 114.22, 148.81
1095, 113.56, 148.38
1096, 113.44, 148.72
1097, 113.84, 149.72
1098, 114.65, 151.26
1099, 116.01, 153.17
1100, 117.81, 155.44
1101, 119.93, 157.89
1102, 122.17, 160.43
1103, 124.37, 162.66
1104, 126.25, 164.45
1105, 127.69, 165.55
1106, 128.43, 166.02
1107, 128.50, 165.80
1108, 128.00, 165.08
1109, 126.92, 163.98
1110, 125.41, 162.57
1111, 123.66, 160.96
1112, 121.88, 159.01
1113, 120.21, 156.80
1114, 118.68, 154.40
1115, 117.32, 152.30
1116, 116.24, 150.67
1117, 115.47, 149.83
1118, 115.01, 149.73
1119, 115.07, 150.25
1120, 115.61, 151.33
1121, 116.70, 152.80
1122, 118.18, 154.78
1123, 119.90, 157.12
1124, 121.70, 159.72
1125, 123.46, 162.18
1126, 125.04, 164.30
1127, 126.12, 165.56
1128, 126.63, 165.93
1129, 126.39, 165.44
1130, 125.55, 164.23
1131, 124.21, 162.48
1132, 122.58, 160.40
1133, 120.81, 158.21
1134, 119.03, 156.08
1135, 117.31, 154.10
1136, 115.84, 152.34
1137, 114.71, 150.89
1138, 113.92, 149.79
1139, 113.51, 149.03
1140, 113.43, 148.82
1141, 113.77, 149.13
1142, 114.48, 150.26
1143, 115.48, 152.04
1144, 116.83, 154.36
1145, 118.43, 156.88
1146, 120.23, 159.37
1147, 122.07, 161.57
1148, 123.83, 163.41
1149, 125.10, 164.84
1150, 125.79, 165.63
1151, 125.75, 165.81
1152, 125.14, 165.14
1153, 124.10, 163.78
1154, 122.78, 161.85
1155, 121.34, 159.61
1156, 119.80, 157.26
1157, 118.24, 154.91
1158, 116.79, 152.65
1159, 115.53, 150.84
1160, 114.51, 149.60
1161, 113.95, 148.96
1162, 113.87, 149.00
1163, 114.39, 149.61
1164, 115.35, 151.02
1165, 116.65, 153.08
1166, 118.30, 155.64
1167, 120.21, 158.34
1168, 122.17, 160.94
1169, 124.02, 163.23
1170, 125.63, 165.12
1171, 126.68, 166.60
1172, 127.11, 167.40
1173, 126.79, 167.50
1174, 125.89, 166.75
1175, 124.58, 165.33
1176, 123.01, 163.40
1177, 121.34, 161.21
1178, 119.69, 158.92
1179, 118.17, 156.68
1180, 116.82, 154.59
1181, 115.68, 152.94
1182, 114.73, 151.78
1183, 114.19, 151.14
1184, 114.06, 151.12
1185, 114.54, 151.62
1186, 115.49, 152.78
1187, 116.83, 154.41
1188, 118.50, 156.39
1189, 120.38, 158.61
1190, 122.23, 160.93
1191, 123.91, 163.02
1192, 125.30, 164.71
1193, 126.29, 165.91
1194, 126.87, 166.49
1195, 126.86, 166.49
1196, 126.33, 165.88
1197, 125.35, 164.82
1198, 123.97, 163.44
1199, 122.33, 161.73
1200, 120.41, 159.79
1201, 118.35, 157.71
1202, 116.25, 155.67
1203, 114.44, 154.05
1204, 113.04, 152.93
1205, 112.41, 152.37
1206, 112.49, 152.41
1207, 113.29, 152.96
1208, 114.60, 154.05
1209, 116.24, 155.50
1210, 118.15, 157.18
1211, 120.21, 159.18
1212, 122.26, 161.42
1213, 124.15, 163.58
1214, 125.79, 165.44
1215, 126.89, 166.89
1216, 127.43, 167.59
1217, 127.31, 167.54
1218, 126.67, 166.70
1219, 125.65, 165.32
1220, 124.29, 163.58
1221, 122.69, 161.58
1222, 121.03, 159.46
1223, 119.44, 157.36
1224, 118.04, 155.41
1225, 116.90, 153.70
1226, 116.02, 152.39
1227, 115.62, 151.49
1228, 115.68, 151.31
1229, 116.17, 151.81
1230, 117.09, 153.11
1231, 118.34, 154.98
1232, 119.92, 157.26
1233, 121.69, 159.70
1234, 123.48, 162.12
1235, 125.16, 164.24
1236, 126.66, 165.95
1237, 127.77, 167.21
1238, 128.49, 167.86
1239, 128.51, 167.95
1240, 127.90, 167.27
1241, 126.72, 165.95
1242, 125.17, 164.12
1243, 123.40, 161.95
1244, 121.47, 159.62
1245, 119.49, 157.31
1246, 117.55, 155.16
1247, 115.94, 153.28
1248, 114.76, 151.91
1249, 114.22, 151.11
1250, 114.23, 151.16
1251, 114.70, 151.94
1252, 115.58, 153.35
1253, 116.76, 155.12
1254, 118.32, 157.05
1255, 120.15, 159.17
1256, 122.18, 161.41
1257, 124.04, 163.52
1258, 125.60, 165.33
1259, 126.56, 166.75
1260, 126.93, 167.54
1261, 126.63, 167.71
1262, 125.82, 167.08
1263, 124.61, 165.79
1264, 123.12, 163.99
1265, 121.47, 161.81
1266, 119.75, 159.45
1267, 118.08, 157.10
1268, 116.53, 154.92
1269, 115.31, 153.03
1270, 114.46, 151.65
1271, 114.19, 150.80
1272, 114.43, 150.73
1273, 115.11, 151.32
1274, 116.12, 152.47
1275, 117.32, 154.07
1276, 118.85, 155.98
1277, 120.62, 158.18
1278, 122.57, 160.51
1279, 124.37, 162.65
1280, 125.86, 164.43
1281, 126.75, 165.77
1282, 127.07, 166.42
1283, 126.86, 166.42
1284, 126.19, 165.67
1285, 125.17, 164.38
1286, 123.73, 162.70
1287, 121.97, 160.77
1288, 120.07, 158.72
1289, 118.22, 156.65
1290, 116.53, 154.69
1291, 115.21, 152.91
1292, 114.31, 151.58
1293, 114.03, 150.76
1294, 114.31, 150.71
1295, 115.08, 151.32
1296, 116.31, 152.48
1297, 117.88, 154.04
1298, 119.79, 155.84
1299, 121.88, 157.88
1300, 124.05, 160.06
1301, 125.94, 162.27
1302, 127.43, 164.21
1303, 128.21, 165.76
1304, 128.33, 166.54
1305, 127.87, 166.57
1306, 126.93, 165.79
1307, 125.68, 164.41
1308, 124.07, 162.62
1309, 122.22, 160.59
1310, 120.21, 158.46
1311, 118.26, 156.36
1312, 116.48, 154.39
1313, 115.07, 152.61
1314, 114.07, 151.38
1315, 113.71, 150.77
1316, 113.94, 150.94
1317, 114.69, 151.73
1318, 115.88, 153.00
1319, 117.35, 154.60
1320, 119.12, 156.40
1321, 121.05, 158.42
1322, 123.03, 160.55
1323, 124.67, 162.70
1324, 125.82, 164.58
1325, 126.36, 166.06
1326, 126.43, 166.80
1327, 126.14, 166.84
1328, 125.47, 166.04
1329, 124.51, 164.62
1330, 123.22, 162.73
1331, 121.72, 160.54
1332, 120.09, 158.21
1333, 118.49, 155.98
1334, 117.01, 153.99
1335, 115.87, 152.33
1336, 115.10, 151.20
1337, 114.71, 150.62
1338, 114.65, 150.79
1339, 114.82, 151.60
1340, 115.48, 152.94
1341, 116.62, 154.60
1342, 118.18, 156.41
1343, 120.02, 158.36
1344, 121.97, 160.34
1345, 123.87, 162.30
1346, 125.62, 163.96
1347, 126.75, 165.21
1348, 127.21, 165.73
1349, 126.99, 165.56
1350, 126.25, 164.77
1351, 125.15, 163.56
1352, 123.71, 162.11
1353, 122.03, 160.37
1354, 120.21, 158.41
1355, 118.53, 156.38
1356, 117.09, 154.43
1357, 116.02, 152.67
1358, 115.30, 151.45
1359, 114.89, 150.84
1360, 114.92, 150.98
1361, 115.38, 151.71
1362, 116.40, 152.87
1363, 117.86, 154.53
1364, 119.63, 156.55
1365, 121.51, 158.82
1366, 123.35, 161.13
1367, 124.94, 163.33
1368, 126.22, 165.07
1369, 127.15, 166.26
1370, 127.56, 166.65
1371, 127.46, 166.35
1372, 126.77, 165.49
1373, 125.66, 164.16
1374, 124.13, 162.52
1375, 122.31, 160.60
1376, 120.33, 158.53
1377, 118.52, 156.41
1378, 117.02, 154.52
1379, 115.92, 152.99
1380, 115.15, 151.94
1381, 114.66, 151.33
1382, 114.65, 151.47
1383, 115.12, 152.32
1384, 116.08, 153.80
1385, 117.37, 155.77
1386, 118.83, 158.01
1387, 120.43, 160.38
1388, 122.08, 162.72
1389, 123.58, 164.90
1390, 124.82, 166.60
1391, 125.76, 167.74
1392, 126.24, 168.01
1393, 126.28, 167.53
1394, 125.77, 166.42
1395, 124.80, 164.87
1396, 123.49, 163.07
1397, 122.02, 161.03
1398, 120.50, 158.86
1399, 119.01, 156.66
1400, 117.60, 154.62
1401, 116.40, 152.86
1402, 115.44, 151.73
1403, 114.74, 151.28
1404, 114.54, 151.53
1405, 114.82, 152.30
1406, 115.74, 153.41
1407, 117.17, 154.83
1408, 118.96, 156.46
1409, 120.89, 158.41
1410, 122.79, 160.57
1411, 124.46, 162.86
1412, 125.81, 164.71
1413, 126.83, 165.95
1414, 127.28, 166.26
1415, 127.18, 165.79
1416, 126.46, 164.67
1417, 125.29, 163.07
1418, 123.82, 161.18
1419, 122.07, 159.10
1420, 120.16, 156.97
1421, 118.28, 154.89
1422, 116.57, 153.04
1423, 115.13, 151.49
1424, 114.06, 150.42
1425, 113.36, 149.84
1426, 113.25, 149.71
1427, 113.68, 150.17
1428, 114.70, 151.15
1429, 116.12, 152.71
1430, 117.80, 154.66
1431, 119.85, 156.85
1432, 122.17, 159.08
1433, 124.35, 161.23
1434, 126.14, 162.94
1435, 127.39, 164.12
1436, 128.06, 164.56
1437, 128.21, 164.38
1438, 127.72, 163.71
1439, 126.70, 162.58
1440, 125.25, 161.13
1441, 123.50, 159.39
1442, 121.59, 157.49
1443, 119.74, 155.55
1444, 118.09, 153.83
1445, 116.71, 152.46
1446, 115.70, 151.63
1447, 115.07, 151.30
1448, 114.97, 151.44
1449, 115.34, 152.15
1450, 116.11, 153.36
1451, 117.32, 155.07
1452, 118.86, 157.08
1453, 120.66, 159.24
1454, 122.57, 161.43
1455, 124.26, 163.55
1456, 125.58, 165.26
1457, 126.48, 166.42
1458, 126.90, 166.82
1459, 126.89, 166.55
1460, 126.41, 165.75
1461, 125.57, 164.46
1462, 124.47, 162.80
1463, 123.06, 160.80
1464, 121.41, 158.60
1465, 119.67, 156.34
1466, 118.01, 154.30
1467, 116.52, 152.62
1468, 115.39, 151.57
1469, 114.66, 151.12
1470, 114.54, 151.23
1471, 114.96, 151.88
1472, 115.85, 152.96
1473, 117.15, 154.57
1474, 118.73, 156.58
1475, 120.65, 158.86
1476, 122.80, 161.14
1477, 125.06, 163.25
1478, 126.93, 164.85
1479, 128.26, 165.88
1480, 128.78, 166.19
1481, 128.61, 165.88
1482, 127.87, 165.09
1483, 126.63, 163.83
1484, 125.05, 162.24
1485, 123.20, 160.20
1486, 121.21, 157.85
1487, 119.31, 155.31
1488, 117.59, 153.00
1489, 116.15, 151.10
1490, 115.12, 149.90
1491, 114.53, 149.34
1492, 114.55, 149.36
1493, 115.07, 150.00
1494, 116.03, 151.14
1495, 117.34, 152.81
1496, 118.88, 154.83
1497, 120.63, 157.06
1498, 122.48, 159.32
1499, 124.34, 161.47
1500, 125.78, 163.11
=====End_data=====
=====Start_data=====
Date: 13/02/2022, Time: 00:00
Notes: filter and calibrated data
Collection period (s): 30.00, Sampling Frequency (Hz): 50.00
Counter, Distance(mm)
0, 3.74, 4.84
1, 11.77, 15.22
2, 24.18, 31.31
3, 38.94, 50.50
4, 54.50, 70.87
5, 69.77, 91.01
6, 84.10, 109.90
7, 97.03, 126.91
8, 108.34, 141.66
9, 117.88, 154.08
10, 125.65, 164.21
11, 131.73, 172.18
12, 136.29, 178.19
13, 139.52, 182.51
14, 141.73, 185.32
15, 143.15, 186.88
16, 143.92, 187.48
17, 144.17, 187.37
18, 144.02, 186.80
19, 143.56, 186.06
20, 142.90, 185.32
21, 141.94, 184.35
22, 140.72, 183.12
23, 139.29, 181.60
24, 137.66, 179.82
25, 135.91, 177.86
26, 133.88, 175.61
27, 131.67, 173.18
28, 129.31, 170.67
29, 126.95, 168.10
30, 124.72, 165.56
31, 122.50, 162.89
32, 120.31, 160.17
33, 118.23, 157.46
34, 116.36, 154.89
35, 114.76, 152.56
36, 113.41, 150.60
37, 112.30, 149.05
38, 111.61, 148.04
39, 111.36, 147.53
40, 111.54, 147.47
41, 112.15, 148.07
42, 113.08, 149.27
43, 114.46, 151.14
44, 116.16, 153.45
45, 118.09, 156.00
46, 120.29, 158.73
47, 122.68, 161.49
48, 125.06, 164.23
49, 127.26, 166.82
50, 129.16, 169.18
51, 130.73, 171.25
52, 131.96, 173.01
53, 132.96, 174.43
54, 133.78, 175.52
55, 134.29, 176.18
56, 134.46, 176.43
57, 134.28, 176.32
58, 133.64, 175.58
59, 132.58, 174.25
60, 130.95, 172.32
61, 128.90, 170.03
62, 126.56, 167.57
63, 124.09, 164.99
64, 121.63, 162.39
65, 119.21, 159.85
66, 116.90, 157.49
67, 114.75, 155.38
68, 112.88, 153.41
69, 111.34, 151.54
70, 110.11, 149.92
71, 109.14, 148.61
72, 108.41, 147.65
73, 108.08, 147.27
74, 108.17, 147.45
75, 108.84, 148.32
76, 109.97, 149.73
77, 111.46, 151.53
78, 113.33, 153.70
79, 115.48, 156.11
80, 117.90, 158.70
81, 120.42, 161.30
82, 122.90, 163.86
83, 125.24, 166.28
84, 127.35, 168.49
85, 129.20, 170.47
86, 130.80, 172.19
87, 132.07, 173.60
88, 132.99, 174.69
89, 133.58, 175.47
90, 133.73, 175.83
91, 133.46, 175.80
92, 132.65, 175.12
93, 131.44, 173.88
94, 129.93, 172.16
95, 128.12, 170.06
96, 126.13, 167.75
97, 123.95, 165.28
98, 121.72, 162.82
99, 119.53, 160.46
100, 117.43, 158.25
101, 115.48, 156.23
102, 113.80, 154.30
103, 112.43, 152.46
104, 111.44, 150.72
105, 110.81, 149.27
106, 110.48, 148.18
107, 110.50, 147.72
108, 110.80, 147.87
109, 111.56, 148.78
110, 112.70, 150.29
111, 114.16, 152.24
112, 115.87, 154.45
113, 117.71, 156.75
114, 119.74, 159.17
115, 121.86, 161.64
116, 123.99, 164.08
117, 126.10, 166.38
118, 128.12, 168.45
119, 130.02, 170.35
120, 131.71, 172.10
121, 133.19, 173.69
122, 134.32, 174.90
123, 135.09, 175.69
124, 135.31, 175.86
125, 135.02, 175.49
126, 134.28, 174.67
127, 133.02, 173.39
128, 131.35, 171.77
129, 129.28, 169.84
130, 127.00, 167.78
131, 124.47, 165.51
132, 121.80, 163.14
133, 119.08, 160.72
134, 116.53, 158.34
135, 114.27, 156.10
136, 112.42, 153.93
137, 111.01, 151.88
138, 110.02, 149.97
139, 109.44, 148.47
140, 109.19, 147.45
141, 109.24, 147.19
142, 109.53, 147.61
143, 109.96, 148.63
144, 110.72, 150.10
145, 111.79, 151.88
146, 113.35, 154.01
147, 115.29, 156.38
148, 117.48, 158.87
149, 119.82, 161.42
150, 122.18, 163.94
151, 124.49, 166.37
152, 126.66, 168.64
153, 128.62, 170.67
154, 130.34, 172.48
155, 131.79, 174.08
156, 132.98, 175.32
157, 133.93, 176.19
158, 134.38, 176.42
159, 134.32, 176.05
160, 133.79, 175.14
161, 132.73, 173.73
162, 131.26, 171.93
163, 129.30, 169.64
164, 127.03, 166.99
165, 124.58, 164.12
166, 122.12, 161.20
167, 119.75, 158.36
168, 117.49, 155.63
169, 115.39, 153.09
170, 113.47, 150.76
171, 111.80, 148.64
172, 110.42, 146.73
173, 109.48, 145.35
174, 108.98, 144.58
175, 108.90, 144.44
176, 109.22, 144.95
177, 109.87, 146.01
178, 110.96, 147.72
179, 112.43, 149.89
180, 114.18, 152.38
181, 116.15, 155.04
182, 118.22, 157.71
183, 120.43, 160.41
184, 122.69, 163.02
185, 124.90, 165.57
186, 126.96, 167.99
187, 128.77, 170.21
188, 130.38, 172.22
189, 131.78, 173.97
190, 132.85, 175.25
191, 133.57, 176.03
192, 133.94, 176.31
193, 133.80, 175.95
194, 133.00, 174.96
195, 131.57, 173.39
196, 129.53, 171.18
197, 127.08, 168.49
198, 124.40, 165.42
199, 121.69, 162.25
200, 119.12, 159.16
201, 116.77, 156.29
202, 114.72, 153.73
203, 112.86, 151.38
204, 111.19, 149.25
205, 109.69, 147.35
206, 108.45, 145.71
207, 107.47, 144.37
208, 106.92, 143.59
209, 106.78, 143.40
210, 107.20, 143.92
211, 108.08, 144.97
212, 109.34, 146.40
213, 111.03, 148.18
214, 113.06, 150.19
215, 115.41, 152.64
216, 117.90, 155.40
217, 120.41, 158.38
218, 122.94, 161.41
219, 125.44, 164.34
220, 127.78, 167.13
221, 129.85, 169.69
222, 131.58, 171.98
223, 132.97, 173.83
224, 134.05, 175.20
225, 134.65, 176.04
226, 134.77, 176.44
227, 134.43, 176.49
228, 133.61, 175.93
229, 132.41, 174.81
230, 130.74, 172.99
231, 128.75, 170.69
232, 126.57, 168.03
233, 124.19, 165.22
234, 121.69, 162.44
235, 119.18, 159.69
236, 116.81, 157.05
237, 114.71, 154.58
238, 112.91, 152.38
239, 111.45, 150.49
240, 110.32, 148.96
241, 109.49, 147.76
242, 109.05, 147.10
243, 108.95, 146.95
244, 109.15, 147.28
245, 109.79, 148.10
246, 110.82, 149.33
247, 112.36, 151.17
248, 114.25, 153.47
249, 116.36, 156.13
250, 118.56, 158.97
251, 120.75, 161.84
252, 122.85, 164.55
253, 124.81, 166.98
254, 126.56, 169.11
255, 128.13, 170.95
256, 129.52, 172.51
257, 130.87, 173.78
258, 132.18, 174.80
259, 133.46, 175.52
260, 134.66, 175.97
261, 135.73, 176.18
262, 136.71, 176.24
263, 137.59, 176.20
264, 138.29, 176.22
265, 138.77, 176.32
266, 139.00, 176.54
267, 139.04, 176.77
268, 138.91, 176.97
269, 138.72, 177.03
270, 138.52, 176.95
271, 138.35, 176.74
272, 138.27, 176.45
273, 138.28, 176.11
274, 138.38, 175.92
275, 138.53, 175.92
276, 138.72, 176.15
277, 138.95, 176.51
278, 139.20, 176.95
279, 139.39, 177.28
280, 139.50, 177.47
281, 139.49, 177.59
282, 139.38, 177.75
283, 139.18, 177.97
284, 138.91, 178.27
285, 138.57, 178.61
286, 138.20, 178.92
287, 137.90, 179.17
288, 137.71, 179.33
289, 137.67, 179.38
290, 137.75, 179.31
291, 137.88, 179.25
292, 138.00, 179.24
293, 138.09, 179.33
294, 138.11, 179.54
295, 138.09, 179.84
296, 138.09, 180.19
297, 138.16, 180.55
298, 138.30, 180.88
299, 138.49, 181.20
300, 138.71, 181.50
301, 138.90, 181.74
302, 139.05, 181.90
303, 139.16, 181.96
304, 139.20, 181.92
305, 139.17, 181.81
306, 139.17, 181.66
307, 139.23, 181.51
308, 139.37, 181.42
309, 139.55, 181.43
310, 139.75, 181.51
311, 139.91, 181.54
312, 140.00, 181.48
313, 140.01, 181.44
314, 139.96, 181.48
315, 139.87, 181.65
316, 139.71, 181.89
317, 139.48, 182.17
318, 139.27, 182.38
319, 139.12, 182.50
320, 139.06, 182.50
321, 139.10, 182.40
322, 139.21, 182.21
323, 139.33, 181.93
324, 139.43, 181.59
325, 139.47, 181.22
326, 139.50, 180.81
327, 139.54, 180.39
328, 139.48, 180.02
329, 139.31, 179.73
330, 139.01, 179.54
331, 138.72, 179.41
332, 138.49, 179.31
333, 138.44, 179.30
334, 138.55, 179.40
335, 138.82, 179.61
336, 139.17, 179.88
337, 139.57, 180.19
338, 139.87, 180.47
339, 140.04, 180.71
340, 140.05, 180.87
341, 139.94, 180.95
342, 139.77, 180.95
343, 139.52, 180.90
344, 139.23, 180.82
345, 138.96, 180.69
346, 138.74, 180.52
347, 138.61, 180.33
348, 138.58, 180.06
349, 138.67, 179.74
350, 138.83, 179.50
351, 139.02, 179.40
352, 139.20, 179.47
353, 139.37, 179.65
354, 139.53, 179.91
355, 139.63, 180.09
356, 139.69, 180.16
357, 139.69, 180.09
358, 139.57, 179.99
359, 139.34, 179.89
360, 138.95, 179.80
361, 138.43, 179.71
362, 137.83, 179.66
363, 137.40, 179.67
364, 137.19, 179.75
365, 137.25, 179.87
366, 137.49, 180.01
367, 137.77, 180.14
368, 138.01, 180.24
369, 138.19, 180.29
370, 138.32, 180.26
371, 138.44, 180.15
372, 138.53, 180.03
373, 138.57, 179.96
374, 138.58, 179.97
375, 138.63, 180.00
376, 138.75, 180.04
377, 138.87, 180.09
378, 138.96, 180.16
379, 138.96, 180.25
380, 138.91, 180.33
381, 138.83, 180.38
382, 138.78, 180.37
383, 138.79, 180.30
384, 138.86, 180.19
385, 138.91, 180.07
386, 138.93, 179.97
387, 138.94, 179.85
388, 138.98, 179.69
389, 139.07, 179.49
390, 139.15, 179.27
391, 139.21, 179.05
392, 139.24, 178.89
393, 139.25, 178.81
394, 139.27, 178.90
395, 139.31, 179.14
396, 139.38, 179.52
397, 139.51, 179.94
398, 139.71, 180.36
399, 140.00, 180.74
400, 140.35, 181.08
401, 140.73, 181.36
402, 141.10, 181.57
403, 141.42, 181.69
404, 141.59, 181.69
405, 141.61, 181.58
406, 141.49, 181.36
407, 141.32, 181.10
408, 141.16, 180.85
409, 140.99, 180.66
410, 140.79, 180.53
411, 140.55, 180.49
412, 140.35, 180.53
413, 140.23, 180.63
414, 140.18, 180.75
415, 140.19, 180.87
416, 140.24, 180.84
417, 140.37, 180.68
418, 140.57, 180.36
419, 140.84, 180.07
420, 141.15, 179.86
421, 141.36, 179.72
422, 141.43, 179.61
423, 141.35, 179.50
424, 141.25, 179.48
425, 141.18, 179.56
426, 141.17, 179.74
427, 141.21, 179.99
428, 141.28, 180.28
429, 141.40, 180.54
430, 141.55, 180.76
431, 141.65, 180.96
432, 141.68, 181.14
433, 141.61, 181.31
434, 141.47, 181.41
435, 141.30, 181.44
436, 141.02, 181.40
437, 140.66, 181.35
438, 140.21, 181.29
439, 139.75, 181.23
440, 139.32, 181.18
441, 139.00, 181.16
442, 138.80, 181.18
443, 138.73, 181.21
444, 138.72, 181.23
445, 138.74, 181.23
446, 138.82, 181.28
447, 138.97, 181.37
448, 139.02, 181.45
449, 138.92, 181.46
450, 138.64, 181.39
451, 138.28, 181.33
452, 137.89, 181.29
453, 137.52, 181.30
454, 137.17, 181.34
455, 136.87, 181.41
456, 136.61, 181.49
457, 136.40, 181.57
458, 136.25, 181.62
459, 136.18, 181.64
460, 136.17, 181.62
461, 136.26, 181.49
462, 136.44, 181.25
463, 136.71, 181.13
464, 137.02, 181.19
465, 137.34, 181.39
466, 137.63, 181.61
467, 137.86, 181.79
468, 138.04, 181.95
469, 138.15, 182.11
470, 138.23, 182.16
471, 138.19, 182.08
472, 138.03, 181.86
473, 137.81, 181.50
474, 137.59, 181.03
475, 137.43, 180.62
476, 137.33, 180.34
477, 137.30, 180.23
478, 137.37, 180.28
479, 137.53, 180.44
480, 137.64, 180.64
481, 137.65, 180.83
482, 137.51, 180.97
483, 137.44, 181.06
484, 137.50, 181.13
485, 137.65, 181.14
486, 137.81, 181.10
487, 137.94, 181.02
488, 138.08, 180.85
489, 138.26, 180.61
490, 138.42, 180.30
491, 138.54, 179.96
492, 138.59, 179.59
493, 138.55, 179.20
494, 138.41, 178.82
495, 138.20, 178.47
496, 137.98, 178.20
497, 137.78, 178.07
498, 137.59, 178.10
499, 137.43, 178.28
500, 137.29, 178.49
501, 137.18, 178.69
502, 137.09, 178.83
503, 137.03, 178.89
504, 136.98, 178.89
505, 136.87, 178.73
506, 136.67, 178.42
507, 136.18, 177.83
508, 135.40, 177.02
509, 134.35, 176.02
510, 133.04, 174.65
511, 131.54, 172.94
512, 129.68, 170.76
513, 127.56, 168.27
514, 125.24, 165.53
515, 122.88, 162.70
516, 120.60, 159.94
517, 118.52, 157.28
518, 116.70, 154.81
519, 115.17, 152.52
520, 113.93, 150.47
521, 112.96, 148.69
522, 112.15, 147.25
523, 111.45, 146.14
524, 110.83, 145.28
525, 110.24, 144.59
526, 109.69, 144.03
527, 109.21, 143.66
528, 108.83, 143.48
529, 108.55, 143.39
530, 108.34, 143.30
531, 108.17, 143.17
532, 108.02, 143.07
533, 107.87, 143.02
534, 107.85, 143.09
535, 108.00, 143.27
536, 108.31, 143.54
537, 108.65, 143.81
538, 108.94, 144.04
539, 109.18, 144.03
540, 109.38, 143.79
541, 109.55, 143.55
542, 109.80, 143.44
543, 110.14, 143.56
544, 110.49, 143.77
545, 110.75, 144.01
546, 110.90, 144.21
547, 111.12, 144.35
548, 111.45, 144.43
549, 111.76, 144.48
550, 111.97, 144.54
551, 112.01, 144.58
552, 112.01, 144.59
553, 112.02, 144.56
554, 112.01, 144.49
555, 111.93, 144.37
556, 111.82, 144.21
557, 111.73, 144.04
558, 111.68, 143.86
559, 111.53, 143.66
560, 111.25, 143.45
561, 110.93, 143.28
562, 110.66, 143.17
563, 110.49, 143.13
564, 110.31, 143.13
565, 110.11, 143.13
566, 109.74, 143.08
567, 109.24, 142.95
568, 108.60, 142.87
569, 107.96, 142.87
570, 107.38, 142.98
571, 106.96, 143.22
572, 106.69, 143.57
573, 106.57, 143.81
574, 106.40, 143.86
575, 106.13, 143.70
576, 105.96, 143.41
577, 105.99, 143.07
578, 106.28, 142.85
579, 106.65, 142.80
580, 107.03, 142.93
581, 107.34, 143.08
582, 107.60, 143.19
583, 107.85, 143.19
584, 108.12, 143.14
585, 108.40, 143.03
586, 108.64, 142.96
587, 108.79, 142.94
588, 108.86, 142.95
589, 108.86, 142.98
590, 108.82, 143.00
591, 108.71, 142.93
592, 108.56, 142.77
593, 108.43, 142.48
594, 108.34, 142.10
595, 108.31, 141.76
596, 108.25, 141.48
597, 108.12, 141.32
598, 107.98, 141.32
599, 107.85, 141.48
600, 107.76, 141.73
601, 107.88, 141.99
602, 108.21, 142.23
603, 108.67, 142.42
604, 109.15, 142.54
605, 109.59, 142.67
606, 110.06, 142.85
607, 110.55, 143.09
608, 111.03, 143.33
609, 111.44, 143.55
610, 111.92, 143.79
611, 112.50, 144.04
612, 113.21, 144.32
613, 113.82, 144.53
614, 114.27, 144.63
615, 114.34, 144.59
616, 114.03, 144.44
617, 113.38, 144.20
618, 112.54, 143.92
619, 111.59, 143.61
620, 110.61, 143.34
621, 109.63, 143.12
622, 108.70, 142.91
623, 108.03, 142.68
624, 107.69, 142.43
625, 107.70, 142.26
626, 107.98, 142.19
627, 108.44, 142.22
628, 109.07, 142.29
629, 109.79, 142.38
630, 110.26, 142.50
631, 110.36, 142.65
632, 110.04, 142.83
633, 109.73, 143.02
634, 109.59, 143.20
635, 109.52, 143.45
636, 109.39, 143.78
637, 109.17, 144.10
638, 108.92, 144.36
639, 108.70, 144.52
640, 108.43, 144.69
641, 108.10, 144.89
642, 107.64, 144.95
643, 107.11, 144.83
644, 106.51, 144.46
645, 106.01, 143.92
646, 105.66, 143.28
647, 105.54, 142.63
648, 105.61, 142.02
649, 105.85, 141.64
650, 106.26, 141.53
651, 106.81, 141.69
652, 107.48, 141.90
653, 108.19, 142.07
654, 108.89, 142.23
655, 109.49, 142.44
656, 109.97, 142.73
657, 110.31, 142.94
658, 110.52, 143.04
659, 110.65, 143.11
660, 110.70, 143.20
661, 110.70, 143.37
662, 110.69, 143.51
663, 110.69, 143.62
664, 110.62, 143.66
665, 110.47, 143.65
666, 110.24, 143.61
667, 109.93, 143.52
668, 109.57, 143.39
669, 109.18, 143.23
670, 108.79, 143.05
671, 108.42, 142.94
672, 108.06, 142.94
673, 107.71, 143.05
674, 107.50, 143.20
675, 107.48, 143.37
676, 107.66, 143.54
677, 108.01, 143.73
678, 108.50, 143.93
679, 109.13, 144.10
680, 109.86, 144.23
681, 110.65, 144.22
682, 111.17, 144.09
683, 111.34, 143.83
684, 111.14, 143.50
685, 110.72, 143.13
686, 110.17, 142.84
687, 109.53, 142.66
688, 108.86, 142.60
689, 108.13, 142.66
690, 107.37, 142.82
691, 106.63, 142.99
692, 105.95, 143.14
693, 105.38, 143.23
694, 104.96, 143.26
695, 104.69, 143.23
696, 104.54, 143.14
697, 104.48, 143.01
698, 104.46, 142.95
699, 104.53, 142.98
700, 104.69, 143.11
701, 104.95, 143.38
702, 105.28, 143.77
703, 105.66, 144.36
704, 106.05, 145.08
705, 106.42, 145.90
706, 106.80, 146.57
707, 107.17, 146.99
708, 107.52, 147.23
709, 107.80, 147.39
710, 107.97, 147.53
711, 108.05, 147.66
712, 108.04, 147.76
713, 107.98, 147.80
714, 107.89, 147.75
715, 107.77, 147.62
716, 107.68, 147.45
717, 107.62, 147.25
718, 107.59, 147.07
719, 107.57, 146.93
720, 107.54, 146.83
721, 107.46, 146.72
722, 107.34, 146.57
723, 107.21, 146.36
724, 107.10, 146.10
725, 107.01, 145.86
726, 106.98, 145.67
727, 107.00, 145.56
728, 107.03, 145.45
729, 107.07, 145.32
730, 107.10, 145.13
731, 107.08, 144.90
732, 107.03, 144.64
733, 106.96, 144.34
734, 106.90, 144.02
735, 106.87, 143.76
736, 106.82, 143.61
737, 106.76, 143.58
738, 106.68, 143.69
739, 106.58, 143.91
740, 106.48, 144.13
741, 106.36, 144.27
742, 106.22, 144.31
743, 106.08, 144.26
744, 105.96, 144.16
745, 105.88, 144.00
746, 105.76, 143.80
747, 105.56, 143.58
748, 105.44, 143.39
749, 105.47, 143.23
750, 105.63, 143.11
751, 105.84, 143.07
752, 106.05, 143.12
753, 106.27, 143.20
754, 106.51, 143.28
755, 106.75, 143.34
756, 106.94, 143.41
757, 107.04, 143.48
758, 106.95, 143.51
759, 106.68, 143.48
760, 106.24, 143.43
761, 105.78, 143.40
762, 105.38, 143.41
763, 105.21, 143.56
764, 105.29, 143.84
765, 105.59, 144.18
766, 105.90, 144.51
767, 106.14, 144.76
768, 106.22, 144.95
769, 106.17, 145.09
770, 106.02, 145.26
771, 105.81, 145.48
772, 105.56, 145.64
773, 105.33, 145.68
774, 105.14, 145.56
775, 105.08, 145.40
776, 105.15, 145.23
777, 105.35, 145.11
778, 105.66, 145.01
779, 106.05, 144.94
780, 106.37, 144.85
781, 106.57, 144.71
782, 106.63, 144.60
783, 106.69, 144.55
784, 106.80, 144.60
785, 107.16, 144.68
786, 107.75, 144.77
787, 108.55, 144.82
788, 109.40, 144.82
789, 110.22, 144.78
790, 110.99, 144.65
791, 111.72, 144.45
792, 112.41, 144.23
793, 112.87, 144.04
794, 113.06, 143.90
795, 113.06, 143.78
796, 112.97, 143.67
797, 112.85, 143.61
798, 112.77, 143.62
799, 112.76, 143.70
800, 112.76, 143.82
801, 112.75, 143.97
802, 112.65, 144.10
803, 112.46, 144.20
804, 112.20, 144.53
805, 112.03, 145.13
806, 112.01, 146.03
807, 112.31, 147.22
808, 112.90, 148.61
809, 113.76, 150.30
810, 114.85, 152.20
811, 116.10, 154.21
812, 117.61, 156.35
813, 119.31, 158.56
814, 121.12, 160.93
815, 122.90, 163.37
816, 124.53, 165.81
817, 126.13, 168.04
818, 127.70, 169.96
819, 129.24, 171.63
820, 130.63, 173.08
821, 131.81, 174.37
822, 132.86, 175.41
823, 133.82, 176.19
824, 134.71, 176.79
825, 135.52, 177.24
826, 136.21, 177.58
827, 136.77, 177.79
828, 137.18, 177.90
829, 137.57, 177.85
830, 137.97, 177.65
831, 138.42, 177.31
832, 138.81, 176.90
833, 139.13, 176.45
834, 139.31, 176.01
835, 139.39, 175.59
836, 139.36, 175.22
837, 139.22, 174.89
838, 138.98, 174.61
839, 138.70, 174.49
840, 138.44, 174.54
841, 138.24, 174.60
842, 138.05, 174.58
843, 137.88, 174.43
844, 137.80, 174.30
845, 137.81, 174.25
846, 137.94, 174.25
847, 138.14, 174.27
848, 138.38, 174.27
849, 138.56, 174.28
850, 138.63, 174.31
851, 138.60, 174.39
852, 138.47, 174.53
853, 138.25, 174.62
854, 137.93, 174.64
855, 137.52, 174.56
856, 136.73, 174.29
857, 135.54, 173.83
858, 133.99, 172.91
859, 132.07, 171.55
860, 129.91, 169.83
861, 127.46, 167.83
862, 124.88, 165.68
863, 122.28, 163.51
864, 119.85, 161.42
865, 117.70, 159.50
866, 115.87, 157.73
867, 114.33, 156.12
868, 113.08, 154.48
869, 111.93, 152.80
870, 110.83, 151.11
871, 109.81, 149.43
872, 108.91, 147.83
873, 108.18, 146.46
874, 107.74, 145.36
875, 107.59, 144.62
876, 107.72, 144.21
877, 108.04, 144.07
878, 108.48, 144.04
879, 108.87, 144.07
880, 109.14, 144.02
881, 109.33, 143.91
882, 109.47, 143.73
883, 109.52, 143.57
884, 109.46, 143.45
885, 109.28, 143.37
886, 109.04, 143.31
887, 108.76, 143.24
888, 108.65, 143.14
889, 108.77, 142.97
890, 109.14, 142.86
891, 109.65, 142.84
892, 110.24, 142.94
893, 110.81, 143.12
894, 111.29, 143.35
895, 111.67, 143.55
896, 112.06, 143.68
897, 112.49, 143.74
898, 112.68, 143.82
899, 112.56, 143.95
900, 112.06, 144.10
901, 111.48, 144.23
902, 110.92, 144.28
903, 110.48, 144.26
904, 110.14, 144.18
905, 109.90, 144.11
906, 109.66, 144.08
907, 109.38, 144.38
908, 109.33, 145.02
909, 109.57, 146.01
910, 110.24, 147.34
911, 111.24, 148.92
912, 112.45, 150.97
913, 113.90, 153.38
914, 115.49, 156.07
915, 117.30, 158.93
916, 119.23, 161.84
917, 121.22, 164.72
918, 123.27, 167.43
919, 125.31, 169.90
920, 127.38, 172.06
921, 129.36, 173.89
922, 131.21, 175.37
923, 132.85, 176.50
924, 134.23, 177.32
925, 135.37, 177.83
926, 136.30, 178.06
927, 137.04, 178.03
928, 137.61, 177.81
929, 138.03, 177.56
930, 138.30, 177.35
931, 138.43, 177.24
932, 138.45, 177.18
933, 138.46, 177.14
934, 138.51, 177.02
935, 138.57, 176.82
936, 138.61, 176.53
937, 138.61, 176.21
938, 138.68, 175.91
939, 138.85, 175.82
940, 139.14, 175.95
941, 139.50, 176.31
942, 139.72, 176.89
943, 139.76, 177.64
944, 139.58, 178.50
945, 139.32, 179.40
946, 139.04, 180.28
947, 138.87, 181.04
948, 138.83, 181.65
949, 138.91, 182.10
950, 139.03, 182.40
951, 139.13, 182.60
952, 139.31, 182.73
953, 139.57, 182.82
954, 139.94, 182.76
955, 140.26, 182.53
956, 140.47, 181.86
957, 140.29, 180.79
958, 139.74, 179.35
959, 138.83, 177.71
960, 137.49, 176.00
961, 135.78, 174.13
962, 133.61, 172.16
963, 131.13, 170.13
964, 128.48, 167.90
965, 125.79, 165.51
966, 123.20, 162.99
967, 120.76, 160.48
968, 118.54, 158.11
969, 116.58, 155.88
970, 114.91, 153.83
971, 113.53, 151.84
972, 112.35, 149.94
973, 111.32, 148.12
974, 110.54, 146.55
975, 110.01, 145.27
976, 109.75, 144.31
977, 109.74, 143.62
978, 109.93, 143.15
979, 110.21, 142.87
980, 110.48, 142.74
981, 110.70, 142.63
982, 110.84, 142.51
983, 110.91, 142.53
984, 110.86, 142.74
985, 110.69, 143.17
986, 110.43, 143.65
987, 110.39, 144.10
988, 110.63, 144.49
989, 111.09, 144.83
990, 111.62, 145.13
991, 112.12, 145.39
992, 112.41, 145.60
993, 112.45, 145.66
994, 112.44, 145.57
995, 112.47, 145.31
996, 112.60, 144.90
997, 112.78, 144.37
998, 112.97, 143.83
999, 113.16, 143.32
1000, 113.34, 142.89
1001, 113.44, 142.68
1002, 113.47, 142.69
1003, 113.41, 142.91
1004, 113.31, 143.24
1005, 113.22, 143.83
1006, 113.20, 144.68
1007, 113.25, 145.77
1008, 113.38, 147.27
1009, 113.80, 149.13
1010, 114.52, 151.33
1011, 115.63, 153.68
1012, 117.02, 156.04
1013, 118.58, 158.47
1014, 120.15, 160.91
1015, 121.63, 162.97
1016, 122.77, 164.48
1017, 123.51, 165.35
1018, 123.85, 165.55
1019, 123.74, 165.16
1020, 123.27, 164.21
1021, 122.36, 162.88
1022, 121.13, 161.31
1023, 119.67, 159.48
1024, 118.13, 157.46
1025, 116.62, 155.32
1026, 115.29, 153.22
1027, 114.19, 151.25
1028, 113.52, 149.81
1029, 113.26, 148.97
1030, 113.39, 148.99
1031, 113.93, 149.75
1032, 114.83, 151.12
1033, 116.19, 152.86
1034, 117.89, 154.78
1035, 119.84, 156.86
1036, 121.83, 159.01
1037, 123.72, 161.02
1038, 125.15, 162.77
1039, 126.02, 164.16
1040, 126.31, 164.97
1041, 126.12, 165.19
1042, 125.58, 164.67
1043, 124.66, 163.56
1044, 123.46, 162.00
1045, 122.07, 160.08
1046, 120.47, 157.94
1047, 118.75, 155.81
1048, 117.15, 153.84
1049, 115.83, 152.15
1050, 114.86, 150.87
1051, 114.40, 150.03
1052, 114.43, 149.91
1053, 114.96, 150.48
1054, 115.84, 151.65
1055, 117.14, 153.27
1056, 118.75, 155.15
1057, 120.58, 157.45
1058, 122.51, 160.06
1059, 124.40, 162.48
1060, 125.92, 164.42
1061, 126.97, 165.70
1062, 127.48, 166.21
1063, 127.45, 166.04
1064, 126.95, 165.06
1065, 125.95, 163.46
1066, 124.62, 161.41
1067, 123.07, 159.12
1068, 121.33, 156.78
1069, 119.51, 154.61
1070, 117.83, 152.74
1071, 116.42, 151.23
1072, 115.36, 150.26
1073, 114.76, 149.84
1074, 114.59, 150.22
1075, 114.97, 151.29
1076, 115.80, 152.93
1077, 116.98, 155.02
1078, 118.51, 157.38
1079, 120.27, 159.90
1080, 122.11, 162.40
1081, 123.85, 164.77
1082, 125.22, 166.64
1083, 126.15, 167.89
1084, 126.64, 168.22
1085, 126.52, 167.73
1086, 125.84, 166.57
1087, 124.71, 165.02
1088, 123.33, 163.29
1089, 121.87, 161.37
1090, 120.29, 159.34
1091, 118.64, 157.14
1092, 117.16, 154.90
1093, 115.97, 152.70
1094, 115.13, 151.04
1095, 114.70, 150.04
1096, 114.63, 150.01
1097, 115.02, 150.78
1098, 115.81, 152.18
1099, 116.90, 154.14
1100, 118.32, 156.49
1101, 119.96, 159.04
1102, 121.67, 161.59
1103, 123.30, 163.98
1104, 124.75, 165.96
1105, 125.84, 167.44
1106, 126.52, 168.07
1107, 126.68, 167.93
1108, 126.40, 167.09
1109, 125.59, 165.58
1110, 124.38, 163.59
1111, 122.86, 161.36
1112, 121.20, 159.13
1113, 119.50, 157.09
1114, 117.96, 155.27
1115, 116.67, 153.72
1116, 115.68, 152.73
1117, 115.13, 152.33
1118, 115.02, 152.67
1119, 115.51, 153.59
1120, 116.47, 154.96
1121, 117.82, 156.69
1122, 119.41, 158.66
1123, 121.12, 160.88
1124, 122.82, 163.24
1125, 124.41, 165.62
1126, 125.82, 167.58
1127, 126.90, 168.98
1128, 127.62, 169.42
1129, 127.75, 169.02
1130, 127.33, 167.88
1131, 126.43, 166.23
1132, 125.13, 164.29
1133, 123.58, 162.06
1134, 121.90, 159.66
1135, 120.23, 157.44
1136, 118.67, 155.58
1137, 117.36, 154.19
1138, 116.33, 153.31
1139, 115.77, 152.89
1140, 115.68, 153.06
1141, 116.11, 153.72
1142, 116.94, 154.79
1143, 118.06, 156.22
1144, 119.51, 157.89
1145, 121.20, 159.73
1146, 123.02, 161.61
1147, 124.81, 163.43
1148, 126.44, 164.90
1149, 127.56, 165.93
1150, 128.10, 166.31
1151, 128.00, 166.12
1152, 127.41, 165.45
1153, 126.50, 164.31
1154, 125.33, 162.83
1155, 124.00, 160.94
1156, 122.55, 158.80
1157, 121.10, 156.50
1158, 119.70, 154.36
1159, 118.44, 152.50
1160, 117.36, 151.31
1161, 116.75, 150.79
1162, 116.62, 151.08
1163, 116.98, 152.00
1164, 117.77, 153.39
1165, 118.87, 155.23
1166, 120.32, 157.37
1167, 121.99, 159.68
1168, 123.70, 161.97
1169, 125.29, 164.12
1170, 126.66, 165.66
1171, 127.66, 166.53
1172, 128.29, 166.54
1173, 128.28, 165.90
1174, 127.70, 164.75
1175, 126.62, 163.25
1176, 125.11, 161.52
1177, 123.30, 159.56
1178, 121.49, 157.48
1179, 119.85, 155.35
1180, 118.49, 153.44
1181, 117.43, 151.85
1182, 116.65, 150.96
1183, 116.26, 150.76
1184, 116.22, 151.23
1185, 116.51, 152.10
1186, 117.21, 153.20
1187, 118.28, 154.74
1188, 119.85, 156.67
1189, 121.77, 158.95
1190, 123.93, 161.35
1191, 125.84, 163.71
1192, 127.34, 165.62
1193, 128.16, 166.97
1194, 128.38, 167.40
1195, 127.95, 167.03
1196, 127.03, 165.97
1197, 125.74, 164.32
1198, 124.18, 162.26
1199, 122.47, 160.01
1200, 120.91, 157.76
1201, 119.61, 155.66
1202, 118.67, 153.96
1203, 118.01, 152.74
1204, 117.55, 152.14
1205, 117.44, 152.07
1206, 117.68, 152.44
1207, 118.23, 153.24
1208, 119.04, 154.36
1209, 120.00, 155.93
1210, 121.26, 157.84
1211, 122.78, 159.98
1212, 124.49, 162.13
1213, 126.14, 164.13
1214, 127.62, 165.66
1215, 128.59, 166.66
1216, 129.04, 166.95
1217, 128.98, 166.65
1218, 128.30, 165.87
1219, 127.08, 164.58
1220, 125.40, 162.90
1221, 123.46, 160.79
1222, 121.44, 158.43
1223, 119.43, 155.95
1224, 117.54, 153.73
1225, 115.97, 151.93
1226, 114.79, 150.80
1227, 114.19, 150.30
1228, 114.10, 150.36
1229, 114.47, 150.97
1230, 115.31, 152.02
1231, 116.54, 153.66
1232, 118.25, 155.76
1233, 120.31, 158.21
1234, 122.59, 160.66
1235, 124.69, 162.93
1236, 126.45, 164.66
1237, 127.55, 165.80
1238, 128.02, 166.34
1239, 127.93, 166.25
1240, 127.33, 165.62
1241, 126.36, 164.40
1242, 125.02, 162.75
1243, 123.43, 160.72
1244, 121.71, 158.50
1245, 120.07, 156.22
1246, 118.61, 154.19
1247, 117.44, 152.51
1248, 116.57, 151.52
1249, 115.99, 151.20
1250, 115.87, 151.50
1251, 116.21, 152.32
1252, 117.14, 153.53
1253, 118.50, 155.30
1254, 120.25, 157.55
1255, 122.23, 160.16
1256, 124.30, 162.65
1257, 126.11, 164.80
1258, 127.53, 166.27
1259, 128.28, 167.06
1260, 128.42, 167.25
1261, 128.02, 166.83
1262, 127.12, 165.93
1263, 125.85, 164.39
1264, 124.25, 162.36
1265, 122.46, 159.98
1266, 120.60, 157.50
1267, 118.88, 155.09
1268, 117.42, 153.03
1269, 116.27, 151.39
1270, 115.39, 150.49
1271, 114.75, 150.29
1272, 114.59, 150.72
1273, 114.90, 151.65
1274, 115.86, 152.92
1275, 117.35, 154.67
1276, 119.23, 156.80
1277, 121.26, 159.21
1278, 123.27, 161.58
1279, 125.01, 163.75
1280, 126.40, 165.33
1281, 127.19, 166.29
1282, 127.42, 166.63
1283, 127.13, 166.38
1284, 126.36, 165.66
1285, 125.22, 164.45
1286, 123.88, 162.90
1287, 122.49, 161.13
1288, 121.17, 159.10
1289, 119.84, 156.91
1290, 118.50, 154.96
1291, 117.32, 153.43
1292, 116.39, 152.60
1293, 115.78, 152.39
1294, 115.60, 152.70
1295, 115.83, 153.52
1296, 116.67, 154.74
1297, 118.01, 156.49
1298, 119.75, 158.64
1299, 121.76, 161.07
1300, 123.88, 163.36
1301, 125.84, 165.32
1302, 127.47, 166.62
1303, 128.69, 167.29
1304, 129.35, 167.37
1305, 129.48, 166.81
1306, 128.98, 165.74
1307, 128.00, 164.25
1308, 126.68, 162.56
1309, 125.01, 160.81
1310, 123.13, 158.92
1311, 121.08, 156.95
1312, 119.01, 155.11
1313, 117.27, 153.57
1314, 115.96, 152.40
1315, 115.16, 151.91
1316, 114.90, 152.09
1317, 115.13, 152.99
1318, 115.93, 154.38
1319, 117.32, 156.32
1320, 119.21, 158.67
1321, 121.49, 161.29
1322, 123.94, 163.84
1323, 126.41, 166.12
1324, 128.60, 168.04
1325, 130.39, 169.38
1326, 131.47, 170.14
1327, 131.86, 170.03
1328, 131.60, 169.14
1329, 130.74, 167.60
1330, 129.44, 165.69
1331, 127.70, 163.62
1332, 125.69, 161.34
1333, 123.55, 158.92
1334, 121.49, 156.42
1335, 119.62, 154.33
1336, 118.22, 152.79
1337, 117.34, 152.05
1338, 117.12, 151.98
1339, 117.48, 152.46
1340, 118.29, 153.53
1341, 119.51, 155.05
1342, 121.02, 157.02
1343, 122.74, 159.25
1344, 124.54, 161.47
1345, 126.30, 163.50
1346, 127.74, 165.21
1347, 128.76, 166.46
1348, 129.11, 167.22
1349, 128.87, 167.35
1350, 128.12, 166.92
1351, 126.95, 166.04
1352, 125.49, 164.78
1353, 123.80, 163.27
1354, 122.01, 161.26
1355, 120.22, 158.83
1356, 118.58, 156.07
1357, 117.16, 153.60
1358, 116.18, 151.65
1359, 115.66, 150.57
1360, 115.58, 150.26
1361, 115.92, 150.62
1362, 116.59, 151.69
1363, 117.64, 153.34
1364, 118.98, 155.49
1365, 120.50, 157.91
1366, 122.18, 160.41
1367, 123.94, 162.63
1368, 125.49, 164.41
1369, 126.72, 165.61
1370, 127.35, 166.30
1371, 127.44, 166.37
1372, 127.05, 165.90
1373, 126.19, 164.99
1374, 124.96, 163.68
1375, 123.38, 162.11
1376, 121.60, 160.24
1377, 119.73, 158.23
1378, 118.06, 156.17
1379, 116.70, 154.45
1380, 115.84, 153.19
1381, 115.45, 152.70
1382, 115.47, 152.89
1383, 115.89, 153.67
1384, 116.61, 154.93
1385, 117.84, 156.51
1386, 119.48, 158.34
1387, 121.46, 160.28
1388, 123.44, 162.20
1389, 125.24, 163.92
1390, 126.52, 165.34
1391, 127.24, 166.15
1392, 127.41, 166.37
1393, 127.11, 165.83
1394, 126.45, 164.71
1395, 125.40, 163.13
1396, 124.07, 161.16
1397, 122.58, 158.95
1398, 121.06, 156.54
1399, 119.61, 154.11
1400, 118.41, 151.75
1401, 117.49, 149.90
1402, 116.98, 148.66
1403, 116.84, 148.35
1404, 117.01, 148.83
1405, 117.51, 149.98
1406, 118.26, 151.72
1407, 119.38, 153.88
1408, 120.81, 156.36
1409, 122.45, 158.96
1410, 124.15, 161.53
1411, 125.77, 163.79
1412, 126.97, 165.62
1413, 127.68, 166.71
1414, 127.87, 167.09
1415, 127.59, 166.82
1416, 126.93, 165.92
1417, 125.86, 164.53
1418, 124.48, 162.75
1419, 122.91, 160.78
1420, 121.30, 158.69
1421, 119.77, 156.59
1422, 118.34, 154.55
1423, 117.02, 152.93
1424, 116.02, 151.83
1425, 115.38, 151.44
1426, 115.13, 151.65
1427, 115.31, 152.35
1428, 115.88, 153.60
1429, 117.01, 155.28
1430, 118.59, 157.38
1431, 120.52, 159.70
1432, 122.46, 162.09
1433, 124.23, 164.22
1434, 125.52, 165.95
1435, 126.28, 166.98
1436, 126.54, 167.34
1437, 126.34, 167.09
1438, 125.80, 166.22
1439, 124.87, 164.85
1440, 123.65, 163.04
1441, 122.22, 161.00
1442, 120.76, 158.87
1443, 119.36, 156.69
1444, 118.09, 154.54
1445, 116.98, 152.74
1446, 116.05, 151.41
1447, 115.55, 150.91
1448, 115.52, 151.16
1449, 116.08, 152.08
1450, 117.10, 153.47
1451, 118.45, 155.14
1452, 120.10, 157.13
1453, 121.92, 159.33
1454, 123.69, 161.66
1455, 125.24, 163.84
1456, 126.26, 165.76
1457, 126.75, 166.98
1458, 126.73, 167.47
1459, 126.27, 167.26
1460, 125.50, 166.38
1461, 124.50, 164.98
1462, 123.40, 163.03
1463, 122.29, 160.73
1464, 121.12, 158.23
1465, 119.92, 155.74
1466, 118.79, 153.41
1467, 117.81, 151.54
1468, 117.02, 150.20
1469, 116.61, 149.41
1470, 116.56, 149.31
1471, 116.98, 149.85
1472, 117.76, 151.06
1473, 118.80, 152.74
1474, 120.12, 154.87
1475, 121.66, 157.27
1476, 123.32, 159.79
1477, 124.95, 162.10
1478, 126.48, 164.06
1479, 127.60, 165.30
1480, 128.26, 165.82
1481, 128.26, 165.66
1482, 127.70, 164.89
1483, 126.59, 163.68
1484, 125.14, 162.05
1485, 123.47, 160.15
1486, 121.76, 158.12
1487, 120.14, 156.03
1488, 118.86, 153.95
1489, 117.99, 152.21
1490, 117.54, 150.91
1491, 117.46, 150.11
1492, 117.67, 149.97
1493, 118.13, 150.43
1494, 118.76, 151.59
1495, 119.47, 153.25
1496, 120.43, 155.26
1497, 121.62, 157.51
1498, 123.00, 159.86
1499, 124.45, 162.02
1500, 125.87, 163.84
=====End_data=====
