45		40

44		41

48		41

45		41

46		40

45		39

45		40

47		53

58		68

70		87

79		104

87		111

90		116

91		115

82		97

71		85

71		88

79		107

88		126

96		138

101		141

99		124

86		99

75		83

65		80

67		87

82		113

98		145

108		168

115		166

110		157

103		133

93		125

98		144

104		159

109		156

103		138

93		131

98		139

108		157

111		161

108		146

99		125

93		124

97		134

101		142

99		132

92		116

88		119

95		133

97		129

89		108

77		94

80		106

91		115

85		96

67		75

64		80

78		98

81		101

79		74

58		50

50		63

69		92

84		100

79		86

60		58

55		54

56		67

67		74

64		62

51		42

47		43

52		55

56		61

57		52

48		39

48		44

51		55

52		45

44		34

42		30

44		42

48		40

45		28

37		28

36		27

34		27

38		23

40		27

42		22

39		29

42		39

49		49

57		71

68		85

81		102

85		108

90		116

92		123

97		130

103		146

106		153

108		161

110		164

108		166

112		168

108		169

109		163

107		147

102		128

90		108

82		91

70		74

60		61

53		49

52		43

45		40

43		34

41		32

39		31

43		31

37		29

42		38

44		48

56		60

62		67

61		67

59		56

53		43

42		33

40		36

48		44

47		38

38		28

39		26

41		28

39		29

41		27

38		29

38		26

40		30

39		41

51		54

58		60

60		63

56		55

50		40

40		34

43		35

45		48

55		61

60		75

67		74

66		62

52		46

49		45

48		53

59		71

75		96

84		108

86		103

76		80

65		67

60		73

72		94

82		113

93		126

91		114

83		96

76		89

78		98

86		111

93		122

96		117

89		107

86		102

86		112

96		132

99		129

92		117

89		111

89		115

93		130

101		139

101		134

97		115

87		105

86		120

98		144

108		159

108		152

101		134

98		137

102		154

111		169

112		171

116		166

109		158

100		138

94		122

89		106

78		91

70		75

61		61

57		52

52		48

48		42

49		40

43		33

44		33

43		34

40		33

47		42

50		57

58		63

61		60

53		53

52		45

46		37

44		32

40		33

41		27

38		26

39		27

42		26

40		26

35		31

42		37

45		44

51		58

61		72

69		83

75		92

82		102

88		116

91		126

95		130

101		142

106		151

108		156

108		161

107		169

116		175

113		170

106		151

103		131

95		127

98		141

108		155

108		148

97		129

95		121

96		128

95		126

89		110

82		105

87		116

91		107

78		96

80		104

85		110

81		95

67		69

62		68

68		84

76		94

78		90

71		70

58		60

63		74

67		66

58		54

52		55

56		60

58		56

53		43

44		39

43		49

54		55

56		58

50		40

41		39

44		42

46		38

43		34

40		37

40		41

45		41

41		30

39		29

38		27

39		43

48		41

44		33

34		24

40		27

37		36

40		30

38		24

36		22

38		33

45		40

43		34

37		29

40		33

44		49

50		51

47		48

48		51

53		60

59		60

54		52

51		53

55		66

68		88

72		74

64		76

72		96

82		105

85		101

80		84

75		91

82		109

92		120

92		113

86		111

94		125

100		142

95		126

95		121

95		134

103		152

108		154

102		146

105		153

112		173

113		166

114		156

107		159

111		177

112		172

107		153

106		141

108		153

109		163

114		160

106		144

97		133

99		144

101		153

103		140

96		123

94		130

100		145

106		147

100		126

89		110

86		114

92		131

98		127

93		109

77		92

75		99

84		109

84		102

72		82

69		84

73		97

80		100

78		83

66		58

58		64

64		84

72		93

70		78

57		58

50		44

46		37

39		34

39		35

42		36

45		53

53		68

62		68

55		51

44		41

46		48

51		61

56		65

52		50

47		31

38		25

38		27

41		30

39		40

46		54

56		66

67		80

72		78

63		62

50		44

44		34

45		37

41		36

46		54

59		75

71		89

76		89

69		75

55		52

47		47

49		54

60		73

76		106

88		118

94		115

86		107

87		111

91		124

94		125

92		117

96		127

96		137

105		147

109		163

109		160

106		157

107		153

103		141

99		127

92		116

83		104

79		90

73		81

64		67

58		63

52		55

52		50

48		45

46		43

45		36

43		32

44		31

40		24

37		26

37		28

40		28

39		27

39		26

44		40

50		53

56		68

70		88

80		102

88		118

94		123

97		130

100		139

102		143

104		153

108		149

103		140

93		119

85		99

84		109

95		130

101		129

92		106

81		95

81		101

84		104

75		73

56		48

47		38

44		40

45		50

59		71

76		95

82		105

85		101

78		87

63		56

44		42

47		49

51		46

47		37

38		32

38		26

40		24

39		23

36		28

38		29

39		39

50		51

56		58

55		58

59		62

60		66

63		66

53		47

46		34

42		35

39		34

41		41

50		56

61		67

70		76

67		65

55		52

56		50

53		68

72		88

79		99

77		80

69		82

75		99

85		103

78		91

77		95

87		115

92		121

91		112

88		115

95		134

103		136

97		127

96		135

106		152

109		161

113		166

111		164

113		164

109		160

106		143

98		132

91		118

85		106

77		86

72		73

60		67

56		55

45		49

45		42

47		45

46		42

52		51

55		63

65		86

77		104

84		113

88		112

86		105

78		90

71		71

59		56

49		49

47		43

49		45

53		53

51		59

52		56

51		47

45		44

42		42

43		40

42		38

42		41

43		40

43		44

52		53

59		63

72		86

79		99

88		109
