49.17
49.15
49.28
49.58
49.96
50.40
50.76
51.02
51.14
51.17
51.02
50.70
50.22
49.66
49.07
48.55
48.13
47.83
47.62
47.50
47.55
47.77
48.15
48.62
49.13
49.51
49.70
49.70
49.55
49.31
49.07
48.87
48.74
48.66
48.63
48.65
48.72
48.84
48.99
49.14
49.27
49.36
49.40
49.41
49.40
49.28
49.07
48.76
48.39
48.00
47.68
47.44
47.31
47.25
47.25
47.29
47.35
47.43
47.52
47.66
47.86
48.11
48.39
48.67
48.96
49.26
49.57
49.86
50.12
50.22
50.13
49.85
49.44
48.98
48.54
48.18
47.92
47.74
47.63
47.63
47.72
47.91
48.16
48.43
48.67
48.88
49.03
49.13
49.19
49.23
49.24
49.24
49.22
49.20
49.20
49.23
49.29
49.37
49.46
49.50
49.48
49.38
49.24
49.07
48.95
48.90
48.92
48.99
49.09
49.22
49.34
49.47
49.58
49.69
49.78
49.85
49.91
49.96
49.99
50.02
50.03
50.04
50.05
50.02
49.96
49.87
49.76
49.64
49.52
49.41
49.31
49.23
49.15
49.09
49.05
49.01
48.99
48.97
48.96
48.95
48.95
48.96
48.96
48.94
48.88
48.80
48.70
48.59
48.46
48.30
48.12
47.93
47.75
47.72
47.86
48.18
48.60
49.06
49.49
49.88
50.21
50.48
50.65
50.70
50.65
50.53
50.36
50.17
49.97
49.78
49.61
49.45
49.37
49.38
49.47
49.61
49.79
49.87
49.83
49.64
49.38
49.06
48.84
48.74
48.80
48.95
49.17
49.29
49.26
49.07
48.77
48.41
48.09
47.83
47.65
47.55
47.50
47.50
47.52
47.56
47.61
47.67
47.81
48.03
48.35
48.72
49.01
49.21
49.28
49.26
49.18
49.14
49.17
49.29
49.47
49.67
49.78
49.76
49.60
49.35
49.05
48.72
48.41
48.11
47.84
47.61
47.47
47.42
47.48
47.59
47.75
47.96
48.20
48.46
48.73
48.98
49.16
49.25
49.25
49.18
49.07
48.91
48.70
48.47
48.23
48.00
47.88
47.92
48.11
48.40
48.74
49.02
49.20
49.26
49.24
49.16
49.04
48.90
48.75
48.61
48.50
48.44
48.43
48.45
48.50
48.63
48.87
49.20
49.59
49.98
50.29
50.48
50.53
50.48
50.37
50.22
50.05
49.87
49.70
49.55
49.43
49.37
49.36
49.39
49.44
49.51
49.58
49.65
49.72
49.79
49.82
49.81
49.76
49.68
49.59
49.50
49.41
49.32
49.24
49.17
49.04
48.82
48.52
48.17
47.89
47.71
47.66
47.69
47.78
47.92
48.06
48.22
48.37
48.51
48.66
48.82
49.00
49.18
49.35
49.47
49.55
49.57
49.56
49.52
49.52
49.57
49.68
49.83
50.00
50.14
50.25
50.31
50.34
50.34
50.27
50.12
49.91
49.66
49.39
49.16
48.97
48.84
48.76
48.72
48.73
48.79
48.90
49.03
49.18
49.41
49.72
50.11
50.54
50.89
51.13
51.24
51.25
51.19
51.08
50.95
50.81
50.66
50.53
50.32
50.04
49.68
49.29
48.89
48.62
48.50
48.55
48.72
48.95
49.20
49.44
49.63
49.78
49.90
50.02
50.14
50.27
50.40
50.52
50.53
50.40
50.12
49.76
49.37
48.99
48.65
48.39
48.18
48.02
47.97
48.01
48.14
48.34
48.56
48.80
49.03
49.24
49.43
49.51
49.48
49.32
49.08
48.81
48.57
48.40
48.32
48.29
48.31
48.39
48.52
48.69
48.87
49.07
49.22
49.34
49.40
49.42
49.41
49.46
49.60
49.82
50.09
50.38
50.59
50.70
50.68
50.58
50.42
50.31
50.29
50.37
50.51
50.68
50.85
50.99
51.09
51.15
51.19
51.12
50.95
50.67
50.34
49.97
49.70
49.53
49.49
49.55
49.61
49.65
49.64
49.60
49.54
49.47
49.39
49.32
49.25
49.19
49.14
49.09
49.06
49.03
49.01
49.10
49.32
49.67
50.09
50.54
50.89
51.08
51.10
51.01
50.83
50.64
50.45
50.30
50.18
50.08
50.04
50.05
50.10
50.19
50.29
50.38
50.43
50.44
50.43
50.40
50.38
50.39
50.42
50.48
50.55
50.59
50.61
50.58
50.54
50.42
50.24
49.99
49.71
49.42
49.20
49.06
49.01
49.03
49.09
49.16
49.21
49.24
49.24
49.23
49.19
49.10
48.99
48.85
48.71
48.68
48.79
49.03
49.36
49.73
50.06
50.32
50.48
50.56
50.59
50.56
50.46
50.32
50.15
49.96
49.81
49.70
49.64
49.62
49.62
49.64
49.68
49.72
49.76
49.81
49.85
49.89
49.92
49.94
49.97
50.01
50.08
50.18
50.29
50.43
50.61
50.80
51.00
51.19
51.24
51.11
50.80
50.38
49.91
49.53
49.28
49.21
49.25
49.37
49.62
49.99
50.47
50.99
51.52
51.83
51.89
51.66
51.26
50.75
50.27
49.88
49.61
49.45
49.36
49.28
49.18
49.05
48.90
48.75
48.63
48.55
48.52
48.53
48.55
48.62
48.73
48.88
49.04
49.20
49.36
49.51
49.63
49.74
49.81
49.82
49.79
49.72
49.64
49.57
49.53
49.53
49.56
49.60
49.70
49.87
50.10
50.37
50.64
50.82
50.89
50.84
50.71
50.52
50.31
50.09
49.88
49.69
49.51
49.34
49.16
48.97
48.78
48.61
48.54
48.58
48.74
48.97
49.24
49.60
50.05
50.58
51.13
51.67
52.07
52.29
52.32
52.22
52.03
51.79
51.52
51.26
51.00
50.77
50.57
50.39
50.25
50.14
50.05
49.99
49.94
49.92
49.90
49.90
49.90
49.90
49.91
49.93
50.04
50.29
50.65
51.09
51.55
51.98
52.35
52.64
52.86
53.03
53.01
52.79
52.39
51.87
51.30
50.72
50.17
49.67
49.23
48.86
48.60
48.47
48.46
48.54
48.67
48.83
49.01
49.18
49.35
49.50
49.69
49.92
50.19
50.48
50.76
51.02
51.26
51.47
51.64
51.67
51.55
51.28
50.91
50.50
50.16
49.92
49.81
49.80
49.86
49.93
50.00
50.05
50.08
50.10
50.16
50.27
50.44
50.65
50.86
51.05
51.19
51.28
51.32
51.34
51.25
51.06
50.76
50.40
50.02
49.70
49.47
49.33
49.27
49.27
49.38
49.62
49.97
50.37
50.79
51.16
51.43
51.59
51.68
51.68
51.60
51.46
51.28
51.09
50.95
50.88
50.89
50.96
51.06
51.08
50.98
50.75
50.44
50.10
49.77
49.48
49.26
49.09
48.96
48.88
48.82
48.80
48.79
48.79
48.86
49.00
49.20
49.44
49.69
49.91
50.08
50.19
50.26
50.30
50.36
50.47
50.62
50.80
51.00
51.08
51.02
50.82
50.53
50.19
49.89
49.66
49.52
49.44
49.42
49.43
49.47
49.53
49.59
49.64
49.64
49.61
49.56
49.49
49.53
49.68
49.97
50.33
50.73
51.15
51.59
52.03
52.44
52.81
53.05
53.15
53.11
52.97
52.76
52.47
52.11
51.68
51.25
50.82
50.50
50.32
50.28
50.35
50.48
50.60
50.68
50.70
50.68
50.63
50.58
50.56
50.57
50.60
50.64
50.63
50.57
50.44
50.27
50.12
49.98
49.89
49.84
49.80
49.79
49.80
49.81
49.83
49.85
49.87
49.90
49.92
49.94
49.96
49.89
49.73
49.47
49.16
48.82
48.57
48.43
48.42
48.49
48.62
48.82
49.06
49.33
49.61
49.88
50.15
50.43
50.71
50.98
51.22
51.35
51.35
51.23
51.03
50.77
50.50
50.23
49.98
49.75
49.54
49.40
49.32
49.30
49.32
49.37
49.44
49.52
49.60
49.68
49.83
50.07
50.39
50.75
51.13
51.44
51.66
51.78
51.82
51.81
51.73
51.59
51.41
51.21
51.00
50.81
50.63
50.46
50.33
50.21
50.15
50.14
50.17
50.24
50.33
50.46
50.61
50.80
50.99
51.18
51.22
51.09
50.79
50.37
49.89
49.46
49.11
48.85
48.68
48.58
48.61
48.77
49.06
49.42
49.73
49.94
50.05
50.06
50.02
49.90
49.74
49.53
49.30
49.07
48.96
48.99
49.17
49.45
49.78
50.08
50.31
50.46
50.53
50.56
50.55
50.51
50.46
50.39
50.33
50.29
50.29
50.33
50.39
50.47
50.58
50.71
50.88
51.06
51.23
51.31
51.29
51.15
50.93
50.68
50.44
50.24
50.08
49.97
49.89
49.84
49.81
49.81
49.81
49.82
49.84
49.86
49.89
49.91
49.98
50.11
50.31
50.53
50.77
50.95
51.05
51.07
51.02
50.93
50.82
50.70
50.58
50.46
50.35
50.26
50.18
50.12
50.06
50.02
50.07
50.23
50.48
50.79
51.13
51.31
51.28
51.03
50.64
50.18
49.76
49.44
49.25
49.15
49.13
49.21
49.39
49.66
49.97
50.30
50.57
50.75
50.84
50.86
50.82
50.75
50.67
50.57
50.47
50.46
50.54
50.73
50.99
51.28
51.52
51.68
51.76
51.78
51.75
51.69
51.61
51.52
51.43
51.34
51.24
51.11
50.96
50.81
50.66
50.49
50.30
50.11
49.91
49.72
49.66
49.74
49.97
50.29
50.66
51.00
51.26
51.42
51.52
51.56
51.56
51.52
51.47
51.41
51.35
51.31
51.31
51.34
51.40
51.48
51.58
51.72
51.88
52.06
52.18
52.23
52.19
52.11
51.99
51.85
51.71
51.57
51.45
51.33
51.29
51.32
51.44
51.60
51.79
51.88
51.84
51.67
51.40
51.08
50.75
50.42
50.12
49.85
49.61
49.44
49.33
49.30
49.31
49.35
49.45
49.58
49.75
49.94
50.12
50.30
50.46
50.61
50.73
50.83
50.83
50.71
50.49
50.20
49.88
49.66
49.58
49.65
49.83
50.01
50.17
50.27
50.33
50.35
50.40
50.49
50.64
50.81
51.00
51.08
51.02
50.82
50.53
50.19
49.89
49.65
49.51
49.44
49.41
49.51
49.72
50.05
50.43
50.84
51.21
51.53
51.78
51.97
52.10
52.13
52.07
51.91
51.70
51.46
51.27
51.15
51.11
51.13
51.19
51.30
51.46
51.65
51.86
52.06
52.18
52.18
52.07
51.88
51.67
51.48
51.31
51.18
51.08
50.95
50.79
50.57
50.34
50.10
49.91
49.76
49.67
49.63
49.61
49.60
49.57
49.52
49.46
49.39
49.37
49.42
49.54
49.70
49.88
50.05
50.17
50.25
50.29
50.30
50.29
50.27
50.25
50.21
50.18
50.17
50.20
50.26
50.34
50.43
50.50
50.54
50.53
50.50
50.45
50.45
50.50
50.62
50.77
50.89
50.96
50.95
50.90
50.81
50.71
50.60
50.49
50.38
50.29
50.21
50.14
50.09
50.04
50.01
49.99
49.97
49.96
49.96
49.96
49.99
50.05
50.14
50.25
50.37
50.46
50.51
50.52
50.50
50.46
50.38
50.26
50.11
49.95
49.78
49.68
49.65
49.70
49.81
49.94
50.12
50.34
50.57
50.82
51.05
51.21
51.29
51.27
51.19
51.10
51.02
50.96
50.92
50.89
50.83
50.71
50.54
50.34
50.12
49.91
49.72
49.54
49.39
49.26
49.27
49.41
49.71
50.09
50.52
50.87
51.11
51.21
51.22
51.17
51.09
51.02
50.97
50.93
50.91
50.88
50.82
50.73
50.63
50.53
50.46
50.42
50.43
50.46
50.51
50.50
50.39
50.19
49.93
49.65
49.49
49.51
49.70
50.02
50.34
50.63
50.85
51.02
51.13
51.21
51.25
51.26
51.26
51.24
51.19
51.10
50.98
50.85
50.71
50.57
50.45
50.33
50.24
50.16
50.20
50.38
50.70
51.10
51.53
51.89
52.13
52.24
52.25
52.19
52.09
51.96
51.81
51.67
51.53
51.49
51.55
51.73
51.97
52.25
52.54
52.82
53.08
53.31
53.51
53.62
53.64
53.57
53.43
53.23
52.99
52.71
52.42
52.15
51.89
51.66
51.47
51.31
51.18
51.11
51.09
51.13
51.20
51.29
51.34
51.33
51.25
51.13
50.99
50.83
50.68
50.53
50.41
50.29
50.31
50.46
50.76
51.14
51.56
51.95
52.30
52.58
52.80
52.97
53.03
52.99
52.86
52.67
52.44
52.29
52.23
52.29
52.42
52.59
52.74
52.83
52.84
52.81
52.77
52.74
52.74
52.75
52.77
52.66
52.40
51.99
51.48
50.94
50.51
50.24
50.14
50.17
50.29
50.36
50.33
50.19
49.97
49.72
49.58
49.60
49.79
50.10
50.47
50.87
51.26
51.62
51.96
52.24
52.54
52.85
53.18
53.51
53.83
53.97
53.93
53.69
53.33
52.89
52.43
51.98
51.56
51.18
50.85
50.58
50.35
50.18
50.04
49.95
49.96
50.10
50.35
50.66
50.95
51.19
51.34
51.43
51.47
51.48
51.45
51.41
51.36
51.31
51.22
51.12
50.98
50.83
50.68
50.57
50.50
50.48
50.49
50.53
50.60
50.72
50.87
51.03
51.20
51.36
51.51
51.64
51.75
51.84
51.86
51.80
51.66
51.47
51.26
51.10
51.01
51.00
51.05
51.13
51.21
51.27
51.29
51.29
51.28
51.28
51.31
51.36
51.44
51.46
51.43
51.33
51.19
51.03
50.89
50.78
50.72
50.69
50.68
50.70
50.72
50.76
50.79
50.83
50.89
50.98
51.10
51.23
51.36
51.49
51.60
51.71
51.79
51.87
51.92
51.97
52.00
52.02
52.04
52.02
51.97
51.88
51.77
51.65
51.59
51.59
51.67
51.79
51.95
52.11
52.27
52.42
52.56
52.68
52.76
52.78
52.76
52.70
52.60
52.45
52.27
52.08
51.88
51.78
51.79
51.91
52.11
52.35
52.50
52.52
52.40
52.19
51.93
51.67
51.43
51.25
51.10
51.00
50.90
50.79
50.67
50.56
50.45
50.42
50.51
50.70
50.95
51.24
51.49
51.66
51.74
51.76
51.74
51.65
51.52
51.34
51.15
50.95
50.79
50.67
50.61
50.58
50.59
50.64
50.74
50.87
51.03
51.16
51.26
51.31
51.34
51.33
51.31
51.28
51.25
51.21
51.17
51.08
50.93
50.73
50.49
50.24
50.06
49.95
49.93
49.98
50.06
50.15
50.21
50.24
50.25
50.25
50.23
50.21
50.18
50.15
50.12
50.20
50.41
50.74
51.15
51.59
51.90
52.02
51.95
51.74
51.44
51.21
51.10
51.11
51.23
51.40
51.56
51.66
51.70
51.69
51.62
51.50
51.33
51.14
50.95
50.79
50.68
50.61
50.59
50.60
50.68
50.83
51.05
51.31
51.59
51.83
52.02
52.15
52.23
52.28
52.25
52.13
51.93
51.69
51.43
51.23
51.10
51.06
51.08
51.14
51.18
51.17
51.10
50.99
50.86
50.81
50.85
50.99
51.19
51.44
51.61
51.68
51.65
51.53
51.37
51.18
50.99
50.80
50.63
50.47
50.33
50.22
50.13
50.06
50.06
50.14
50.29
50.49
50.71
50.88
50.98
51.00
50.96
50.87
50.85
50.91
51.06
51.27
51.51
51.65
51.66
51.53
51.30
51.02
50.74
50.49
50.29
50.13
50.01
49.96
49.96
50.02
50.11
50.23
50.35
50.46
50.58
50.68
50.77
50.76
50.65
50.43
50.15
49.83
49.59
49.46
49.45
49.53
49.66
49.88
50.17
50.53
50.91
51.18
51.31
51.27
51.13
50.91
50.82
50.90
51.17
51.57
52.03
52.38
52.56
52.55
52.41
52.18
51.96
51.78
51.66
51.60
51.58
51.53
51.44
51.30
51.14
50.96
50.78
50.62
50.47
50.34
50.23
50.17
50.16
50.19
50.26
50.35
50.45
50.54
50.63
50.72
50.79
50.91
51.08
51.30
51.54
51.79
52.06
52.33
52.62
52.89
53.06
53.11
53.03
52.87
52.65
52.39
52.09
51.77
51.45
51.14
50.93
50.80
50.78
50.83
50.93
51.05
51.19
51.33
51.47
51.59
51.62
51.54
51.34
51.08
50.79
50.54
50.37
50.28
50.25
50.28
50.38
50.57
50.84
51.13
51.44
51.69
51.85
51.92
51.92
51.87
51.76
51.61
51.41
51.20
50.98
50.81
50.68
50.61
50.58
50.61
50.69
50.82
50.97
51.13
51.32
51.53
51.75
51.97
52.18
52.38
52.54
52.69
52.80
52.89
52.88
52.76
52.53
52.23
51.90
51.55
51.17
50.79
50.43
50.10
49.87
49.73
49.71
49.76
49.86
50.02
50.23
50.46
50.71
50.96
51.18
51.38
51.56
51.70
51.82
51.92
51.98
52.03
52.07
52.09
52.12
52.18
52.27
52.36
52.41
52.40
52.32
52.19
52.03
51.90
51.79
51.73
51.70
51.70
51.68
51.65
51.59
51.52
51.44
51.36
51.29
51.22
51.16
51.11
51.07
51.04
51.01
51.00
50.98
50.87
50.63
50.28
49.85
49.40
49.04
48.79
48.69
48.68
48.75
48.86
49.00
49.16
49.31
49.45
49.58
49.69
49.79
49.87
49.93
50.00
50.10
50.21
50.33
50.45
50.56
50.67
50.76
50.83
50.84
50.78
50.64
50.45
50.24
50.06
49.91
49.81
49.75
49.73
49.77
49.90
50.10
50.34
50.60
50.80
50.93
50.97
50.94
50.88
50.78
50.67
50.56
50.45
50.35
50.29
50.27
50.30
50.35
50.43
50.54
50.68
50.85
51.03
51.21
51.35
51.44
51.48
51.49
51.46
51.42
51.37
51.31
51.26
51.21
51.16
51.12
51.08
51.05
51.03
51.01
51.00
50.99
50.98
50.98
50.98
50.98
50.98
50.98
50.93
50.82
50.64
50.43
50.21
50.07
50.03
50.11
50.27
50.47
50.64
50.75
50.79
50.77
50.72
50.65
50.56
50.47
50.38
50.30
50.22
50.16
50.11
50.06
50.03
50.03
50.07
50.15
50.25
50.36
50.50
50.66
50.85
51.04
51.23
51.42
51.63
51.85
52.07
52.38
52.79
53.30
53.86
54.41
54.81
55.00
54.98
54.80
54.53
54.18
53.77
53.34
52.91
52.51
52.23
52.09
52.09
52.19
52.36
52.51
52.62
52.66
52.65
52.62
52.47
52.23
51.89
51.49
51.08
50.74
50.48
50.33
50.26
50.25
50.31
50.43
50.60
50.79
50.99
51.13
51.19
51.18
51.10
50.99
50.88
50.80
50.76
50.74
50.77
50.84
50.95
51.08
51.23
51.37
51.50
51.62
51.73
51.81
51.91
52.03
52.16
52.29
52.43
52.50
52.50
52.41
52.28
52.12
51.94
51.77
51.61
51.47
51.34
51.20
51.06
50.90
50.74
50.59
50.53
50.59
50.75
50.99
51.26
51.57
51.90
52.25
52.59
52.90
53.18
53.41
53.61
53.77
53.90
53.91
53.80
53.58
53.28
52.98
52.70
52.47
52.28
52.14
52.05
52.03
52.07
52.14
52.24
52.27
52.21
52.05
51.83
51.58
51.34
51.14
51.00
50.90
50.83
50.82
50.86
50.95
51.07
51.21
51.32
51.39
51.42
51.42
51.39
51.33
51.23
51.09
50.94
50.78
50.62
50.48
50.36
50.25
50.17
50.12
50.12
50.17
50.25
50.35
50.47
50.63
50.82
51.01
51.25
51.54
51.87
52.22
52.56
52.77
52.82
52.70
52.48
52.19
51.81
51.38
50.89
50.39
49.92
49.61
49.52
49.63
49.90
50.25
50.61
50.96
51.25
51.50
51.70
51.80
51.81
51.71
51.55
51.36
51.18
51.03
50.92
50.85
50.81
50.76
50.70
50.62
50.54
50.44
50.44
50.53
50.73
50.98
51.27
51.57
51.85
52.11
52.34
52.46
52.45
52.31
52.09
51.82
51.62
51.51
51.51
51.60
51.73
51.86
51.98
52.06
52.11
52.14
52.08
51.91
51.63
51.30
50.94
50.59
50.26
49.96
49.69
49.47
49.35
49.32
49.39
49.53
49.70
49.95
50.25
50.62
51.00
51.37
51.67
51.87
51.96
51.97
51.93
51.85
51.75
51.64
51.53
51.42
51.32
51.24
51.17
51.11
51.08
51.11
51.17
51.26
51.36
51.46
51.57
51.66
51.75
51.82
51.83
51.76
51.62
51.44
51.23
51.02
50.82
50.63
50.47
50.33
50.27
50.29
50.40
50.56
50.75
50.97
51.23
51.50
51.77
52.03
52.23
52.38
52.46
52.49
52.49
52.43
52.33
52.19
52.02
51.85
51.74
51.71
51.75
51.85
51.98
52.07
52.10
52.07
51.99
51.85
51.67
51.45
51.22
51.00
50.79
50.60
50.43
50.29
50.18
50.09
50.02
49.97
49.94
49.92
49.89
49.83
49.74
49.64
49.54
49.49
49.51
49.60
49.74
49.91
50.11
50.34
50.59
50.84
51.07
51.29
51.48
51.64
51.77
51.88
52.01
52.18
52.40
52.64
52.88
53.08
53.23
53.32
53.37
53.39
53.24
52.93
52.44
51.87
51.26
50.76
50.43
50.28
50.26
50.35
50.49
50.68
50.88
51.08
51.21
51.27
51.24
51.16
51.03
50.95
50.92
50.95
51.03
51.14
51.29
51.47
51.68
51.90
52.11
52.28
52.40
52.46
52.47
52.46
52.40
52.30
52.16
51.99
51.83
51.64
51.44
51.21
50.99
50.79
50.60
50.44
50.30
50.19
50.10
50.06
50.07
50.12
50.21
50.31
50.42
50.53
50.63
50.72
50.77
50.78
50.74
50.68
50.60
50.53
50.50
50.51
50.54
50.58
50.69
50.86
51.10
51.36
51.64
51.90
52.15
52.36
52.55
52.70
52.77
52.76
52.65
52.49
52.29
52.14
52.05
52.04
52.09
52.17
52.19
52.12
51.97
51.75
51.51
51.36
51.35
51.48
51.71
51.99
52.19
52.26
52.19
52.03
51.80
51.60
51.46
51.39
51.37
51.41
51.52
51.67
51.85
52.04
52.16
52.22
52.19
52.11
51.99
51.83
51.63
51.41
51.17
50.95
50.84
50.89
51.08
51.38
51.72
51.98
52.11
52.09
51.96
51.76
51.59
51.46
51.40
51.39
51.41
51.46
51.52
51.59
51.66
51.73
51.79
51.85
51.89
51.93
51.96
51.93
51.83
51.67
51.46
51.24
50.96
50.64
50.27
49.89
49.60
49.44
49.40
49.47
49.59
49.75
49.94
50.12
50.29
50.46
50.49
50.38
50.13
49.78
49.39
49.04
48.76
48.59
48.48
48.44
48.46
48.55
48.69
48.86
49.03
49.24
49.46
49.70
49.94
50.16
50.33
50.45
50.51
50.52
50.50
50.55
50.66
50.87
51.13
51.41
51.67
51.88
52.03
52.14
52.21
52.24
52.25
52.25
52.23
52.18
52.10
51.98
51.84
51.70
51.49
51.19
50.81
50.39
49.98
49.71
49.63
49.76
50.02
50.36
50.66
50.88
50.98
51.00
50.96
50.94
50.95
51.01
51.11
51.23
51.30
51.30
51.24
51.13
50.99
50.86
50.77
50.72
50.70
50.70
50.69
50.66
50.60
50.53
50.45
50.40
50.38
50.40
50.45
50.51
50.58
50.65
50.72
50.78
50.81
50.80
50.75
50.68
50.59
50.58
50.66
50.84
51.08
51.35
51.55
51.65
51.63
51.53
51.37
51.25
51.17
51.16
51.20
51.27
51.36
51.46
51.55
51.64
51.73
51.83
51.94
52.08
52.23
52.38
52.48
52.55
52.56
52.54
52.50
52.39
52.21
51.97
51.69
51.41
51.14
50.88
50.66
50.47
50.31
50.23
50.25
50.35
50.51
50.70
50.91
51.11
51.30
51.47
51.59
51.66
51.67
51.64
51.59
51.49
51.36
51.19
51.01
50.83
50.66
50.51
50.37
50.26
50.16
50.19
50.37
50.68
51.08
51.51
51.87
52.12
52.23
52.24
52.18
52.05
51.87
51.63
51.38
51.14
50.95
50.86
50.85
50.90
51.00
51.07
51.09
51.04
50.95
50.84
50.72
50.59
50.47
50.36
50.35
50.44
50.64
50.91
51.20
51.46
51.64
51.73
51.75
51.73
51.70
51.68
51.69
51.71
51.74
51.75
51.73
51.67
51.60
51.52
51.40
51.26
51.10
50.92
50.75
50.64
50.61
50.67
50.78
50.92
51.07
51.23
51.39
51.53
51.65
51.70
51.67
51.56
51.40
51.22
51.05
50.91
50.82
50.77
50.74
50.69
50.58
50.43
50.24
50.04
49.85
49.67
49.51
49.36
49.35
49.49
49.77
50.14
50.55
51.02
51.54
52.09
52.63
53.13
53.53
53.81
53.96
54.02
54.00
53.86
53.59
53.21
52.77
52.32
51.88
51.47
51.10
50.78
50.52
50.34
50.23
50.19
50.21
50.27
50.35
50.44
50.53
50.62
50.70
50.78
50.84
50.89
50.94
50.97
50.97
50.93
50.85
50.75
50.64
50.61
50.68
50.85
51.08
51.27
51.37
51.37
51.30
51.17
51.11
51.12
51.23
51.40
51.61
51.75
51.79
51.73
51.59
51.41
51.20
51.00
50.80
50.62
50.46
50.32
50.21
50.12
50.05
50.00
49.99
50.02
50.10
50.20
50.31
50.40
50.46
50.47
50.46
50.42
50.43
50.49
50.61
50.77
50.95
51.08
51.14
51.12
51.04
50.94
50.89
50.93
51.07
51.27
51.43
51.50
51.47
51.37
51.22
51.11
51.05
51.06
51.12
51.21
51.26
51.25
51.18
51.07
50.93
50.79
50.64
50.51
50.39
50.28
50.24
50.29
50.41
50.58
50.77
50.95
51.09
51.18
51.24
51.26
51.24
51.17
51.06
50.93
50.78
50.64
50.51
50.39
50.28
50.19
50.17
50.23
50.36
50.55
50.75
50.91
51.00
51.01
50.96
50.98
51.10
51.35
51.66
52.00
52.27
52.43
52.46
52.41
52.30
52.15
51.98
51.81
51.65
51.51
51.35
51.18
51.00
50.82
50.65
50.49
50.36
50.25
50.15
50.08
50.02
49.98
49.96
49.94
49.93
49.93
49.93
49.94
49.94
49.95
49.99
50.05
50.15
50.26
50.38
50.44
50.44
50.36
50.23
50.07
49.93
49.82
49.76
49.72
49.71
49.72
49.75
49.77
49.81
49.84
49.87
49.90
49.93
49.95
50.02
50.15
50.34
50.56
50.79
50.97
51.06
51.07
51.02
50.94
50.88
50.87
50.92
51.02
51.14
51.24
51.31
51.35
51.35
51.34
51.31
51.27
51.23
51.19
51.15
51.04
50.83
50.54
50.20
49.84
49.57
49.42
49.40
49.47
49.60
49.85
50.20
50.65
51.15
51.57
51.87
52.04
52.10
52.08
51.96
51.74
51.44
51.10
50.75
50.44
50.18
49.99
49.86
49.78
49.84
50.05
50.40
50.85
51.33
51.75
52.09
52.32
52.47
52.55
52.60
52.64
52.69
52.74
52.79
52.84
52.88
52.91
52.94
52.97
52.99
53.00
53.01
53.01
53.02
52.99
52.94
52.85
52.74
52.62
52.53
52.48
52.48
52.50
52.52
52.51
52.48
52.44
52.38
52.29
52.18
52.03
51.88
51.72
51.57
51.44
51.32
51.22
51.14
51.10
51.11
51.16
51.24
51.34
51.42
51.46
51.47
51.45
51.41
51.34
51.23
51.08
50.92
50.76
50.72
50.81
51.04
51.36
51.73
52.00
52.14
52.12
51.99
51.80
51.62
51.49
51.42
51.41
51.43
51.42
51.37
51.25
51.11
50.95
50.78
50.63
50.49
50.36
50.30
50.33
50.44
50.60
50.78
50.90
50.92
50.83
50.67
50.47
50.30
50.20
50.16
50.19
50.25
50.33
50.42
50.52
50.61
50.70
50.69
50.59
50.37
50.10
49.79
49.54
49.35
49.26
49.24
49.26
49.37
49.56
49.82
50.12
50.43
50.66
50.76
50.74
50.64
50.48
50.34
50.25
50.23
50.25
50.31
50.44
50.64
50.91
51.21
51.46
51.64
51.73
51.76
51.73
51.68
51.60
51.52
51.43
51.35
51.24
51.12
50.97
50.81
50.66
50.55
50.48
50.45
50.47
50.51
50.64
50.87
51.20
51.59
51.98
52.26
52.39
52.35
52.20
51.97
51.79
51.69
51.69
51.75
51.87
52.01
52.16
52.31
52.46
52.58
52.75
52.96
53.22
53.49
53.76
53.92
53.92
53.76
53.51
53.22
52.94
52.70
52.49
52.31
52.15
51.99
51.82
51.66
51.51
51.30
51.01
50.65
50.26
49.86
49.51
49.22
49.01
48.86
48.76
48.81
49.02
49.38
49.82
50.30
50.68
50.90
50.96
50.89
50.75
50.63
50.58
50.63
50.73
50.87
50.95
50.94
50.83
50.65
50.44
50.19
49.91
49.61
49.32
49.04
48.84
48.74
48.74
48.80
48.86
48.88
48.84
48.78
48.69
48.69
48.82
49.08
49.42
49.80
50.15
50.46
50.70
50.89
51.02
51.12
51.18
51.21
51.22
51.22
51.15
51.02
50.81
50.57
50.32
50.13
50.01
49.98
50.02
50.10
50.17
50.23
50.26
50.26
50.25
50.28
50.37
50.52
50.70
50.90
51.05
51.12
51.11
51.04
50.94
50.85
50.77
50.74
50.72
50.76
50.83
50.95
51.08
51.23
51.40
51.59
51.80
52.01
52.21
52.37
52.47
52.52
52.52
52.50
52.40
52.23
51.99
51.72
51.44
51.13
50.82
50.51
50.20
49.93
49.71
49.56
49.48
49.45
49.46
49.49
49.55
49.61
49.67
49.73
49.79
49.84
49.89
49.92
49.95
50.03
50.16
50.35
50.58
50.81
51.03
51.24
51.43
51.59
51.70
51.75
51.75
51.71
51.64
51.53
51.39
51.21
51.02
50.84
50.72
50.67
50.71
50.81
50.94
51.14
51.41
51.74
52.09
52.43
52.68
52.80
52.79
52.69
52.53
52.31
52.04
51.75
51.45
51.16
50.87
50.58
50.29
50.02
49.78
49.59
49.47
49.41
49.40
49.43
49.48
49.54
49.61
49.68
49.74
49.83
49.94
50.07
50.22
50.36
50.49
50.61
50.72
50.81
50.83
50.77
50.63
50.45
50.25
50.04
49.83
49.65
49.48
49.34
49.28
49.30
49.40
49.56
49.75
49.98
50.23
50.50
50.77
51.03
51.26
51.46
51.63
51.77
51.88
51.96
52.02
52.06
52.09
52.10
52.11
52.10
52.10
52.08
52.07
52.11
52.22
52.38
52.59
52.81
52.86
52.72
52.37
51.89
51.35
50.95
50.75
50.79
50.98
51.17
51.30
51.32
51.26
51.15
51.07
51.03
51.06
51.13
51.22
51.28
51.28
51.20
51.09
50.95
50.83
50.74
50.69
50.68
50.68
50.70
50.73
50.77
50.80
50.84
50.85
50.82
50.76
50.67
50.58
50.48
50.39
50.30
50.22
50.16
50.13
50.14
50.20
50.28
50.38
50.56
50.83
51.19
51.59
52.00
52.29
52.42
52.38
52.23
52.09
51.99
51.98
52.03
52.11
52.14
52.08
51.93
51.72
51.48
51.29
51.17
51.13
51.14
51.20
51.23
51.21
51.13
51.02
50.88
50.80
50.77
50.82
50.92
51.04
51.18
51.32
51.46
51.58
51.69
51.73
51.69
51.58
51.41
51.22
51.10
51.08
51.16
51.32
51.52
51.72
51.88
52.00
52.09
52.14
52.12
52.02
51.84
51.61
51.40
51.21
51.07
50.97
50.90
50.85
50.83
50.82
50.83
50.84
50.80
50.71
50.55
50.36
50.15
50.02
50.00
50.09
50.25
50.46
50.64
50.75
50.80
50.78
50.73
50.71
50.74
50.82
50.95
51.09
51.29
51.55
51.86
52.20
52.53
52.73
52.78
52.67
52.44
52.16
51.95
51.86
51.91
52.06
52.26
52.40
52.41
52.30
52.09
51.89
51.73
51.63
51.58
51.57
51.50
51.36
51.14
50.87
50.58
50.37
50.27
50.29
50.40
50.56
50.83
51.20
51.67
52.17
52.67
52.99
53.08
52.92
52.61
52.19
51.81
51.51
51.33
51.24
51.21
51.18
51.13
51.03
50.90
50.77
50.71
50.75
50.91
51.12
51.37
51.61
51.81
51.96
52.07
52.14
52.24
52.37
52.55
52.76
52.91
53.00
53.01
52.96
52.88
52.74
52.57
52.36
52.15
51.93
51.71
51.47
51.23
50.99
50.77
50.68
50.75
50.96
51.28
51.64
51.95
52.15
52.23
52.22
52.15
52.06
51.99
51.93
51.90
51.88
51.82
51.71
51.54
51.34
51.12
50.94
50.80
50.72
50.67
50.66
50.64
50.61
50.55
50.48
50.41
50.39
50.43
50.55
50.71
50.89
51.05
51.17
51.25
51.29
51.33
51.38
51.45
51.52
51.60
51.76
52.00
52.33
52.71
53.09
53.36
53.47
53.42
53.25
53.02
52.77
52.54
52.35
52.20
52.08
51.97
51.85
51.73
51.60
51.48
51.31
51.10
50.84
50.56
50.28
50.15
50.19
50.43
50.79
51.21
51.57
51.84
51.98
52.03
52.00
51.93
51.84
51.72
51.60
51.49
51.41
51.37
51.38
51.42
51.42
51.37
51.27
51.13
50.97
50.83
50.73
50.67
50.65
50.66
50.73
50.88
51.09
51.35
51.61
51.82
51.95
51.99
51.96
51.89
51.82
51.77
51.75
51.74
51.75
51.77
51.80
51.83
51.86
51.89
51.97
52.11
52.30
52.53
52.77
52.90
52.88
52.72
52.46
52.15
51.87
51.65
51.52
51.45
51.43
51.40
51.32
51.20
51.05
50.97
50.98
51.10
51.28
51.50
51.68
51.80
51.84
51.82
51.77
51.69
51.59
51.50
51.40
51.31
51.18
51.00
50.77
50.51
50.25
50.08
50.02
50.09
50.23
50.43
50.60
50.72
50.76
50.75
50.70
50.65
50.63
50.63
50.65
50.68
50.72
50.77
50.81
50.85
50.89
50.89
50.86
50.79
50.70
50.60
50.55
50.57
50.66
50.79
51.00
51.28
51.63
51.99
52.36
52.67
52.93
53.11
53.23
53.30
53.31
53.26
53.16
53.02
52.87
52.75
52.66
52.62
52.61
52.62
52.60
52.53
52.39
52.22
52.04
51.80
51.51
51.18
50.82
50.48
50.18
49.96
49.80
49.70
49.64
49.62
49.63
49.66
49.69
49.73
49.78
49.82
49.86
49.89
49.92
50.00
50.14
50.33
50.56
50.71
50.77
50.71
50.58
50.41
50.26
50.18
50.16
50.19
50.25
50.29
50.27
50.19
50.07
49.93
49.78
49.63
49.50
49.37
49.27
49.26
49.36
49.57
49.85
50.16
50.42
50.61
50.71
50.74
50.72
50.67
50.60
50.52
50.43
50.35
50.25
50.12
49.97
49.82
49.66
49.55
49.48
49.46
49.47
49.51
49.51
49.45
49.34
49.19
49.02
48.90
48.84
48.87
48.95
49.08
49.27
49.49
49.73
49.96
50.16
50.30
50.38
50.42
50.42
50.45
50.53
50.67
50.83
51.01
51.16
51.27
51.34
51.36
51.36
51.34
51.31
51.27
51.23
51.19
51.12
51.03
50.91
50.78
50.64
50.57
50.56
50.64
50.76
50.92
51.06
51.16
51.23
51.27
51.28
51.24
51.16
51.05
50.91
50.77
50.65
50.57
50.54
50.55
50.52
50.45
50.32
50.16
49.98
49.83
49.73
49.66
49.64
49.64
49.66
49.69
49.73
49.77
49.82
49.93
50.14
50.44
50.79
51.15
51.42
51.57
51.60
51.53
51.40
51.18
50.88
50.52
50.13
49.75
49.44
49.22
49.11
49.08
49.11
49.21
49.36
49.55
49.76
49.97
50.15
50.28
50.36
50.39
50.40
50.40
50.43
50.48
50.54
50.60
50.67
50.74
50.80
50.85
50.84
50.76
50.62
50.43
50.22
50.08
50.05
50.14
50.29
50.50
50.66
50.77
50.81
50.79
50.73
50.74
50.82
50.99
51.22
51.48
51.61
51.57
51.35
51.02
50.63
50.24
49.89
49.59
49.35
49.17
49.14
49.27
49.56
49.95
50.38
50.74
51.00
51.13
51.15
51.11
51.02
50.91
50.78
50.64
50.52
50.40
50.30
50.21
50.13
50.08
50.03
50.00
49.97
49.96
49.98
50.03
50.12
50.23
50.35
50.44
50.49
50.51
50.49
50.45
50.42
50.42
50.45
50.50
50.57
50.66
50.78
50.94
51.10
51.26
51.39
51.47
51.50
51.50
51.47
51.39
51.28
51.14
50.97
50.81
50.57
50.25
49.85
49.42
48.99
48.69
48.55
48.58
48.73
48.96
49.23
49.51
49.79
50.05
50.28
50.48
50.65
50.79
50.90
50.90
50.78
50.55
50.26
49.93
49.67
49.53
49.50
49.57
49.69
49.87
50.10
50.36
50.63
50.89
51.14
51.35
51.54
51.69
51.82
51.84
51.74
51.52
51.24
50.92
50.59
50.28
49.99
49.73
49.51
49.36
49.27
49.25
49.28
49.33
49.41
49.49
49.58
49.66
49.74
49.75
49.69
49.56
49.39
49.30
49.33
49.49
49.74
50.03
50.29
50.48
50.59
50.64
50.63
50.60
50.54
50.47
50.40
50.33
50.34
50.45
50.66
50.94
51.24
51.49
51.67
51.76
51.78
51.75
51.69
51.62
51.53
51.44
51.35
51.33
51.37
51.49
51.65
51.84
51.87
51.71
51.35
50.87
50.32
49.86
49.55
49.41
49.40
49.47
49.53
49.53
49.44
49.31
49.22
49.22
49.31
49.46
49.65
49.86
50.07
50.26
50.43
50.59
50.80
51.07
51.43
51.81
52.20
52.54
52.81
53.02
53.16
53.25
53.27
53.24
53.14
53.02
52.87
52.70
52.50
52.28
52.06
51.85
51.63
51.40
51.16
50.94
50.73
50.54
50.38
50.25
50.15
50.06
49.98
49.88
49.76
49.64
49.52
49.46
49.47
49.57
49.71
49.82
49.88
49.88
49.83
49.75
49.76
49.89
50.15
50.48
50.85
51.24
51.66
52.07
52.47
52.83
53.03
53.07
52.93
52.68
52.36
52.00
51.65
51.32
51.01
50.74
50.62
50.66
50.87
51.19
51.55
51.92
52.24
52.51
52.73
52.89
52.93
52.84
52.63
52.34
52.01
51.67
51.35
51.05
50.78
50.55
50.42
50.38
50.44
50.56
50.73
50.91
51.10
51.28
51.44
51.56
51.63
51.64
51.61
51.56
51.47
51.34
51.18
51.00
50.82
50.66
50.50
50.37
50.25
50.16
50.09
50.03
49.99
49.96
49.94
50.01
50.18
50.45
50.78
51.12
51.39
51.54
51.56
51.49
51.37
51.23
51.11
51.02
50.96
50.91
50.89
50.88
50.87
50.88
50.89
50.90
50.92
50.93
50.95
50.96
51.00
51.06
51.16
51.27
51.44
51.67
51.96
52.27
52.58
52.84
53.05
53.19
53.28
53.33
53.29
53.17
52.97
52.72
52.46
52.14
51.78
51.37
50.97
50.57
50.29
50.15
50.15
50.25
50.41
50.53
50.57
50.51
50.39
50.24
50.17
50.21
50.40
50.67
50.98
51.28
51.54
51.75
51.91
52.02
52.05
51.99
51.84
51.63
51.40
51.11
50.77
50.38
49.98
49.62
49.32
49.10
48.93
48.82
48.78
48.80
48.88
49.00
49.13
49.27
49.41
49.54
49.65
49.75
49.86
49.98
50.13
50.27
50.41
50.57
50.74
50.93
51.12
51.30
51.46
51.61
51.73
51.83
51.91
51.97
52.01
52.04
52.06
52.07
51.94
51.65
51.20
50.66
50.09
49.63
49.32
49.20
49.21
49.31
49.45
49.59
49.70
49.80
49.91
50.03
50.17
50.31
50.44
50.54
50.59
50.60
50.57
50.52
50.56
50.72
51.01
51.37
51.77
52.16
52.54
52.88
53.18
53.43
53.56
53.55
53.41
53.18
52.91
52.64
52.40
52.22
52.07
51.97
51.84
51.69
51.48
51.26
51.04
50.94
50.97
51.16
51.44
51.78
52.05
52.23
52.29
52.26
52.17
52.05
51.90
51.76
51.61
51.50
51.44
51.43
51.45
51.49
51.47
51.36
51.16
50.91
50.62
50.47
50.49
50.69
51.00
51.39
51.69
51.86
51.88
51.80
51.64
51.53
51.48
51.53
51.65
51.80
51.89
51.89
51.79
51.63
51.43
51.23
51.07
50.96
50.88
50.83
50.80
50.80
50.80
50.82
50.84
50.89
50.97
51.08
51.21
51.34
51.44
51.50
51.52
51.50
51.43
51.33
51.18
51.01
50.84
50.70
50.61
50.56
50.56
50.57
50.58
50.57
50.53
50.48
50.41
50.34
50.28
50.22
50.16
50.12
50.08
50.05
50.02
50.00
49.99
49.98
49.98
49.97
49.97
49.98
49.95
49.90
49.81
49.71
49.60
49.54
49.55
49.64
49.77
49.93
50.15
50.43
50.77
51.12
51.47
51.71
51.84
51.82
51.71
51.55
51.38
51.22
51.10
51.01
50.95
50.91
50.88
50.87
50.87
50.88
50.89
50.90
50.92
50.93
50.89
50.79
50.62
50.42
50.20
50.04
49.95
49.94
49.99
50.08
50.22
50.40
50.61
50.83
51.05
51.28
51.52
51.77
52.01
52.23
52.34
52.34
52.21
52.00
51.75
51.48
51.21
50.96
50.73
50.53
50.44
50.48
50.64
50.87
51.16
51.40
51.57
51.66
51.69
51.70
51.71
51.73
51.76
51.80
51.86
51.95
52.07
52.20
52.34
52.39
52.34
52.18
51.95
51.68
51.41
51.14
50.89
50.67
50.48
50.34
50.27
50.26
50.29
50.35
50.38
50.35
50.25
50.12
49.97
49.81
49.65
49.51
49.38
49.27
49.18
49.11
49.05
49.01
48.98
49.06
49.28
49.63
50.06
50.51
50.91
51.22
51.43
51.55
51.63
51.70
51.76
51.81
51.86
51.85
51.77
51.62
51.43
51.22
51.06
50.97
50.96
51.01
51.10
51.18
51.25
51.28
51.28
51.27
51.25
51.22
51.19
51.16
51.13
51.18
51.32
51.57
51.87
52.20
52.39
52.41
52.24
51.95
51.59
51.28
51.06
50.95
50.94
50.98
51.01
51.01
50.95
50.86
50.75
50.71
50.77
50.93
51.15
51.33
51.42
51.40
51.32
51.19
51.07
50.96
50.89
50.84
50.82
50.87
50.99
51.18
51.41
51.66
51.82
51.88
51.82
51.68
51.49
51.31
51.15
51.03
50.95
50.89
50.85
50.84
50.84
50.84
50.86
50.85
50.81
50.74
50.65
50.55
50.40
50.19
49.93
49.64
49.35
49.19
49.17
49.30
49.54
49.84
50.06
50.16
50.11
49.96
49.84
49.77
49.79
49.87
49.98
50.12
50.26
50.40
50.53
50.64
50.72
50.74
50.72
50.67
50.60
50.51
50.43
50.34
50.27
50.20
50.17
50.18
50.23
50.30
50.39
50.49
50.59
50.67
50.75
50.82
50.85
50.84
50.79
50.71
50.62
50.49
50.34
50.16
49.97
49.79
49.72
49.80
50.03
50.34
50.71
50.98
51.11
51.10
50.97
50.78
50.63
50.56
50.59
50.68
50.76
50.81
50.80
50.74
50.67
50.63
50.66
50.74
50.87
51.02
51.18
51.33
51.48
51.61
51.72
51.76
51.72
51.60
51.43
51.23
51.14
51.17
51.34
51.61
51.92
52.22
52.49
52.71
52.87
53.00
53.06
53.05
53.00
52.90
52.79
52.67
52.55
52.43
52.33
52.24
52.08
51.85
51.53
51.18
50.81
50.56
50.47
50.53
50.71
50.96
51.24
51.54
51.82
52.08
52.23
52.26
52.16
51.97
51.74
51.56
51.47
51.49
51.58
51.73
51.84
51.90
51.90
51.85
51.77
51.72
51.73
51.81
51.92
52.06
52.05
51.85
51.45
50.94
50.36
49.83
49.39
49.06
48.83
48.67
48.66
48.79
49.05
49.40
49.78
50.11
50.36
50.52
50.60
50.63
50.64
50.65
50.68
50.72
50.79
50.88
51.01
51.16
51.30
51.41
51.48
51.51
51.50
51.46
51.41
51.36
51.30
51.24
51.19
51.25
51.44
51.76
52.16
52.59
53.00
53.35
53.63
53.84
54.00
54.06
54.02
53.88
53.69
53.46
53.17
52.82
52.43
52.02
51.63
51.32
51.11
51.02
51.00
51.04
51.10
51.14
51.17
51.18
51.17
51.13
51.06
50.95
50.82
50.80
50.90
51.13
51.45
51.81
52.07
52.20
52.17
52.03
51.83
51.59
51.33
51.09
50.85
50.64
50.54
50.56
50.71
50.93
51.20
51.40
51.51
51.51
51.42
51.29
51.07
50.78
50.43
50.05
49.68
49.49
49.52
49.77
50.18
50.67
51.08
51.37
51.50
51.51
51.43
51.38
51.40
51.49
51.64
51.81
52.00
52.18
52.36
52.51
52.62
52.68
52.68
52.65
52.59
52.43
52.18
51.84
51.44
51.04
50.75
50.62
50.65
50.80
51.02
51.17
51.22
51.13
50.96
50.73
50.53
50.39
50.33
50.32
50.35
50.37
50.39
50.38
50.35
50.31
50.27
50.22
50.18
50.14
50.10
50.10
50.13
50.20
50.29
50.39
50.55
50.77
51.03
51.33
51.62
51.96
52.33
52.73
53.13
53.52
53.76
53.83
53.73
53.52
53.28
53.08
52.93
52.83
52.77
52.77
52.82
52.92
53.04
53.18
53.24
53.21
53.06
52.85
52.61
52.35
52.09
51.86
51.65
51.46
51.28
51.10
50.92
50.74
50.57
50.43
50.30
50.20
50.11
50.05
50.03
50.05
50.12
50.21
50.32
50.46
50.63
50.82
51.01
51.20
51.35
51.45
51.50
51.50
51.48
51.44
51.38
51.33
51.27
51.19
51.08
50.95
50.80
50.66
50.52
50.40
50.29
50.20
50.13
50.07
50.02
49.99
49.97
49.95
50.03
50.20
50.47
50.79
51.13
51.45
51.71
51.91
52.06
52.16
52.14
52.00
51.74
51.41
51.05
50.74
50.51
50.38
50.32
50.31
50.37
50.49
50.65
50.83
51.03
51.24
51.47
51.71
51.95
52.18
52.30
52.30
52.18
51.98
51.76
51.55
51.37
51.23
51.12
51.03
50.97
50.93
50.90
50.89
50.78
50.56
50.21
49.79
49.35
48.97
48.68
48.49
48.39
48.35
48.43
48.64
48.97
49.36
49.78
50.16
50.49
50.74
50.94
51.08
51.17
51.23
51.25
51.26
51.25
51.23
51.20
51.17
51.14
51.11
51.09
51.07
51.05
51.03
51.02
50.98
50.92
50.82
50.71
50.65
50.65
50.73
50.85
50.99
51.09
51.13
51.10
51.02
50.91
50.81
50.73
50.70
50.69
50.70
50.72
50.75
50.79
50.82
50.86
50.92
51.00
51.12
51.24
51.37
51.44
51.44
51.36
51.24
51.08
50.91
50.75
50.59
50.45
50.33
50.28
50.31
50.42
50.58
50.77
50.97
51.16
51.35
51.51
51.65
51.82
52.03
52.28
52.55
52.81
52.98
53.04
52.96
52.81
52.63
52.46
52.31
52.19
52.10
51.95
51.73
51.42
51.08
50.73
50.45
50.25
50.15
50.13
50.16
50.23
50.31
50.41
50.51
50.61
50.70
50.77
50.84
50.90
50.94
50.95
50.92
50.85
50.75
50.64
50.56
50.51
50.51
50.53
50.57
50.56
50.51
50.38
50.23
50.05
49.95
49.95
50.06
50.24
50.46
50.70
50.93
51.15
51.35
51.48
51.51
51.45
51.33
51.18
51.01
50.84
50.67
50.52
50.38
50.37
50.51
50.79
51.16
51.57
51.93
52.22
52.41
52.52
52.57
52.54
52.46
52.32
52.16
51.98
51.77
51.55
51.31
51.07
50.85
50.59
50.30
49.97
49.64
49.32
49.07
48.93
48.88
48.91
48.99
49.04
49.05
49.00
48.91
48.80
48.74
48.73
48.79
48.90
49.06
49.27
49.50
49.75
49.99
50.18
50.32
50.40
50.44
50.44
50.47
50.55
50.68
50.84
51.02
51.19
51.36
51.51
51.64
51.75
51.82
51.83
51.80
51.73
51.65
51.55
51.46
51.36
51.28
51.21
51.06
50.84
50.53
50.18
49.82
49.60
49.56
49.72
50.00
50.36
50.73
51.07
51.36
51.59
51.78
51.95
52.11
52.27
52.42
52.59
52.76
52.95
53.14
53.32
53.43
53.46
53.40
53.28
53.13
52.88
52.54
52.12
51.65
51.18
50.82
50.59
50.50
50.52
50.61
50.67
50.66
50.57
50.42
50.24
50.12
50.11
50.19
50.35
50.55
50.69
50.73
50.67
50.54
50.37
50.25
50.22
50.30
50.44
50.63
50.80
50.95
51.06
51.13
51.17
51.16
51.11
51.02
50.89
50.76
50.63
50.50
50.38
50.28
50.19
50.12
50.07
50.02
49.99
50.02
50.13
50.30
50.51
50.74
50.96
51.18
51.37
51.54
51.68
51.83
51.98
52.14
52.30
52.45
52.53
52.53
52.45
52.31
52.15
51.97
51.80
51.63
51.48
51.35
51.27
51.23
51.25
51.30
51.38
51.46
51.55
51.64
51.72
51.79
51.82
51.82
51.77
51.69
51.60
51.48
51.33
51.15
50.97
50.84
50.78
50.81
50.89
51.01
51.17
51.37
51.59
51.83
52.05
52.26
52.45
52.61
52.74
52.85
52.85
52.74
52.52
52.23
51.90
51.60
51.34
51.15
51.00
50.90
50.83
50.79
50.78
50.78
50.79
50.84
50.92
51.03
51.17
51.30
51.41
51.48
51.50
51.49
51.45
51.46
51.52
51.64
51.79
51.97
52.12
52.23
52.30
52.33
52.31
52.23
52.12
51.98
51.82
51.67
51.53
51.41
51.29
51.20
51.15
51.15
51.19
51.27
51.36
51.43
51.47
51.47
51.45
51.41
51.39
51.39
51.42
51.48
51.55
51.56
51.52
51.41
51.25
51.08
50.98
50.98
51.08
51.26
51.48
51.58
51.52
51.30
50.96
50.57
50.29
50.17
50.24
50.44
50.71
51.03
51.35
51.67
51.96
52.22
52.42
52.55
52.61
52.62
52.57
52.46
52.31
52.13
51.95
51.77
51.60
51.45
51.32
51.21
51.10
50.98
50.84
50.69
50.56
50.40
50.24
50.05
49.87
49.69
49.66
49.81
50.14
50.57
51.06
51.51
51.87
52.13
52.31
52.42
52.42
52.32
52.12
51.87
51.59
51.32
51.05
50.81
50.60
50.41
50.27
50.15
50.06
49.99
49.94
49.89
49.81
49.72
49.61
49.61
49.74
50.01
50.35
50.73
51.07
51.33
51.49
51.58
51.61
51.57
51.48
51.33
51.16
50.97
50.87
50.87
50.99
51.18
51.41
51.63
51.81
51.96
52.06
52.12
52.19
52.27
52.36
52.46
52.56
52.60
52.57
52.46
52.31
52.13
52.00
51.94
51.95
52.01
52.11
52.15
52.10
51.95
51.74
51.50
51.26
51.02
50.79
50.59
50.45
50.37
50.34
50.36
50.40
50.44
50.46
50.44
50.41
50.37
50.32
50.26
50.21
50.16
50.12
50.11
50.14
50.21
50.29
50.39
50.42
50.34
50.17
49.93
49.66
49.48
49.44
49.55
49.76
50.03
50.21
50.27
50.20
50.03
49.80
49.65
49.62
49.72
49.92
50.17
50.38
50.54
50.63
50.65
50.63
50.64
50.69
50.80
50.94
51.09
51.22
51.31
51.36
51.37
51.36
51.34
51.30
51.26
51.22
51.15
51.05
50.93
50.79
50.65
50.60
50.66
50.82
51.05
51.31
51.51
51.61
51.59
51.49
51.34
51.19
51.07
50.97
50.91
50.87
50.95
51.18
51.54
51.98
52.44
52.78
52.93
52.88
52.69
52.41
52.11
51.83
51.59
51.39
51.23
51.19
51.26
51.47
51.74
52.06
52.19
52.11
51.77
51.28
50.74
50.20
49.70
49.26
48.88
48.68
48.66
48.83
49.11
49.47
49.80