208.69
208.76
208.88
209.02
209.17
209.32
209.46
209.59
209.76
209.96
210.22
210.49
210.66
210.69
210.56
210.34
210.06
209.80
209.61
209.49
209.44
209.43
209.40
209.33
209.22
209.07
208.91
208.80
208.76
208.80
208.89
209.02
209.15
209.30
209.43
209.56
209.67
209.80
209.93
210.09
210.24
210.39
210.61
210.90
211.27
211.68
212.09
212.42
212.66
212.79
212.84
212.83
212.89
213.04
213.31
213.63
213.99
214.27
214.44
214.48
214.43
214.42
214.50
214.69
214.95
215.24
215.48
215.65
215.74
215.76
215.73
215.57
215.26
214.82
214.31
213.77
213.14
212.42
211.63
210.83
210.06
209.44
208.99
208.73
208.62
208.62
208.79
209.14
209.64
210.23
210.84
211.39
211.83
212.15
212.36
212.49
212.56
212.58
212.56
212.51
212.45
212.36
212.24
212.09
211.92
211.76
211.63
211.54
211.51
211.51
211.43
211.25
210.94
210.57
210.18
209.81
209.49
209.25
209.06
208.93
208.84
208.78
208.76
208.75
208.76
208.78
208.81
208.83
208.86
208.89
208.99
209.19
209.48
209.81
210.16
210.43
210.58
210.60
210.53
210.40
210.39
210.55
210.90
211.37
211.89
212.26
212.42
212.36
212.13
211.80
211.43
211.03
210.65
210.29
209.97
209.67
209.38
209.10
208.85
208.63
208.55
208.62
208.85
209.18
209.49
209.71
209.83
209.87
209.85
209.71
209.46
209.09
208.67
208.24
207.84
207.50
207.24
207.04
206.90
206.86
206.92
207.07
207.28
207.52
207.71
207.84
207.88
207.86
207.80
207.93
208.30
208.91
209.66
210.48
211.21
211.80
212.23
212.52
212.69
212.80
212.88
212.94
212.98
213.02
212.96
212.80
212.54
212.22
211.88
211.48
211.05
210.58
210.12
209.73
209.45
209.28
209.20
209.18
209.25
209.37
209.54
209.74
209.95
210.10
210.17
210.16
210.09
209.98
209.90
209.88
209.93
210.02
210.13
210.26
210.39
210.51
210.62
210.72
210.89
211.13
211.45
211.81
212.18
212.38
212.36
212.12
211.73
211.25
210.91
210.75
210.82
211.03
211.34
211.56
211.65
211.57
211.38
211.12
210.84
210.60
210.39
210.23
210.07
209.92
209.76
209.61
209.48
209.35
209.25
209.16
209.09
209.04
209.08
209.22
209.47
209.78
210.12
210.45
210.77
211.06
211.31
211.53
211.62
211.59
211.43
211.18
210.90
210.70
210.63
210.71
210.89
211.13
211.34
211.50
211.58
211.61
211.60
211.53
211.41
211.26
211.08
210.90
210.67
210.39
210.07
209.73
209.41
209.26
209.33
209.63
210.08
210.60
211.09
211.51
211.83
212.07
212.31
212.58
212.90
213.24
213.57
213.79
213.90
213.87
213.75
213.57
213.28
212.89
212.41
211.89
211.37
210.88
210.44
210.05
209.72
209.45
209.40
209.58
210.00
210.56
211.19
211.86
212.54
213.20
213.81
214.36
214.78
215.05
215.19
215.22
215.18
215.06
214.88
214.66
214.41
214.16
213.92
213.71
213.52
213.36
213.23
213.10
212.96
212.81
212.67
212.55
212.49
212.47
212.48
212.52
212.52
212.46
212.35
212.19
212.02
211.85
211.68
211.52
211.39
211.27
211.15
211.02
210.87
210.72
210.57
210.55
210.66
210.92
211.27
211.65
211.97
212.18
212.27
212.26
212.18
212.02
211.76
211.44
211.08
210.72
210.32
209.89
209.43
208.98
208.56
208.29
208.19
208.27
208.47
208.75
209.09
209.47
209.87
210.27
210.64
210.92
211.09
211.15
211.14
211.20
211.38
211.69
212.09
212.53
212.75
212.71
212.37
211.85
211.23
210.70
210.33
210.16
210.14
210.22
210.35
210.49
210.61
210.72
210.81
210.78
210.61
210.29
209.90
209.46
209.06
208.70
208.41
208.19
208.02
207.88
207.74
207.61
207.48
207.37
207.35
207.44
207.63
207.90
208.20
208.45
208.63
208.72
208.75
208.73
208.81
209.02
209.38
209.83
210.26
210.62
210.90
211.10
211.24
211.37
211.53
211.71
211.91
212.11
212.22
212.21
212.09
211.90
211.66
211.37
211.06
210.73
210.41
210.11
209.94
209.94
210.10
210.37
210.69
210.94
211.06
211.04
210.91
210.72
210.63
210.68
210.89
211.20
211.57
211.86
212.01
212.01
211.90
211.72
211.56
211.44
211.39
211.39
211.42
211.39
211.28
211.08
210.83
210.56
210.31
210.11
209.96
209.86
209.82
209.84
209.92
210.04
210.17
210.33
210.52
210.73
210.95
211.16
211.37
211.60
211.83
212.06
212.27
212.35
212.28
212.05
211.73
211.36
210.95
210.51
210.08
209.66
209.28
209.02
208.91
208.94
209.07
209.27
209.47
209.66
209.80
209.92
210.00
210.06
210.10
210.12
210.13
210.13
210.12
210.11
210.09
210.08
210.07
210.10
210.21
210.37
210.58
210.77
210.93
211.05
211.13
211.18
211.07
210.79
210.33
209.79
209.20
208.75
208.49
208.44
208.54
208.75
209.04
209.38
209.77
210.16
210.53
210.89
211.25
211.59
211.91
212.18
212.18
211.87
211.22
210.39
209.46
208.70
208.20
208.00
208.02
208.19
208.57
209.13
209.83
210.60
211.37
211.98
212.36
212.50
212.47
212.31
212.19
212.14
212.21
212.35
212.52
212.67
212.79
212.89
212.97
212.94
212.80
212.56
212.25
211.92
211.82
212.01
212.52
213.23
214.03
214.70
215.15
215.36
215.38
215.26
215.11
214.98
214.88
214.82
214.79
214.67
214.45
214.10
213.70
213.27
212.74
212.12
211.41
210.67
209.96
209.44
209.14
209.09
209.21
209.44
209.71
209.98
210.23
210.44
210.62
210.77
210.88
210.97
211.03
211.07
210.97
210.69
210.25
209.71
209.14
208.57
208.03
207.54
207.12
206.85
206.73
206.77
206.91
207.13
207.32
207.47
207.55
207.57
207.56
207.63
207.80
208.10
208.46
208.85
209.23
209.60
209.93
210.22
210.46
210.66
210.82
210.94
211.03
211.09
211.21
211.40
211.67
211.99
212.32
212.64
212.93
213.20
213.43
213.62
213.69
213.64
213.46
213.21
212.91
212.49
211.96
211.32
210.64
210.08
209.68
209.47
209.41
209.45
209.56
209.71
209.89
210.07
210.25
210.44
210.65
210.86
211.07
211.27
211.37
211.35
211.21
211.00
210.74
210.57
210.53
210.64
210.83
211.09
211.34
211.57
211.75
211.89
212.00
212.04
212.03
211.97
211.88
211.76
211.64
211.52
211.41
211.31
211.23
211.21
211.26
211.39
211.57
211.77
211.93
212.01
212.02
211.97
211.88
211.72
211.49
211.19
210.87
210.49
210.06
209.60
209.14
208.70
208.27
207.87
207.48
207.13
206.83
206.68
206.70
206.89
207.18
207.54
207.90
208.22
208.49
208.71
208.87
209.02
209.17
209.31
209.45
209.58
209.66
209.70
209.69
209.64
209.58
209.58
209.67
209.86
210.11
210.38
210.63
210.84
211.00
211.11
211.18
211.22
211.23
211.23
211.22
211.20
211.12
210.98
210.77
210.53
210.37
210.29
210.34
210.45
210.62
210.75
210.84
210.85
210.81
210.74
210.76
210.90
211.15
211.49
211.86
212.04
212.00
211.70
211.24
210.69
210.18
209.78
209.51
209.35
209.27
209.36
209.62
210.03
210.54
211.07
211.63
212.19
212.73
213.23
213.68
213.90
213.88
213.60
213.16
212.63
212.11
211.67
211.32
211.06
210.87
210.70
210.51
210.30
210.08
209.87
209.62
209.33
209.01
208.67
208.40
208.22
208.13
208.11
208.15
208.30
208.57
208.93
209.36
209.79
210.14
210.36
210.44
210.42
210.33
210.22
210.12
210.05
209.99
209.95
209.87
209.74
209.56
209.35
209.13
208.94
208.80
208.71
208.66
208.65
208.74
208.93
209.23
209.59
209.97
210.24
210.36
210.32
210.17
209.95
209.85
209.92
210.19
210.58
211.04
211.41
211.65
211.73
211.69
211.60
211.49
211.39
211.30
211.22
211.28
211.51
211.92
212.42
212.96
213.31
213.42
213.27
212.93
212.48
212.03
211.64
211.33
211.09
210.92
210.84
210.82
210.88
210.97
211.10
211.31
211.62
212.02
212.45
212.90
213.16
213.20
213.00
212.65
212.21
211.87
211.67
211.66
211.77
211.97
212.11
212.15
212.07
211.90
211.67
211.32
210.85
210.25
209.61
208.96
208.52
208.31
208.36
208.59
208.93
209.34
209.76
210.18
210.57
210.79
210.80
210.61
210.28
209.88
209.52
209.26
209.11
209.06
209.07
209.23
209.55
210.01
210.55
211.11
211.47
211.57
211.40
211.05
210.59
210.15
209.79
209.56
209.41
209.35
209.31
209.27
209.24
209.20
209.16
209.21
209.35
209.59
209.89
210.21
210.45
210.58
210.59
210.51
210.37
210.23
210.10
210.01
209.95
209.96
210.04
210.21
210.42
210.66
210.89
211.12
211.32
211.50
211.65
211.83
212.05
212.30
212.57
212.84
213.03
213.14
213.15
213.10
213.01
212.89
212.76
212.62
212.50
212.38
212.20
211.94
211.60
211.23
210.85
210.48
210.14
209.85
209.59
209.38
209.27
209.26
209.34
209.49
209.67
209.92
210.24
210.61
210.99
211.37
211.67
211.87
211.96
211.98
211.99
212.02
212.10
212.20
212.32
212.38
212.38
212.30
212.18
212.03
211.82
211.54
211.22
210.87
210.53
210.23
210.00
209.83
209.73
209.67
209.73
209.90
210.19
210.54
210.92
211.19
211.31
211.28
211.13
210.91
210.63
210.31
209.96
209.61
209.28
209.03
208.88
208.84
208.87
208.95
209.14
209.45
209.85
210.30
210.76
211.23
211.69
212.14
212.55
212.92
213.13
213.16
213.01
212.75
212.42
212.06
211.69
211.35
211.03
210.84
210.78
210.85
211.02
211.24
211.36
211.33
211.13
210.82
210.46
210.18
210.02
210.02
210.13
210.30
210.46
210.57
210.62
210.62
210.59
210.62
210.72
210.92
211.17
211.44
211.50
211.30
210.82
210.18
209.45
208.89
208.57
208.53
208.68
208.97
209.33
209.73
210.13
210.51
210.86
211.11
211.25
211.28
211.24
211.19
211.18
211.21
211.28
211.36
211.40
211.38
211.29
211.16
211.01
210.90
210.86
210.89
210.97
211.08
211.13
211.09
210.95
210.74
210.51
210.32
210.19
210.15
210.16
210.22
210.27
210.31
210.32
210.31
210.28
210.20
210.05
209.83
209.58
209.32
209.10
208.92
208.80
208.73
208.69
208.68
208.69
208.72
208.75
208.78
208.87
209.02
209.23
209.48
209.73
209.94
210.11
210.23
210.29
210.32
210.33
210.31
210.29
210.25
210.24
210.26
210.31
210.39
210.47
210.53
210.56
210.55
210.51
210.46
210.45
210.50
210.62
210.77
210.95
211.15
211.38
211.63
211.87
212.11
212.29
212.42
212.48
212.51
212.49
212.51
212.58
212.70
212.85
213.02
213.04
212.85
212.47
211.96
211.39
210.89
210.51
210.26
210.13
210.09
210.00
209.83
209.56
209.23
208.96
208.79
208.74
208.76
208.85
209.00
209.20
209.43
209.68
209.92
210.15
210.36
210.54
210.69
210.81
210.98
211.23
211.55
211.90
212.26
212.64
213.01
213.38
213.72
214.03
214.17
214.11
213.84
213.46
213.00
212.57
212.21
211.95
211.77
211.66
211.43
211.07
210.54
209.93
209.29
208.67
208.09
207.57
207.12
206.75
206.61
206.72
207.08
207.59
208.19
208.81
209.41
209.98
210.48
210.91
211.28
211.57
211.80
211.97
212.06
212.08
212.04
211.96
211.85
211.72
211.60
211.48
211.37
211.27
211.14
210.96
210.72
210.47
210.21
209.97
209.74
209.55
209.38
209.24
209.16
209.13
209.16
209.23
209.31
209.46
209.68
209.95
210.25
210.56
210.77
210.86
210.83
210.71
210.53
210.43
210.45
210.59
210.82
211.10
211.32
211.44
211.45
211.38
211.28
211.18
211.11
211.05
211.00
210.86
210.61
210.25
209.81
209.36
208.92
208.50
208.13
207.81
207.55
207.46
207.58
207.90
208.34
208.85
209.40
209.96
210.52
211.04
211.51
211.92
212.27
212.55
212.77
212.94
212.95
212.80
212.50
212.09
211.65
211.38
211.34
211.57
211.96
212.46
212.91
213.27
213.51
213.65
213.72
213.62
213.35
212.94
212.43
211.90
211.39
210.95
210.59
210.31
210.15
210.11
210.18
210.33
210.52
210.68
210.78
210.81
210.79
210.73
210.68
210.65
210.64
210.66
210.69
210.78
210.93
211.15
211.41
211.67
211.90
212.08
212.20
212.27
212.31
212.27
212.14
211.94
211.69
211.43
211.30
211.35
211.57
211.91
212.32
212.55
212.57
212.34
211.95
211.46
210.99
210.58
210.26
210.02
209.85
209.80
209.85
210.00
210.21
210.43
210.63
210.78
210.91
211.00
211.03
211.02
210.95
210.86
210.74
210.62
210.51
210.40
210.30
210.21
210.17
210.17
210.22
210.29
210.38
210.47
210.57
210.66
210.74
210.81
210.82
210.75
210.61
210.43
210.22
210.07
209.98
209.97
210.03
210.11
210.19
210.26
210.28
210.29
210.28
210.20
210.06
209.84
209.60
209.34
209.09
208.85
208.64
208.46
208.39
208.44
208.61
208.86
209.14
209.47
209.82
210.19
210.54
210.86
211.10
211.23
211.26
211.21
211.11
211.01
210.92
210.87
210.84
210.82
210.85
210.92
211.02
211.15
211.28
211.44
211.62
211.82
212.03
212.22
212.26
212.13
211.82
211.40
210.92
210.46
210.04
209.69
209.41
209.19
209.11
209.17
209.36
209.63
209.95
210.20
210.36
210.39
210.34
210.23
210.28
210.53
210.99
211.58
212.13
212.56
212.83
212.97
213.02
213.06
213.10
213.18
213.28
213.39
213.40
213.27
213.00
212.66
212.28
211.96
211.76
211.69
211.70
211.78
211.80
211.71
211.51
211.23
210.92
210.59
210.28
210.00
209.74
209.52
209.40
209.37
209.43
209.56
209.73
209.94
210.19
210.46
210.73
210.99
211.17
211.26
211.26
211.19
211.07
211.05
211.13
211.34
211.63
211.88
212.05
212.11
212.10
212.03
211.87
211.63
211.33
210.99
210.64
210.37
210.18
210.09
210.08
210.12
210.17
210.21
210.22
210.22
210.21
210.16
210.08
209.97
209.83
209.70
209.54
209.36
209.16
208.96
208.76
208.59
208.43
208.30
208.19
208.11
208.12
208.24
208.48
208.78
209.11
209.44
209.75
210.04
210.29
210.51
210.71
210.91
211.11
211.29
211.46
211.53
211.48
211.31
211.07
210.85
210.67
210.56
210.51
210.50
210.60
210.81
211.13
211.51
211.91
212.22
212.41
212.47
212.43
212.33
212.21
212.11
212.03
211.97
211.93
211.91
211.90
211.89
211.90
211.91
211.89
211.84
211.77
211.67
211.57
211.49
211.46
211.46
211.49
211.54
211.57
211.57
211.55
211.50
211.44
211.27
210.97
210.55
210.07
209.56
209.21
209.04
209.08
209.27
209.60
210.04
210.55
211.10
211.64
211.99
212.09
211.95
211.64
211.23
210.95
210.88
211.05
211.38
211.81
212.14
212.33
212.34
212.22
212.01
211.76
211.50
211.23
210.97
210.74
210.46
210.12
209.71
209.28
208.86
208.60
208.53
208.67
208.94
209.30
209.66
210.01
210.30
210.54
210.74
210.83
210.83
210.73
210.57
210.37
210.13
209.86
209.58
209.29
209.02
208.89
208.90
209.08
209.36
209.67
209.97
210.24
210.47
210.66
210.78
210.84
210.83
210.79
210.71
210.62
210.52
210.43
210.34
210.26
210.16
210.04
209.90
209.76
209.62
209.57
209.62
209.78
210.02
210.29
210.51
210.67
210.75
210.76
210.73
210.72
210.76
210.85
210.97
211.12
211.24
211.32
211.37
211.38
211.36
211.28
211.13
210.91
210.65
210.38
210.17
210.05
210.01
210.03
210.05
210.03
209.96
209.86
209.75
209.63
209.51
209.40
209.30
209.22
209.17
209.17
209.21
209.29
209.38
209.39
209.32
209.14
208.90
208.63
208.49
208.51
208.71
209.03
209.41
209.87
210.38
210.94
211.49
212.01
212.40
212.64
212.72
212.69
212.57
212.41
212.22
212.02
211.82
211.64
211.40
211.09
210.71
210.30
209.88
209.47
209.06
208.66
208.29
208.21
208.44
209.01
209.78
210.66
211.31
211.66
211.66
211.41
211.00
210.60
210.29
210.11
210.04
210.03
210.05
210.08
210.10
210.10
210.10
210.12
210.17
210.24
210.34
210.44
210.46
210.39
210.20
209.96
209.68
209.64
209.88
210.43
211.17
212.00
212.61
212.90
212.85
212.56
212.11
211.62
211.17
210.79
210.49
210.24
210.06
209.93
209.84
209.79
209.76
209.78
209.85
209.96
210.09
210.12
210.03
209.81
209.50
209.15
208.82
208.53
208.30
208.12
207.99
207.84
207.67
207.46
207.23
207.01
207.01
207.28
207.83
208.54
209.33
209.98
210.40
210.57
210.55
210.41
210.15
209.81
209.42
209.02
208.63
208.38
208.29
208.37
208.57
208.84
209.22
209.71
210.27
210.87
211.46
211.90
212.16
212.23
212.15
211.99
211.69
211.26
210.74
210.17
209.66
209.24
208.93
208.72
208.58
208.54
208.57
208.67
208.81
208.97
209.22
209.56
209.98
210.43
210.89
211.22
211.38
211.37
211.23
211.02
210.79
210.57
210.39
210.24
210.12
210.03
209.97
209.93
209.90
209.89
209.86
209.80
209.72
209.63
209.53
209.40
209.25
209.08
208.90
208.73
208.57
208.43
208.30
208.20
208.12
208.19
208.43
208.84
209.35
209.90
210.43
210.90
211.28
211.59
211.83
212.00
212.13
212.21
212.25
212.27
212.27
212.25
212.23
212.20
212.09
211.88
211.59
211.24
210.88
210.63
210.53
210.59
210.76
211.00
211.20
211.31
211.32
211.26
211.14
210.92
210.60
210.18
209.72
209.25
208.77
208.30
207.85
207.43
207.07
206.86
206.83
206.98
207.24
207.57
208.10
208.81
209.69
210.64
211.60
212.37
212.90
213.18
213.25
213.21
213.10
212.97
212.82
212.68
212.49
212.25
211.96
211.65
211.35
211.01
210.64
210.24
209.84
209.46
209.27
209.32
209.60
210.03
210.55
211.01
211.38
211.61
211.75
211.80
211.87
212.00
212.19
212.43
212.68
212.79
212.73
212.49
212.13
211.72
211.41
211.27
211.32
211.50
211.75
212.05
212.37
212.68
212.96
213.22
213.28
213.12
212.73
212.21
211.59
210.93
210.25
209.60
209.01
208.51
208.13
207.85
207.66
207.55
207.60
207.82
208.19
208.66
209.17
209.70
210.23
210.76
211.25
211.68
211.87
211.78
211.41
210.86
210.22
209.65
209.21
208.95
208.82
208.80
208.90
209.10
209.40
209.75
210.12
210.45
210.72
210.93
211.08
211.18
211.24
211.27
211.27
211.26
211.24
211.22
211.18
211.15
211.12
211.09
211.07
211.05
211.03
211.02
211.03
211.08
211.17
211.27
211.38
211.36
211.18
210.83
210.38
209.88
209.54
209.40
209.50
209.76
210.11
210.35
210.42
210.29
210.02
209.67
209.31
208.97
208.68
208.44
208.25
208.19
208.25
208.44
208.71
209.02
209.35
209.66
209.96
210.22
210.44
210.63
210.78
210.90
210.99
211.05
211.06
211.03
210.95
210.85
210.73
210.58
210.40
210.20
210.00
209.80
209.62
209.46
209.33
209.21
209.20
209.31
209.52
209.80
210.12
210.42
210.67
210.86
211.00
211.10
211.14
211.12
211.05
210.94
210.81
210.68
210.55
210.43
210.33
210.23
210.18
210.18
210.22
210.29
210.37
210.50
210.65
210.83
211.01
211.20
211.34
211.44
211.49
211.49
211.47
211.45
211.46
211.49
211.54
211.60
211.64
211.64
211.61
211.56
211.49
211.42
211.34
211.27
211.21
211.10
210.94
210.72
210.48
210.23
210.15
210.27
210.61
211.08
211.62
212.18
212.72
213.22
213.67
214.06
214.24
214.21
213.97
213.58
213.12
212.77
212.57
212.56
212.69
212.90
212.94
212.76
212.33
211.74
211.08
210.45
209.90
209.47
209.14
208.90
208.80
208.81
208.94
209.14
209.38
209.69
210.05
210.47
210.89
211.30
211.63
211.85
211.96
211.98
212.03
212.13
212.30
212.50
212.73
212.90
213.00
213.02
212.98
212.89
212.74
212.50
212.21
211.88
211.55
211.32
211.21
211.22
211.33
211.49
211.61
211.64
211.58
211.45
211.28
211.18
211.16
211.25
211.40
211.59
211.75
211.85
211.87
211.84
211.77
211.63
211.42
211.14
210.83
210.52
210.27
210.11
210.04
210.05
210.10
210.05
209.87
209.54
209.11
208.78
208.60
208.61
208.73
208.95
209.20
209.48
209.76
210.02
210.25
210.37
210.37
210.25
210.04
209.78
209.62
209.57
209.67
209.87
210.12
210.37
210.59
210.76
210.90
211.00
211.07
211.12
211.15
211.16
211.15
211.23
211.38
211.63
211.94
212.26
212.47
212.54
212.45
212.26
212.01
211.69
211.34
210.97
210.61
210.27
209.96
209.69
209.47
209.29
209.14
209.12
209.21
209.43
209.71
210.01
210.29
210.52
210.70
210.85
210.86
210.71
210.40
210.01
209.57
209.29
209.21
209.35
209.65
210.04
210.36
210.57
210.63
210.59
210.47
210.34
210.21
210.11
210.04
209.98
209.95
209.92
209.91
209.91
209.91
209.94
210.01
210.11
210.23
210.35
210.52
210.75
211.03
211.33
211.63
211.92
212.17
212.40
212.59
212.74
212.86
212.96
213.02
213.07
212.96
212.69
212.25
211.71
211.14
210.57
210.03
209.55
209.12
208.77
208.64
208.75
209.11
209.63
210.22
210.81
211.36
211.83
212.22
212.54
212.60
212.38
211.88
211.22
210.48
209.88
209.50
209.36
209.40
209.57
209.66
209.61
209.38
209.04
208.63
208.35
208.22
208.28
208.46
208.73
208.96
209.11
209.15
209.12
209.04
209.04
209.14
209.36
209.66
210.02
210.42
210.84
211.24
211.62
211.94
212.17
212.33
212.42
212.46
212.47
212.45
212.41
212.36
212.30
212.17
211.95
211.63
211.27
210.90
210.64
210.53
210.59
210.76
211.00
211.16
211.22
211.14
210.97
210.74
210.57
210.49
210.51
210.61
210.75
210.91
211.09
211.26
211.42
211.56
211.66
211.70
211.70
211.66
211.59
211.52
211.44
211.36
211.28
211.21
211.05
210.77
210.37
209.91
209.54
209.31
209.23
209.28
209.40
209.60
209.85
210.14
210.45
210.74
210.99
211.18
211.30
211.37
211.40
211.37
211.29
211.17
211.02
210.86
210.73
210.64
210.59
210.58
210.60
210.63
210.67
210.72
210.77
210.82
210.96
211.23
211.62
212.07
212.55
212.93
213.19
213.31
213.32
213.26
213.01
212.59
211.99
211.31
210.60
209.91
209.27
208.70
208.21
207.96
207.98
208.26
208.71
209.25
209.75
210.16
210.43
210.60
210.69
210.77
210.86
210.99
211.13
211.28
211.42
211.55
211.66
211.76
211.84
211.86
211.79
211.65
211.47
211.26
210.94
210.50
209.96
209.36
208.77
208.33
208.11
208.10
208.25
208.51
208.95
209.57
210.35
211.20
212.05
212.78
213.34
213.71
213.94
214.05
214.12
214.19
214.28
214.39
214.49
214.46
214.27
213.90
213.44
212.96
212.50
212.10
211.76
211.48
211.18
210.84
210.45
210.05
209.65
209.29
208.96
208.69
208.45
208.27
208.20
208.27
208.46
208.73
209.04
209.33
209.59
209.79
209.94
210.05
210.07
210.00
209.85
209.64
209.41
209.19
209.02
208.90
208.82
208.77
208.75
208.75
208.76
208.79
208.81
208.95
209.21
209.59
210.04
210.51
210.95
211.33
211.63
211.86
211.95
211.89
211.70
211.42
211.09
210.78
210.51
210.29
210.12
209.99
209.93
209.93
209.99
210.09
210.20
210.30
210.36
210.39
210.39
210.36
210.25
210.03
209.72
209.36
208.98
208.66
208.42
208.29
208.24
208.24
208.28
208.35
208.43
208.52
208.61
208.77
209.02
209.35
209.72
210.11
210.42
210.65
210.77
210.82
210.81
210.68
210.43
210.07
209.66
209.41
209.39
209.62
210.02
210.51
210.85
210.98
210.86
210.57
210.17
209.78
209.43
209.17
208.98
208.84
208.83
208.96
209.21
209.53
209.89
210.23
210.52
210.75
210.93
211.05
211.19
211.36
211.56
211.78
212.00
212.13
212.15
212.04
211.86
211.63
211.33
210.97
210.56
210.13
209.72
209.37
209.09
208.88
208.75
208.67
208.71
208.87
209.16
209.51
209.88
210.08
210.03
209.73
209.27
208.93
208.80
208.94
209.25
209.67
210.14
210.62
211.09
211.52
211.90
212.20
212.41
212.53
212.59
212.61
212.47
212.20
211.78
211.28
210.76
210.30
209.93
209.68
209.52
209.43
209.48
209.67
209.97
210.35
210.75
211.00
211.04
210.85
210.51
210.08
209.62
209.16
208.72
208.32
207.96
207.77
207.76
207.92
208.20
208.55
209.08
209.80
210.68
211.64
212.33
212.67
212.60
212.25
211.73
211.13
210.54
209.98
209.49
209.06
208.79
208.67
208.72
208.87
209.09
209.29
209.45
209.53
209.56
209.55
209.60
209.72
209.92
210.18
210.45
210.62
210.66
210.54
210.32
210.04
209.74
209.43
209.14
208.88
208.64
208.45
208.28
208.16
208.06
207.98
207.93
207.90
207.89
207.88
207.88
207.89
207.90
207.92
207.93
207.94
208.12
208.47
209.02
209.66
210.27
210.77
211.14
211.39
211.54
211.54
211.39
211.10
210.74
210.33
210.06
209.96
210.05
210.27
210.57
210.83
211.01
211.08
211.07
211.01
210.94
210.88
210.84
210.83
210.82
210.89
211.01
211.21
211.44
211.69
211.85
211.91
211.85
211.70
211.51
211.30
211.08
210.86
210.67
210.50
210.32
210.14
209.96
209.78
209.61
209.46
209.33
209.22
209.13
209.17
209.35
209.67
210.07
210.51
210.95
211.37
211.75
212.08
212.36
212.49
212.44
212.23
211.91
211.52
211.15
210.81
210.53
210.30
210.13
210.00
209.91
209.85
209.82
209.81
209.75
209.65
209.49
209.30
209.09
208.97
208.95
209.05
209.22
209.44
209.62
209.74
209.79
209.78
209.73
209.71
209.74
209.82
209.95
210.09
210.19
210.22
210.17
210.08
210.04
210.07
210.20
210.38
210.60
210.93
211.38
211.95
212.56
213.17
213.62
213.86
213.87
213.73
213.48
213.02
212.34
211.48
210.53
209.56
208.83
208.39
208.28
208.40
208.68
209.02
209.38
209.72
210.03
210.29
210.54
210.78
211.02
211.23
211.43
211.54
211.56
211.49
211.37
211.21
210.89
210.43
209.81
209.12
208.42
207.88
207.54
207.44
207.50
207.68
207.83
207.88
207.82
207.68
207.55
207.45
207.41
207.41
207.45
207.61
207.90
208.33
208.82
209.34
209.81
210.23
210.56
210.81
211.00
211.13
211.22
211.27
211.29
211.28
211.27
211.24
211.21
211.18
211.15
211.11
211.09
211.06
211.04
211.03
210.93
210.75
210.48
210.15
209.81
209.47
209.16
208.88
208.63
208.43
208.42
208.63
209.07
209.64
210.27
210.81
211.19
211.40
211.47
211.49
211.51
211.55
211.60
211.66
211.69
211.69
211.65
211.59
211.51
211.43
211.36
211.28
211.21
211.16
211.08
210.98
210.86
210.73
210.60
210.42
210.20
209.92
209.62
209.33
209.02
208.72
208.41
208.12
207.85
207.81
208.02
208.48
209.10
209.80
210.51
211.20
211.83
212.39
212.86
213.07
212.99
212.61
212.04
211.38
210.92
210.74
210.91
211.29
211.81
212.24
212.50
212.55
212.45
212.30
212.15
212.04
211.96
211.91
211.95
212.11
212.37
212.70
213.05
213.27
213.31
213.16
212.89
212.55
212.14
211.71
211.25
210.82
210.41
210.05
209.75
209.49
209.29
209.13
209.06
209.09
209.22
209.40
209.61
209.84
210.05
210.26
210.44
210.60
210.73
210.84
210.92
210.98
211.03
211.06
211.08
211.09
211.09
211.08
210.97
210.73
210.36
209.93
209.54
209.26
209.10
209.04
209.04
209.18
209.44
209.81
210.24
210.69
211.05
211.29
211.38
211.38
211.30
211.23
211.19
211.21
211.27
211.34
211.41
211.44
211.44
211.42
211.38
211.34
211.28
211.23
211.18
211.14
211.10
211.07
211.04
211.02
211.01
210.94
210.82
210.64
210.42
210.19
210.02
209.93
209.92
209.97
210.06
210.18
210.30
210.43
210.54
210.65
210.74
210.82
210.89
210.94
210.93
210.84
210.68
210.48
210.26
210.09
210.00
209.98
210.03
210.11
210.14
210.08
209.93
209.72
209.48
209.34
209.33
209.47
209.70
209.99
210.16
210.18
210.02
209.75
209.41
209.18
209.10
209.20
209.42
209.71
209.96
210.12
210.18
210.15
210.07
210.04
210.08
210.21
210.40
210.62
210.84
211.06
211.27
211.45
211.61
211.63
211.51
211.23
210.87
210.46
210.04
209.64
209.27
208.94
208.77
208.77
208.94
209.22
209.57
209.84
209.98
209.97
209.86
209.69
209.58
209.58
209.71
209.92
210.18
210.49
210.83
211.18
211.52
211.84
212.23
212.71
213.27
213.87
214.45
214.84
214.98
214.87
214.59
214.19
213.67
213.04
212.33
211.60
210.89
210.38
210.09
210.05
210.17
210.41
210.53
210.46
210.18
209.76
209.45
209.33
209.44
209.71
210.07
210.38
210.57
210.62
210.57
210.45
210.42
210.53
210.79
211.14
211.54
211.93
212.27
212.55
212.76
212.93
212.92
212.71
212.32
211.81
211.25
210.68
210.14
209.65
209.22
208.85
208.60
208.47
208.46
208.54
208.67
208.83
209.01
209.19
209.36
209.51
209.64
209.75
209.84
209.92
209.97
210.07
210.21
210.40
210.63
210.72
210.66
210.42
210.06
209.65
209.39
209.31
209.45
209.74
210.12
210.46
210.71
210.85
210.90
210.89
210.81
210.67
210.48
210.27
210.05
209.87
209.74
209.66
209.62
209.62
209.69
209.83
210.05
210.31
210.58
210.92
211.34
211.83
212.35
212.85
213.10
213.06
212.70
212.15
211.49
210.89
210.43
210.13
209.97
209.91
209.87
209.83
209.75
209.66
209.56
209.49
209.45
209.45
209.48
209.53
209.59
209.66
209.72
209.78
209.91
210.13
210.44
210.79
211.15
211.45
211.67
211.78
211.82
211.80
211.64
211.33
210.89
210.36
209.82
209.37
209.04
208.87
208.81
208.83
208.96
209.18
209.49
209.84
210.20
210.63
211.13
211.68
212.25
212.79
213.18
213.39
213.41
213.30
213.10
212.73
212.23
211.59
210.90
210.21
209.64
209.21
208.95
208.83
208.83
208.94
209.12
209.35
209.60
209.85
210.08
210.30
210.49
210.65
210.80
210.96
211.13
211.30
211.45
211.58
211.70
211.80
211.88
211.94
212.02
212.11
212.22
212.34
212.46
212.57
212.67
212.76
212.84
212.90
212.97
213.07
213.18
213.31
213.43
213.44
213.32
213.06
212.71
212.32
212.03
211.88
211.89
212.00
212.19
212.34
212.42
212.39
212.30
212.17
212.01
211.85
211.69
211.54
211.38
211.21
211.02
210.84
210.66
210.56
210.54
210.60
210.72
210.87
211.06
211.29
211.54
211.79
212.03
212.31
212.62
212.96
213.31
213.65
213.82
213.81
213.59
213.25
212.84
212.48
212.21
212.07
212.02
212.03
211.94
211.68
211.26
210.73
210.16
209.73
209.48
209.44
209.55
209.76
210.02
210.31
210.61
210.89
211.14
211.37
211.56
211.72
211.84
211.99
212.18
212.41
212.65
212.89
213.07
213.16
213.17
213.11
213.01
212.85
212.66
212.44
212.21
211.98
211.77
211.58
211.41
211.28
211.16
211.00
210.76
210.45
210.10
209.74
209.53
209.50
209.67
209.96
210.33
210.65
210.88
211.00
211.02
210.99
210.91
210.81
210.69
210.57
210.46
210.46
210.60
210.88
211.24
211.64
212.05
212.44
212.79
213.11
213.32
213.43
213.43
213.35
213.22
213.04
212.82
212.57
212.31
212.05
211.82
211.61
211.43
211.29
211.17
210.99
210.75
210.44
210.09
209.73
209.44
209.24
209.14
209.12
209.15
209.16
209.13
209.06
208.94
208.82
208.84
209.06
209.47
210.00
210.59
211.08
211.41
211.57
211.60
211.54
211.44
211.33
211.23
211.16
211.09
211.12
211.26
211.50
211.80
211.95
211.88
211.57
211.10
210.56
210.02
209.51
209.08
208.72
208.43
208.33
208.45
208.78
209.23
209.75
210.13
210.30
210.25
210.04
209.73
209.48
209.32
209.31
209.39
209.53
209.71
209.90
210.09
210.28
210.45
210.67
210.97
211.34
211.74
212.14
212.42
212.54
212.48
212.31
212.07
211.81
211.58
211.38
211.23
211.10
211.15
211.37
211.77
212.28
212.83
213.23
213.42
213.37
213.15
212.88
212.62
212.41
212.23
212.10
211.95
211.76
211.54
211.30
211.06
210.79
210.47
210.12
209.76
209.41
209.12
208.89
208.74
208.65
208.60
208.70
208.94
209.33
209.80
210.30
210.66
210.83
210.81
210.64
210.38
210.12
209.91
209.77
209.68
209.63
209.70
209.89
210.18
210.54
210.92
211.17
211.24
211.11
210.86
210.53
210.32
210.29
210.47
210.79
211.07
211.27
211.34
211.31
211.23
211.05
210.79
210.45
210.09
209.72
209.45
209.31
209.30
209.38
209.52
209.60
209.56
209.40
209.16
208.88
208.74
208.79
209.05
209.44
209.91
210.35
210.71
210.99
211.18
211.31
211.38
211.41
211.41
211.38
211.35
211.22
211.00
210.69
210.33
209.95
209.63
209.40
209.27
209.22
209.23
209.33
209.51
209.77
210.08
210.37
210.62
210.81
210.96
211.06
211.16
211.26
211.37
211.48
211.58
211.55
211.34
210.97
210.50
209.98
209.64
209.54
209.72
210.06
210.52
210.92
211.20
211.33
211.36
211.30
211.30
211.39
211.59
211.86
212.16
212.42
212.61
212.70
212.73
212.72
212.67
212.59
212.51
212.43
212.35
212.35
212.45
212.66
212.93
213.24
213.30
213.08
212.54
211.82
211.00
210.29
209.76
209.46
209.33
209.23
209.08
208.87
208.63
208.37
208.19
208.12
208.18
208.31
208.50
208.73
209.01
209.31
209.61
209.89
210.26
210.71
211.26
211.85
212.42
212.83
213.04
213.01
212.84
212.56
212.24
211.88
211.54
211.21
210.92
210.72
210.62
210.63
210.70
210.82
210.95
211.05
211.12
211.16
211.18
211.19
211.18
211.16
211.15
211.13
211.05
210.92
210.72
210.49
210.30
210.18
210.14
210.16
210.21
210.27
210.31
210.32
210.31
210.28
210.25
210.22
210.18
210.15
210.11
210.08
210.06
210.04
210.02
210.01
209.92
209.74
209.47
209.15
208.81
208.58
208.49
208.57
208.75
209.00
209.31
209.65
210.02
210.38
210.73
210.98
211.13
211.18
211.15
211.06
211.06
211.15
211.38
211.67
212.00
212.23
212.33
212.27
212.11
211.94
211.80
211.71
211.66
211.64
211.46
211.09
210.50
209.79
209.04
208.43
208.02
207.84
207.83
207.94
208.15
208.44
208.77
209.13
209.48
209.83
210.18
210.53
210.84
211.13
211.38
211.58
211.75
211.88
211.98
212.02
212.01
211.95
211.85
211.74
211.49
211.09
210.53
209.90
209.25
208.73
208.38
208.22
208.20
208.28
208.41
208.54
208.66
208.76
208.84
209.01
209.30
209.69
210.14
210.75
211.49
212.36
213.27
214.16
215.05
215.90
216.72
217.47
218.13
218.70
219.16
219.53
219.81
220.02
219.98
219.67
219.10
218.37
217.58
216.85
216.26
215.83
215.54
215.36
215.19
214.99
214.75
214.48
214.22
213.83
213.32
212.67
211.97
211.27
210.63
210.08
209.63
209.29
209.03
208.82
208.65
208.49
208.35
208.24
208.17
208.15
208.19
208.26
208.40
208.61
208.88
209.19
209.50
209.75
209.90
209.97
209.96
209.90
209.79
209.63
209.42
209.21
208.99
208.89
208.94
209.13
209.42
209.76
210.12
210.47
210.80
211.09
211.35
211.64
211.99
212.39
212.81
213.22
213.58
213.87
214.08
214.22
214.30
214.32
214.28
214.18
214.05
213.90
213.69
213.43
213.12
212.78
212.46
212.04
211.53
210.94
210.31
209.80
209.45
209.29
209.27
209.35
209.52
209.75
210.04
210.35
210.65
210.91
211.11
211.24
211.32
211.36
211.40
211.44
211.50
211.57
211.64
211.68
211.69
211.66
211.60
211.53
211.39
211.20
210.95
210.67
210.38
210.24
210.27
210.50
210.84
211.25
211.66
212.03
212.34
212.59
212.79
212.92
212.97
212.95
212.89
212.80
212.59
212.25
211.78
211.25
210.71
210.21
209.78
209.44
209.17
209.01
208.93
208.93
208.99
209.09
209.15
209.16
209.10
209.00
208.88
208.75
208.62
208.49
208.38
208.27
208.22
208.20
208.24
208.30
208.38
208.45
208.48
208.48
208.45
208.41
208.44
208.56
208.77
209.04
209.33
209.70
210.16
210.68
211.22
211.75
212.11
212.26
212.19
211.97
211.66
211.38
211.18
211.08
211.06
211.09
211.03
210.84
210.50
210.08
209.64
209.24
208.89
208.59
208.36
208.33
208.54
208.97
209.55
210.19
210.73
211.13
211.35
211.43
211.41
211.24
210.93
210.51
210.02
209.52
209.14
208.92
208.88
208.96
209.13
209.45
209.92
210.52
211.18
211.85
212.30
212.48
212.36
212.05
211.61
211.30
211.19
211.31
211.59
211.98
212.30
212.51
212.57
212.54
212.43
212.19
211.85
211.40
210.90
210.40
210.08
209.98
210.13
210.44
210.74
210.97
211.07
211.09
211.04
210.87
210.59
210.20
209.75
209.29
208.98
208.86
208.94
209.16
209.47
209.63
209.59
209.32
208.90
208.39
207.91
207.50
207.18
206.95
206.79
206.80
206.97
207.31
207.75
208.22
208.73
209.25
209.76
210.24
210.67
211.07
211.44
211.78
212.08
212.35
212.57
212.74
212.88
212.98
213.06
213.02
212.88
212.63
212.31
211.91
211.44
210.94
210.42
209.93
209.57
209.35
209.28
209.33
209.45
209.64
209.89
210.18
210.48
210.77
211.06
211.36
211.66
211.94
212.19
212.30
212.26
212.06
211.75
211.39
211.09
210.88
210.80
210.81
210.88
210.85
210.69
210.39
209.99
209.55
209.16
208.85
208.65
208.52
208.45
208.47
208.54
208.67
208.84
209.01
209.30
209.69
210.20
210.76
211.19
211.44
211.49
211.39
211.19
211.01
210.90
210.88
210.93
211.02
211.03
210.93
210.70
210.39
210.05
209.86
209.87
210.10
210.47
210.91
211.31
211.61
211.79
211.87
211.89
211.93
212.03
212.20
212.42
212.66
212.87
213.04
213.15
213.23
213.27
213.17
212.94
212.56
212.11
211.63
211.12
210.61
210.12
209.65
209.24
209.00
208.93
209.05
209.29
209.60
210.00
210.47
210.99
211.51
211.88
212.05
212.00
211.81
211.53
211.27
211.09
211.02
211.01
211.07
211.21
211.43
211.72
212.04
212.38
212.62
212.74
212.73
212.63
212.48
212.29
212.09
211.89
211.70
211.53
211.47
211.52
211.68
211.92
212.20
212.33
212.28
212.01
211.60
211.13
210.73
210.47
210.37
210.39
210.48
210.53
210.47
210.31
210.06
209.78
209.60
209.55
209.64
209.83
210.03
210.19
210.29
210.35
210.37
210.42
210.51
210.66
210.83
211.01
211.19
211.36
211.52
211.65
211.76
211.83
211.84
211.81
211.74
211.65
211.64
211.71
211.89
212.12
212.39
212.63
212.84
212.99
213.10
213.17
213.18
213.14
213.05
212.93
212.80
212.64
212.45
212.24
212.03
211.82
211.56
211.22
210.81
210.37
209.94
209.59
209.33
209.19
209.14
209.20
209.36
209.62
209.93
210.25
210.60
210.96
211.32
211.66
211.98
212.17
212.23
212.15
211.98
211.76
211.53
211.33
211.18
211.06
210.97
210.91
210.87
210.85
210.85
210.85
210.78
210.63
210.38
210.07
209.75
209.43
209.13
208.86
208.62
208.42
208.24
208.05
207.87
207.69
207.53
207.47
207.52
207.69
207.93
208.21
208.53
208.87
209.23
209.57
209.89
210.22
210.58
210.96
211.33
211.60
211.75
211.76
211.67
211.52
211.30
211.04
210.75
210.46
210.17
210.07
210.18
210.51
210.99
211.54
211.94
212.15
212.13
211.95
211.66
211.35
211.04
210.77
210.54
210.35
210.25
210.25
210.34
210.49
210.68
210.88
211.08
211.27
211.45
211.60
211.70
211.74
211.74
211.69
211.62
211.62
211.71
211.89
212.13
212.40
212.49
212.35
211.97
211.43
210.90
210.44
210.09
209.85
209.68
209.53
209.37
209.18
208.99
208.80
208.70
208.72
208.85
209.06
209.31
209.60
209.92
210.26
210.58
210.89
211.16
211.40
211.60
211.76
211.88
211.95
211.96
211.92
211.84
211.73
211.54
211.26
210.89
210.47
210.05
209.70
209.44
209.29
209.22
209.22
209.31
209.49
209.75
210.05
210.37
210.73
211.13
211.57
212.00
212.41
212.71
212.86
212.87
212.78
212.67
212.58
212.55
212.55
212.57
212.61
212.66
212.71
212.76
212.81
212.83
212.81
212.75
212.67
212.58
212.41
212.14
211.79
211.39
210.99
210.65
210.40
210.26
210.21
210.21
210.30
210.49
210.75
211.06
211.38
211.53
211.47
211.19
210.77
210.27
209.94
209.83
209.97
210.29
210.71
211.07
211.32
211.43
211.43
211.35
211.22
211.07
210.90
210.74
210.66
210.70
210.84
211.06
211.32
211.45
211.43
211.23
210.92
210.54
210.23
210.00
209.90
209.89
209.94
210.03
210.15
210.27
210.40
210.52
210.58
210.56
210.47
210.32
210.15
210.02
209.95
209.97
210.03
210.12
210.16
210.11
209.96
209.75
209.51
209.31
209.19
209.14
209.16
209.21
209.32
209.47
209.66
209.86
210.06
210.28
210.52
210.76
210.99
211.19
211.32
211.40
211.44
211.44
211.42
211.38
211.33
211.28
211.23
211.13
210.97
210.75
210.51
210.26
210.07
209.96
209.93
209.98
210.06
210.22
210.46
210.76
211.09
211.42
211.64
211.70
211.59
211.38
211.11
210.83
210.58
210.37
210.20
210.08
210.04
210.09
210.23
210.42
210.64
210.78
210.83
210.76
210.62
210.44
210.29
210.19
210.17
210.19
210.26
210.42
210.69
211.05
211.46
211.78
211.96
211.98
211.89
211.73
211.52
211.29
211.07
210.85
210.65
210.53
210.50
210.56
210.67
210.83
211.05
211.34
211.68
212.05
212.41
212.64
212.71
212.62
212.41
212.14
211.94
211.86
211.92
212.07
212.28
212.49
212.68
212.83
212.94
213.02
213.05
213.03
212.96
212.86
212.75
212.54
212.25
211.87
211.46
211.03
210.60
210.17
209.75
209.37
208.94
208.48
207.96
207.45
206.95
206.63
206.53
206.63
206.89
207.24
207.71
208.28
208.93
209.61
210.26
210.84
211.32
211.69
211.97
212.17
212.27
212.29
212.23
212.12
211.99
211.68
211.19
210.51
209.75
208.95
208.43
208.24
208.41
208.83
209.40
209.91
210.29
210.49
210.54
210.50
210.39
210.24
210.07
209.89
209.72
209.61
209.59
209.64
209.75
210.03
210.48
211.09
211.78
212.49
212.98
213.21
213.15
212.88
212.49
212.13
211.87
211.75
211.74
211.79
211.82
211.78
211.65
211.48
211.28
211.15
211.11
211.19
211.34
211.54
211.70
211.80
211.83
211.81
211.75
211.75
211.82
212.00
212.22
212.48
212.68
212.82
212.87
212.86
212.80
212.70
212.54
212.36
212.15
211.94
211.70
211.41
211.07
210.73
210.40
210.14
209.98
209.92
209.94
209.98
210.03
210.06
210.07
210.08
210.14
210.25
210.42
210.62
210.84
210.95
210.92
210.74
210.47
210.15
209.86
209.64
209.51
209.44
209.42
209.47
209.57
209.71
209.88
210.06
210.24
210.40
210.55
210.68
210.78
210.82
210.77
210.64
210.46
210.26
210.11
210.02
210.01
210.05
210.14
210.19
210.19
210.12
210.02
209.89
209.83
209.87
210.01
210.21
210.45
210.70
210.94
211.17
211.38
211.55
211.70
211.82
211.91
211.98
211.95
211.81
211.57
211.26
210.92
210.66
210.51
210.48
210.55
210.67
210.80
210.91
211.00
211.06
211.10
211.09
211.04
210.95
210.84
210.72
210.59
210.47
210.36
210.27
210.18
210.22
210.40
210.72
211.11
211.55
211.82
211.89
211.73
211.42
211.02
210.65
210.38
210.22
210.15
210.17
210.27
210.43
210.63
210.84
210.84
210.58
210.04
209.35
208.57
207.84
207.20
206.69
206.29
206.00
205.98
206.25
206.80
207.51
208.31
209.12
209.89
210.60
211.22
211.76
212.14
212.38
212.47
212.46
212.37
212.29
212.24
212.25
212.30
212.37
212.50
212.71
212.97
213.26
213.56
213.77
213.86
213.82
213.70
213.52
213.26
212.93
212.55
212.14
211.74
211.45
211.28
211.26
211.34
211.35
211.24
211.00
210.66
210.29
209.95
209.70
209.53
209.44
209.41
209.39
209.37
209.34
209.29
209.25
209.26
209.33
209.47
209.65
209.85
209.97
209.99
209.89
209.73
209.52
209.35
209.23
209.19
209.21
209.26
209.37
209.51
209.69
209.89
210.09
210.38
210.78
211.29
211.84
212.40
212.79
212.99
212.96
212.79
212.52
212.19
211.85
211.51
211.19
210.82
210.40
209.92
209.43
208.96
208.63
208.47
208.49
208.65
208.88
209.13
209.36
209.56
209.72
209.85
210.03
210.27
210.59
210.94
211.30
211.56
211.70
211.70
211.62
211.47
211.34
211.26
211.24
211.27
211.33
211.41
211.49
211.58
211.66
211.74
211.75
211.70
211.57
211.39
211.19
211.18
211.39
211.83
212.42
213.08
213.48
213.55
213.25
212.70
212.12
211.60
211.21
210.92
210.72
210.57
210.45
210.34
210.24
210.16
210.20
210.38
210.70
211.10
211.54
211.87
212.05
212.07
211.97
211.80
211.69
211.68
211.80
212.00
212.25
212.49
212.70
212.86
212.98
213.07
213.07
212.99
212.83
212.61
212.38
212.09
211.74
211.36
210.96
210.58
210.17
209.74
209.30
208.86
208.46
208.28
208.37
208.74
209.27
209.90
210.53
211.12
211.63
212.07
212.34
212.45
212.39
212.22
211.99
211.72
211.43
211.16
210.90
210.68
210.46
210.24
210.02
209.81
209.62
209.61
209.82
210.24
210.79
211.40
211.85
212.10
212.11
211.95
211.68
211.43
211.24
211.15
211.14
211.17
211.24
211.33
211.42
211.52
211.62
211.68
211.70
211.67
211.62
211.55
211.42
211.22
210.97
210.68
210.39
210.12
209.86
209.64
209.45
209.32
209.25
209.24
209.27
209.34
209.42
209.50
209.59
209.68
209.75
209.76
209.71
209.57
209.40
209.20
209.05
208.97
208.97
209.02
209.11
209.25
209.42
209.63
209.85
210.07
210.19
210.19
210.08
209.89
209.66
209.38
209.07
208.74
208.42
208.12
208.09
208.37
208.97
209.77
210.66
211.39
211.86
212.04
212.00
211.82
211.62
211.46
211.37
211.35
211.36
211.36
211.31
211.20
211.06
210.99
211.01
211.12
211.31
211.52
211.70
211.82
211.85
211.83
211.78
211.67
211.51
211.33
211.12
210.92
210.70
210.47
210.23
210.00
209.78
209.64
209.59
209.63
209.73
209.87
210.02
210.19
210.34
210.49
210.62
210.73
210.82
210.90
210.95
211.00
211.13
211.38
211.75
212.18
212.64
212.97
213.16
213.17
213.06
212.88
212.65
212.40
212.15
211.91
211.67
211.43
211.18
210.94
210.73
210.46
210.12
209.72
209.29
208.87
208.58
208.46
208.50
208.67
208.91
209.09
209.15
209.08
208.92
208.70
208.57
208.55
208.67
208.88
209.14
209.44
209.78
210.14
210.49
210.81
211.05
211.19
211.22
211.18
211.09
210.96
210.83
210.69
210.55
210.43
210.34
210.31
210.32
210.36
210.43
210.42
210.33
210.14
209.90
209.57
209.17
208.73
208.27
207.83
207.55
207.48
207.61
207.89
208.25
208.57
208.80
208.92
208.96
208.93
208.84
208.68
208.49
208.27
208.05
207.89
207.82
207.83
207.89
208.00
208.26
208.69
209.27
209.93
210.61
211.24
211.79
212.24
212.60
212.87
213.01
213.03
212.94
212.77
212.55
212.32
212.09
211.87
211.66
211.49
211.12
210.54
209.73
208.80
207.84
207.15
206.80
206.84
207.14
207.58
208.09
208.60
209.09
209.53
209.84
210.00
210.00
209.90
209.72
209.67
209.78
210.09
210.51
210.99
211.36
211.56
211.56
211.42
211.20
211.00
210.88
210.85
210.90
210.98
210.99
210.89
210.67
210.37
210.03
209.74
209.52
209.40
209.34
209.34
209.34
209.34
209.32
209.29
209.25
209.27
209.34
209.49
209.67
209.86
210.06
210.25
210.42
210.58
210.71
210.81
210.90
210.96
211.01
210.96
210.81
210.55
210.24
209.90
209.72
209.74
209.98
210.37
210.83
211.22
211.48
211.58
211.57
211.48
211.28
210.99
210.63
210.24
209.84
209.49
209.21
209.00
208.85
208.76
208.70
208.68
208.68
208.70
208.73
208.79
208.88
209.01
209.15
209.30
209.41
209.48
209.50
209.49
209.46
209.52
209.69
209.99
210.36
210.76
211.21
211.71
212.23
212.74
213.06
213.15
212.99
212.67
212.24
211.88
211.63
211.53
211.54
211.62
211.75
211.91
212.08
212.25
212.41
212.50
212.51
212.43
212.30
212.14
212.02
211.97
211.98
212.04
212.14
212.31
212.54
212.84
213.16
213.48
213.55
213.32
212.76
212.01
211.16
210.48
210.04
209.89
209.95
210.16
210.46
210.80
211.16
211.51
211.83
212.02
212.04
211.89
211.63
211.36
211.13
210.96
210.84
210.77
210.78
210.88
211.07
211.30
211.55
211.92
212.39
212.96
213.59
214.20
214.62
214.81
214.73
214.48
214.12
213.77
213.51
213.35
213.27
213.25
213.28
213.34
213.42
213.50
213.59
213.64
213.66
213.64
213.59
213.52
213.53
213.62
213.82
214.07
214.35
214.55
214.66
214.64
214.54
214.38
214.18
213.93
213.65
213.37
212.96
212.43
211.76
211.04
210.32
209.69
209.19
208.82
208.58
208.43
208.43
208.59
208.88
209.25
209.66
210.15
210.71
211.33
211.97
212.57
213.02
213.28
213.34
213.26
213.08
212.81
212.49
212.13
211.77
211.42
211.12
210.90
210.74
210.65
210.60
210.54
210.44
210.29
210.12
209.94
209.84
209.85
209.97
210.16
210.39
210.64
210.89
211.12
211.33
211.52
211.67
211.80
211.89
211.97
211.97
211.89
211.74
211.53
211.31
211.14
211.04
211.02
211.05
211.13
211.10
210.92
210.59
210.17
209.70
209.20
208.69
208.19
207.73
207.31
207.13
207.23
207.60
208.15
208.80
209.32
209.64
209.72
209.63
209.43
209.16
208.85
208.54
208.24
207.96
207.79
207.76
207.85
208.03
208.26
208.54
208.86
209.19
209.53
209.84
210.17
210.53
210.91
211.29
211.52
211.55
211.39
211.09
210.72
210.53
210.58
210.90
211.40
212.00
212.50
212.83
212.97
212.96
212.85
212.62
212.29
211.89
211.45
211.01
210.62
210.30
210.06
209.89
209.78
209.68
209.59
209.50
209.41
209.32
209.40