346.96
346.41
345.79
345.42
345.38
345.70
346.27
346.97
347.65
348.24
348.69
349.03
349.26
349.35
349.32
349.18
348.96
348.70
348.35
347.91
347.39
346.85
346.32
345.90
345.63
345.51
345.50
345.58
345.82
346.21
346.74
347.34
347.95
348.39
348.59
348.54
348.32
347.98
347.64
347.34
347.11
346.95
346.84
346.66
346.39
346.02
345.60
345.14
344.67
344.19
343.74
343.33
343.08
343.01
343.11
343.34
343.65
344.09
344.67
345.35
346.08
346.81
347.43
347.92
348.27
348.50
348.64
348.86
349.21
349.71
350.29
350.89
351.32
351.53
351.48
351.26
350.94
350.47
349.89
349.22
348.53
347.86
347.34
347.01
346.89
346.91
347.04
347.02
346.80
346.33
345.71
345.03
344.58
344.43
344.62
345.05
345.69
346.49
347.40
348.33
349.24
349.91
350.31
350.41
350.30
350.05
349.63
349.07
348.41
347.71
347.02
346.51
346.22
346.17
346.28
346.50
346.82
347.20
347.61
348.03
348.43
348.74
348.94
349.04
349.05
349.00
348.59
347.79
346.60
345.20
343.73
342.55
341.77
341.46
341.48
341.73
342.14
342.63
343.16
343.68
344.16
344.77
345.49
346.35
347.25
348.14
348.86
349.37
349.66
349.77
349.75
349.65
349.49
349.29
349.09
349.02
349.12
349.40
349.78
350.23
350.58
350.79
350.85
350.79
350.65
350.28
349.67
348.83
347.88
346.90
346.06
345.41
344.99
344.75
344.64
344.56
344.46
344.32
344.14
343.96
344.05
344.45
345.20
346.13
347.16
348.05
348.74
349.19
349.44
349.54
349.23
348.51
347.38
346.04
344.62
343.56
342.99
342.97
343.33
343.69
343.93
343.93
343.78
343.53
343.29
343.13
343.06
343.06
343.11
343.38
343.88
344.62
345.47
346.37
347.08
347.55
347.74
347.73
347.58
347.33
347.04
346.72
346.40
346.11
345.82
345.53
345.24
344.98
344.74
344.61
344.61
344.74
344.95
345.20
345.53
345.92
346.36
346.81
347.24
347.39
347.23
346.73
346.01
345.19
344.37
343.60
342.92
342.34
341.86
341.64
341.69
342.01
342.50
343.22
344.13
345.18
346.29
347.37
348.18
348.68
348.83
348.73
348.46
348.01
347.41
346.70
345.95
345.22
344.72
344.50
344.59
344.89
345.32
345.74
346.08
346.32
346.47
346.55
346.76
347.15
347.74
348.43
349.16
349.31
348.78
347.51
345.79
343.84
341.96
340.26
338.85
337.70
336.81
336.30
336.17
336.39
336.84
337.43
338.39
339.69
341.31
343.08
344.71
346.10
347.17
347.97
348.53
348.86
349.02
349.01
348.90
348.73
348.43
348.02
347.52
346.99
346.45
345.97
345.57
345.26
345.02
344.86
344.91
345.19
345.70
346.34
347.04
347.55
347.81
347.80
347.58
347.24
346.88
346.55
346.29
346.10
345.95
345.83
345.71
345.59
345.47
345.37
345.41
345.61
345.99
346.47
347.00
347.47
347.86
348.14
348.33
348.44
348.39
348.17
347.80
347.33
346.78
346.16
345.50
344.85
344.25
343.70
343.23
342.83
342.51
342.26
342.12
342.10
342.18
342.34
342.54
342.81
343.14
343.53
343.93
344.33
344.80
345.35
345.99
346.65
347.29
347.75
348.00
348.01
347.85
347.59
347.38
347.26
347.27
347.37
347.53
347.61
347.58
347.42
347.18
346.90
346.68
346.55
346.54
346.61
346.74
346.89
347.06
347.23
347.39
347.40
347.24
346.90
346.45
345.95
345.50
345.13
344.86
344.68
344.57
344.57
344.68
344.87
345.12
345.40
345.79
346.28
346.88
347.52
348.16
348.67
349.04
349.24
349.32
349.30
349.27
349.26
349.30
349.36
349.43
349.28
348.85
348.13
347.24
346.28
345.52
345.02
344.83
344.87
345.06
345.19
345.20
345.03
344.75
344.40
344.33
344.59
345.23
346.09
346.82
347.30
347.46
347.39
347.16
346.75
346.19
345.53
344.82
344.12
343.67
343.54
343.74
344.16
344.71
345.30
345.87
346.39
346.83
347.21
347.49
347.67
347.76
347.79
347.76
347.65
347.46
347.19
346.89
346.57
346.21
345.82
345.39
344.96
344.56
344.27
344.12
344.12
344.22
344.38
344.48
344.46
344.32
344.10
343.83
343.76
343.94
344.38
345.00
345.69
346.28
346.69
346.88
346.92
346.95
347.03
347.19
347.40
347.63
347.57
347.16
346.39
345.40
344.31
343.42
342.83
342.59
342.60
342.79
342.93
342.96
342.81
342.57
342.25
342.18
342.42
342.99
343.76
344.63
345.38
345.90
346.17
346.24
346.17
345.84
345.28
344.49
343.59
342.66
342.03
341.77
341.93
342.36
342.96
343.57
344.12
344.55
344.87
345.11
345.24
345.28
345.24
345.14
344.99
344.79
344.55
344.30
344.06
344.07
344.38
345.01
345.82
346.72
347.58
348.34
348.96
349.45
349.82
349.93
349.77
349.35
348.77
348.11
347.45
346.85
346.33
345.89
345.53
345.34
345.30
345.42
345.64
345.92
346.07
346.04
345.80
345.43
344.98
344.65
344.47
344.48
344.62
344.85
345.04
345.16
345.19
345.14
345.04
345.06
345.21
345.52
345.92
346.37
346.77
347.09
347.31
347.44
347.65
347.96
348.39
348.89
349.40
349.93
350.45
350.95
351.41
351.82
352.01
351.95
351.65
351.19
350.64
350.12
349.66
349.31
349.04
348.86
348.60
348.24
347.76
347.23
346.68
346.07
345.41
344.72
344.03
343.39
342.81
342.31
341.89
341.54
341.27
341.18
341.26
341.52
341.89
342.31
342.70
343.01
343.23
343.37
343.45
343.70
344.15
344.84
345.65
346.39
347.00
347.43
347.71
347.86
347.84
347.67
347.35
346.94
346.50
346.12
345.81
345.61
345.48
345.43
345.47
345.61
345.83
346.11
346.40
346.53
346.46
346.17
345.75
345.25
344.86
344.64
344.60
344.71
344.91
345.21
345.60
346.05
346.53
346.99
347.37
347.65
347.80
347.87
347.87
347.80
347.66
347.48
347.27
347.06
346.96
347.00
347.19
347.47
347.80
348.13
348.41
348.65
348.83
349.02
349.23
349.47
349.73
349.97
350.04
349.89
349.53
349.04
348.47
347.92
347.42
346.99
346.63
346.35
346.27
346.40
346.73
347.20
347.72
348.22
348.63
348.94
349.16
349.30
349.23
348.93
348.40
347.74
347.02
346.49
346.21
346.22
346.43
346.77
347.28
347.95
348.74
349.57
350.40
351.06
351.52
351.76
351.84
351.79
351.74
351.74
351.80
351.91
352.04
351.97
351.66
351.08
350.36
349.51
348.59
347.65
346.74
345.90
345.05
344.19
343.31
342.46
341.68
341.23
341.15
341.47
342.04
342.76
343.54
344.33
345.07
345.76
346.35
346.67
346.69
346.39
345.90
345.29
344.82
344.57
344.58
344.76
345.07
345.39
345.67
345.88
346.04
346.15
346.13
346.00
345.74
345.42
345.06
344.70
344.36
344.04
343.77
343.53
343.31
343.10
342.90
342.70
342.61
342.63
342.78
343.00
343.26
343.56
343.89
344.23
344.57
344.88
345.24
345.65
346.12
346.60
347.07
347.52
347.96
348.38
348.76
349.09
349.24
349.18
348.92
348.52
348.06
347.65
347.34
347.16
347.08
347.07
347.09
347.11
347.12
347.12
347.11
346.91
346.50
345.86
345.10
344.30
343.56
342.93
342.44
342.07
341.81
341.69
341.70
341.83
342.04
342.29
342.69
343.24
343.94
344.69
345.24
345.50
345.45
345.17
344.75
344.48
344.41
344.62
344.99
345.47
345.89
346.19
346.33
346.36
346.31
346.47
346.91
347.64
348.55
349.54
350.22
350.52
350.38
349.94
349.31
348.67
348.09
347.63
347.27
347.00
346.71
346.36
345.93
345.48
345.03
344.55
344.05
343.54
343.04
342.59
342.40
342.51
342.94
343.56
344.29
344.83
345.12
345.10
344.87
344.63
344.47
344.44
344.50
344.63
344.84
345.13
345.49
345.88
346.26
346.46
346.44
346.19
345.79
345.31
344.90
344.62
344.50
344.49
344.57
344.70
344.86
345.03
345.21
345.37
345.60
345.90
346.28
346.69
347.10
347.38
347.51
347.46
347.29
347.06
346.89
346.83
346.90
347.07
347.29
347.56
347.86
348.19
348.52
348.83
349.11
349.35
349.56
349.72
349.86
349.77
349.44
348.87
348.15
347.45
346.85
346.38
346.03
345.78
345.51
345.19
344.79
344.37
343.94
343.54
343.17
342.86
342.59
342.37
342.44
342.82
343.53
344.42
345.40
346.28
346.98
347.48
347.80
347.99
348.20
348.48
348.87
349.30
349.76
349.98
349.92
349.57
349.02
348.37
347.73
347.16
346.71
346.35
346.08
345.91
345.84
345.85
345.92
346.03
346.13
346.20
346.25
346.26
346.37
346.58
346.91
347.31
347.73
348.05
348.21
348.20
348.08
347.89
347.75
347.73
347.83
348.02
348.26
348.38
348.36
348.16
347.85
347.49
346.96
346.29
345.48
344.62
343.77
343.08
342.60
342.33
342.23
342.26
342.42
342.70
343.07
343.49
343.92
344.30
344.62
344.87
345.04
345.17
345.24
345.28
345.30
345.29
345.27
345.19
345.04
344.83
344.58
344.32
344.29
344.51
345.02
345.69
346.26
346.63
346.75
346.69
346.50
346.50
346.77
347.34
348.10
348.95
349.76
350.47
351.06
351.51
351.86
351.90
351.61
351.00
350.20
349.31
348.40
347.52
346.72
346.02
345.42
344.97
344.69
344.56
344.55
344.61
344.84
345.23
345.75
346.34
346.95
347.44
347.76
347.88
347.87
347.76
347.83
348.15
348.73
349.48
350.29
350.85
351.06
350.89
350.45
349.85
349.17
348.47
347.80
347.18
346.65
346.23
345.93
345.72
345.59
345.49
345.41
345.33
345.26
345.19
345.30
345.60
346.09
346.70
347.36
347.86
348.13
348.16
348.01
347.74
347.51
347.38
347.37
347.46
347.60
347.56
347.28
346.76
346.08
345.34
344.58
343.86
343.20
342.62
342.13
341.89
341.91
342.20
342.65
343.21
343.69
344.05
344.24
344.31
344.29
344.20
344.08
343.94
343.79
343.61
343.42
343.20
342.99
342.79
342.76
342.95
343.35
343.87
344.46
344.96
345.31
345.48
345.53
345.48
345.50
345.63
345.90
346.26
346.66
347.01
347.28
347.45
347.55
347.59
347.48
347.22
346.81
346.32
345.80
345.33
344.97
344.71
344.55
344.46
344.50
344.68
344.98
345.36
345.76
346.19
346.63
347.06
347.47
347.83
348.13
348.34
348.47
348.54
348.45
348.20
347.80
347.32
346.81
346.35
345.98
345.73
345.56
345.47
345.49
345.61
345.82
346.08
346.37
346.71
347.10
347.53
347.96
348.37
348.78
349.16
349.53
349.87
350.17
350.42
350.63
350.79
350.92
351.01
351.03
350.95
350.80
350.59
350.36
350.13
349.90
349.70
349.52
349.36
349.16
348.88
348.54
348.16
347.78
347.31
346.75
346.10
345.43
344.78
344.15
343.55
342.99
342.49
342.28
342.38
342.81
343.44
344.18
344.84
345.37
345.73
345.93
346.03
346.04
345.99
345.91
345.80
345.68
345.61
345.61
345.69
345.81
345.96
346.17
346.45
346.78
347.13
347.47
347.87
348.34
348.86
349.39
349.90
350.40
350.88
351.32
351.72
352.07
352.02
351.52
350.55
349.30
347.94
346.74
345.82
345.24
344.93
344.82
344.86
345.00
345.21
345.45
345.92
346.62
347.56
348.62
349.70
350.42
350.69
350.47
349.91
349.16
348.24
347.24
346.21
345.20
344.27
343.80
343.83
344.40
345.31
346.42
347.30
347.84
347.96
347.77
347.39
347.08
346.92
346.97
347.17
347.46
347.64
347.65
347.46
347.15
346.76
346.47
346.34
346.39
346.56
346.81
347.11
347.41
347.71
347.99
348.24
348.35
348.30
348.09
347.78
347.41
347.05
346.73
346.46
346.25
346.28
346.56
347.11
347.80
348.57
349.26
349.83
350.23
350.50
350.67
350.59
350.26
349.69
348.99
348.23
347.50
346.85
346.28
345.82
345.46
345.23
345.13
345.17
345.29
345.47
345.70
345.97
346.27
346.58
346.86
347.10
347.27
347.38
347.43
347.45
347.49
347.57
347.70
347.87
348.04
348.27
348.55
348.87
349.22
349.55
349.76
349.81
349.69
349.47
349.21
348.94
348.71
348.51
348.34
348.02
347.51
346.80
346.00
345.17
344.42
343.79
343.31
342.95
342.71
342.57
342.55
342.60
342.72
342.87
343.22
343.79
344.57
345.47
346.39
347.17
347.77
348.14
348.35
348.42
348.34
348.13
347.82
347.45
347.06
346.70
346.40
346.17
346.00
345.88
345.69
345.42
345.04
344.62
344.18
343.84
343.62
343.54
343.56
343.66
343.69
343.62
343.43
343.17
342.97
342.89
342.95
343.10
343.31
343.54
343.78
344.02
344.24
344.43
344.57
344.65
344.67
344.65
344.60
344.64
344.80
345.07
345.43
345.81
346.14
346.40
346.55
346.63
346.65
346.69
346.75
346.87
347.01
347.16
347.23
347.20
347.06
346.86
346.61
346.41
346.27
346.21
346.21
346.26
346.27
346.24
346.16
346.03
345.89
345.66
345.35
344.95
344.51
344.39
344.66
345.35
346.29
347.37
348.29
348.96
349.32
349.45
349.41
349.39
349.45
349.62
349.87
350.16
350.17
349.83
349.12
348.19
347.16
346.05
344.92
343.81
342.78
341.85
341.16
340.72
340.53
340.53
340.66
341.15
341.99
343.16
344.51
345.91
347.06
347.86
348.27
348.38
348.28
348.08
347.86
347.66
347.49
347.34
347.27
347.29
347.39
347.55
347.74
347.96
348.22
348.49
348.76
348.86
348.75
348.42
347.95
347.41
347.03
346.89
347.01
347.31
347.71
348.01
348.14
348.06
347.85
347.54
347.38
347.42
347.69
348.11
348.62
348.88
348.83
348.44
347.81
347.06
346.43
345.99
345.79
345.77
345.87
346.00
346.12
346.20
346.24
346.26
346.18
345.99
345.70
345.35
344.98
344.83
344.95
345.35
345.94
346.62
347.38
348.19
349.02
349.81
350.32
350.50
350.33
349.93
349.39
348.61
347.63
346.48
345.28
344.10
343.24
342.77
342.73
342.97
343.42
344.00
344.66
345.35
346.04
346.67
347.14
347.40
347.46
347.37
347.18
346.95
346.73
346.54
346.37
346.24
346.16
346.13
346.16
346.23
346.31
346.60
347.10
347.82
348.65
349.53
350.16
350.49
350.48
350.24
349.84
349.54
349.42
349.53
349.79
350.15
350.23
349.95
349.28
348.37
347.55
346.94
346.63
346.54
346.60
346.56
346.35
345.91
345.34
344.71
343.96
343.12
342.20
341.28
340.41
339.66
339.08
338.67
338.40
338.24
338.30
338.59
339.07
339.68
340.33
341.04
341.78
342.52
343.22
343.86
344.54
345.25
346.00
346.74
347.43
347.84
347.92
347.66
347.18
346.56
345.91
345.29
344.73
344.25
343.84
343.62
343.59
343.75
344.04
344.29
344.45
344.49
344.43
344.32
344.25
344.25
344.35
344.50
344.69
344.95
345.26
345.63
346.02
346.39
346.58
346.55
346.28
345.87
345.37
344.97
344.74
344.69
344.79
344.97
345.31
345.80
346.43
347.11
347.79
348.34
348.70
348.86
348.88
348.79
348.44
347.84
347.00
346.04
345.04
344.13
343.35
342.73
342.25
341.91
341.64
341.44
341.27
341.14
341.04
341.07
341.25
341.58
341.99
342.50
343.06
343.67
344.27
344.84
345.28
345.55
345.66
345.65
345.55
345.54
345.64
345.90
346.24
346.63
347.06
347.50
347.94
348.36
348.74
349.05
349.28
349.42
349.50
349.53
349.31
348.81
348.05
347.14
346.17
345.30
344.58
344.04
343.66
343.41
343.30
343.30
343.38
343.53
343.72
344.02
344.44
344.99
345.58
346.18
346.83
347.52
348.25
348.96
349.29
349.19
348.63
347.78
346.77
345.85
345.14
344.69
344.44
344.35
344.43
344.65
344.98
345.38
345.79
346.44
347.34
348.49
349.75
351.02
351.96
352.49
352.57
352.32
351.87
351.24
350.49
349.67
348.84
348.06
347.43
346.98
346.72
346.60
346.59
346.45
346.11
345.55
344.86
344.11
343.64
343.51
343.77
344.29
344.95
345.66
346.35
346.97
347.52
347.98
348.33
348.58
348.71
348.77
348.75
348.65
348.49
348.30
348.10
347.79
347.37
346.85
346.27
345.69
345.36
345.32
345.59
346.08
346.68
347.12
347.31
347.22
346.92
346.51
346.17
345.96
345.92
346.00
346.17
346.30
346.37
346.34
346.25
346.12
345.94
345.72
345.48
345.23
344.99
344.90
344.99
345.27
345.66
346.12
346.56
346.97
347.30
347.58
347.79
348.01
348.24
348.49
348.75
349.00
349.04
348.84
348.39
347.78
347.26
346.91
346.78
346.80
346.94
346.98
346.88
346.60
346.21
345.77
345.55
345.62
346.01
346.61
347.31
347.79
347.95
347.74
347.29
346.69
346.34
346.34
346.76
347.43
348.26
348.90
349.26
349.29
349.08
348.71
348.37
348.10
347.97
347.93
347.96
347.84
347.55
347.04
346.42
345.75
345.24
344.94
344.90
345.04
345.30
345.56
345.80
345.98
346.11
346.27
346.49
346.78
347.10
347.42
347.60
347.60
347.41
347.09
346.71
346.42
346.30
346.35
346.53
346.79
346.98
347.06
347.01
346.87
346.67
346.44
346.20
345.97
345.75
345.56
345.32
345.01
344.64
344.23
343.83
343.45
343.10
342.80
342.55
342.34
342.39
342.73
343.35
344.14
345.01
345.97
346.97
348.00
348.99
349.89
350.67
351.29
351.77
352.12
352.35
352.42
352.33
352.08
351.74
351.31
350.80
350.24
349.67
349.14
348.46
347.62
346.63
345.58
344.55
343.93
343.80
344.21
344.96
345.92
346.83
347.61
348.17
348.55
348.79
348.84
348.71
348.41
348.03
347.59
347.26
347.06
347.03
347.11
347.27
347.45
347.61
347.75
347.86
347.95
348.01
348.05
348.08
348.09
348.10
348.02
347.84
347.56
347.23
346.88
346.51
346.12
345.74
345.38
345.16
345.11
345.22
345.45
345.75
346.08
346.41
346.73
347.02
347.28
347.52
347.76
347.99
348.21
348.40
348.36
348.04
347.44
346.68
345.84
345.20
344.86
344.83
345.04
345.40
345.79
346.15
346.45
346.69
346.88
347.01
347.11
347.17
347.20
347.21
347.16
347.03
346.83
346.60
346.34
346.10
345.86
345.65
345.47
345.32
345.44
345.86
346.59
347.49
348.48
349.09
349.22
348.81
348.06
347.32
346.72
346.38
346.22
346.21
346.27
346.36
346.46
346.56
346.65
346.87
347.23
347.74
348.32
348.92
349.62
350.40
351.24
352.08
352.88
353.21
352.99
352.19
351.04
349.69
348.39
347.24
346.32
345.60
345.06
344.66
344.35
344.12
343.95
343.83
343.79
343.81
343.88
344.00
344.13
344.51
345.16
346.09
347.17
348.29
349.14
349.63
349.73
349.54
349.15
348.61
347.98
347.33
346.70
345.97
345.16
344.26
343.35
342.48
341.85
341.49
341.42
341.57
341.86
342.33
342.97
343.74
344.56
345.37
346.10
346.74
347.25
347.64
347.94
348.13
348.21
348.20
348.13
348.02
347.84
347.59
347.27
346.93
346.58
346.36
346.30
346.40
346.61
346.88
347.21
347.58
347.97
348.35
348.70
348.81
348.62
348.14
347.47
346.71
346.09
345.67
345.51
345.52
345.64
345.81
345.99
346.17
346.34
346.52
346.72
346.92
347.12
347.31
347.56
347.88
348.27
348.68
349.10
349.50
349.85
350.16
350.43
350.64
350.78
350.86
350.86
350.82
350.74
350.60
350.39
350.11
349.80
349.49
349.14
348.75
348.33
347.91
347.52
347.05
346.51
345.89
345.25
344.62
344.26
344.20
344.47
344.96
345.57
346.13
346.56
346.84
346.99
347.04
347.02
346.95
346.85
346.74
346.57
346.33
346.05
345.74
345.43
345.13
344.86
344.63
344.44
344.27
344.23
344.30
344.50
344.77
345.08
345.40
345.71
345.99
346.25
346.47
346.62
346.71
346.73
346.71
346.66
346.75
347.01
347.46
348.02
348.62
348.98
349.04
348.76
348.25
347.61
347.06
346.65
346.43
346.37
346.41
346.52
346.68
346.86
347.05
347.23
347.30
347.22
346.99
346.67
346.20
345.59
344.86
344.09
343.34
342.76
342.41
342.30
342.37
342.56
342.82
343.12
343.43
343.74
344.01
344.42
344.98
345.69
346.48
347.27
347.91
348.37
348.62
348.71
348.68
348.51
348.24
347.87
347.46
347.04
346.82
346.86
347.15
347.62
348.18
348.62
348.87
348.89
348.75
348.50
348.28
348.12
348.05
348.06
348.11
348.20
348.30
348.41
348.52
348.59
348.63
348.62
348.58
348.52
348.37
348.13
347.79
347.40
347.00
346.75
346.68
346.81
347.07
347.41
347.73
348.00
348.18
348.31
348.38
348.32
348.15
347.86
347.50
347.12
346.76
346.46
346.22
346.05
345.92
345.99
346.29
346.80
347.43
348.12
348.71
349.13
349.37
349.46
349.45
349.28
348.98
348.55
348.06
347.56
347.17
346.95
346.90
346.98
347.14
347.35
347.59
347.83
348.07
348.25
348.38
348.45
348.48
348.47
348.31
347.97
347.48
346.89
346.27
345.95
346.01
346.48
347.22
348.09
348.83
349.35
349.58
349.61
349.49
349.25
348.92
348.53
348.12
347.72
347.54
347.61
347.94
348.45
349.05
349.49
349.71
349.66
349.44
349.09
348.74
348.43
348.18
348.00
347.88
347.66
347.33
346.86
346.33
345.78
345.35
345.09
345.00
345.05
345.22
345.47
345.78
346.11
346.45
346.72
346.89
346.97
346.97
346.92
347.02
347.32
347.83
348.46
349.15
349.49
349.40
348.83
347.96
346.92
345.85
344.83
343.91
343.11
342.44
342.02
341.87
341.99
342.29
342.70
342.94
342.96
342.71
342.28
341.75
341.36
341.20
341.28
341.54
341.90
342.30
342.68
343.02
343.31
343.55
343.87
344.31
344.86
345.48
346.09
346.71
347.30
347.86
348.37
348.81
349.18
349.49
349.73
349.91
349.99
349.97
349.85
349.66
349.45
349.16
348.82
348.43
348.03
347.64
347.33
347.12
347.02
347.01
347.05
347.16
347.32
347.52
347.74
347.96
348.12
348.20
348.19
348.12
348.01
348.14
348.58
349.34
350.27
351.29
352.04
352.43
352.42
352.12
351.63
351.07
350.50
349.97
349.49
349.07
348.59
348.02
347.35
346.65
346.02
345.50
345.10
344.82
344.63
344.60
344.72
344.98
345.32
345.70
346.07
346.39
346.64
346.84
346.99
347.09
347.16
347.20
347.22
347.22
347.18
347.10
346.99
346.86
346.72
346.64
346.63
346.69
346.81
346.95
347.00
346.93
346.72
346.43
346.10
345.70
345.25
344.76
344.27
343.80
343.51
343.43
343.56
343.84
344.20
344.63
345.10
345.58
346.05
346.48
346.89
347.28
347.64
347.97
348.25
348.49
348.69
348.84
348.96
348.72
348.09
347.05
345.79
344.43
343.35
342.66
342.40
342.47
342.76
343.11
343.44
343.70
343.90
344.05
344.09
344.04
343.89
343.69
343.46
343.40
343.57
343.98
344.53
345.16
345.78
346.34
346.83
347.23
347.55
347.94
348.41
348.99
349.61
350.22
350.67
350.90
350.91
350.77
350.51
350.28
350.12
350.05
350.06
350.03
349.94
349.78
349.57
349.33
349.10
348.88
348.68
348.50
348.35
348.03
347.53
346.83
346.03
345.20
344.61
344.32
344.37
344.65
345.08
345.70
346.47
347.35
348.28
349.18
349.72
349.83
349.50
348.86
348.04
347.18
346.33
345.56
344.89
344.31
343.89
343.63
343.52
343.52
343.60
343.79
344.06
344.41
344.79
345.18
345.60
346.05
346.52
346.99
347.42
347.68
347.72
347.56
347.25
346.92
346.61
346.36
346.16
346.02
345.81
345.51
345.12
344.67
344.22
343.78
343.38
343.03
342.72
342.47
342.40
342.53
342.86
343.32
343.83
344.49
345.29
346.21
347.17
348.09
348.95
349.71
350.37
350.92
351.36
351.55
351.46
351.10
350.58
349.97
349.52
349.30
349.34
349.56
349.90
350.17
350.31
350.29
350.15
349.94
349.36
348.41
347.07
345.55
344.37
343.70
343.62
343.95
344.57
345.02
345.18
344.96
344.48
343.86
343.35
343.04
342.98
343.10
343.34
343.65
343.99
344.34
344.67
344.98
345.35
345.81
346.35
346.93
347.50
348.22
349.10
350.14
351.23
352.31
352.96
353.12
352.74
352.01
351.07
350.16
349.40
348.85
348.46
348.23
347.94
347.55
347.04
346.47
345.88
345.26
344.62
343.98
343.38
342.82
342.45
342.26
342.28
342.44
342.69
342.99
343.30
343.61
343.91
344.28
344.74
345.29
345.87
346.45
347.01
347.56
348.07
348.53
348.93
349.32
349.72
350.11
350.49
350.84
351.06
351.15
351.10
350.95
350.74
350.44
350.08
349.66
349.23
348.80
348.57
348.56
348.79
349.18
349.66
350.09
350.43
350.64
350.76
350.80
350.78
350.73
350.66
350.57
350.48
350.25
349.88
349.36
348.76
348.33
348.13
348.20
348.44
348.81
349.08
349.18
349.08
348.85
348.53
348.09
347.56
346.94
346.29
345.66
345.13
344.73
344.46
344.30
344.22
344.16
344.08
343.97
343.83
343.70
343.75
344.03
344.54
345.20
345.91
346.36
346.47
346.20
345.68
345.01
344.47
344.12
344.04
344.13
344.36
344.79
345.41
346.19
347.05
347.92
348.62
349.08
349.30
349.33
349.22
348.95
348.53
348.00
347.41
346.93
346.59
346.43
346.40
346.46
346.62
346.84
347.11
347.40
347.69
347.83
347.79
347.56
347.21
346.79
346.45
346.25
346.20
346.26
346.39
346.52
346.61
346.64
346.63
346.58
346.44
346.20
345.86
345.47
345.06
344.98
345.31
346.05
347.05
348.18
349.06
349.60
349.73
349.57
349.21
348.66
347.95
347.14
346.30
345.48
344.95
344.79
345.01
345.48
346.11
346.68
347.10
347.34
347.44
347.46
347.43
347.39
347.34
347.29
347.29
347.36
347.49
347.66
347.86
347.92
347.82
347.55
347.17
346.73
346.41
346.26
346.30
346.47
346.73
346.82
346.67
346.27
345.71
345.06
344.58
344.33
344.35
344.56
344.89
345.39
346.05
346.82
347.65
348.45
349.13
349.64
349.96
350.13
350.19
350.12
349.93
349.64
349.29
348.93
348.38
347.65
346.72
345.71
345.02
344.75
344.95
345.46
346.17
347.01
347.90
348.80
349.65
350.43
350.74
350.51
349.74
348.63
347.33
346.24
345.50
345.16
345.13
345.31
345.64
346.05
346.49
346.94
347.36
347.56
347.49
347.15
346.64
346.03
345.52
345.18
345.04
345.04
345.15
345.27
345.37
345.41
345.43
345.41
345.46
345.59
345.81
346.08
346.37
346.61
346.77
346.84
346.85
346.81
346.73
346.64
346.55
346.45
346.46
346.61
346.89
347.26
347.66
348.23
348.96
349.85
350.80
351.75
352.21
352.09
351.37
350.25
348.92
347.64
346.54
345.69
345.05
344.60
344.34
344.23
344.24
344.35
344.51
344.68
344.82
344.94
345.02
345.08
345.06
344.96
344.79
344.57
344.34
344.18
344.13
344.19
344.33
344.52
344.65
344.69
344.63
344.50
344.33
344.14
343.95
343.76
343.59
343.49
343.47
343.55
343.67
343.83
344.46
345.61
347.30
349.26
351.32
352.82
353.61
353.59
353.01
352.07
351.04
350.04
349.18
348.46
347.88
347.42
347.08
346.84
346.68
346.58
346.59
346.70
346.89
347.15
347.42
347.67
347.88
348.03
348.14
348.20
348.24
348.25
348.24
348.23
348.20
348.15
348.06
347.95
347.81
347.68
347.44
347.09
346.62
346.10
345.57
345.15
344.85
344.71
344.67
344.85
345.24
345.82
346.51
347.23
347.77
348.09
348.14
348.01
347.76
347.54
347.42
347.41
347.49
347.63
347.67
347.56
347.30
346.94
346.53
346.13
345.78
345.49
345.27
345.09
344.91
344.71
344.48
344.23
344.00
343.94
344.09
344.46
344.96
345.52
345.95
346.16
346.15
345.97
345.69
345.45
345.31
345.31
345.40
345.54
345.75
346.00
346.29
346.58
346.86
347.11
347.34
347.53
347.70
347.91
348.18
348.52
348.89
349.26
349.49
349.52
349.36
349.06
348.69
348.40
348.22
348.19
348.27
348.42
348.47
348.39
348.15
347.82
347.43
347.14
346.98
346.97
347.08
347.26
347.37
347.37
347.25
347.04
346.79
346.46
346.07
345.64
345.19
344.76
344.53
344.52
344.76
345.15
345.63
346.06
346.41
346.63
346.75
346.79
346.94
347.23
347.69
348.25
348.86
349.50
350.14
350.73
351.27
351.64
351.81
351.77
351.60
351.34
350.96
350.46
349.87
349.26
348.65
348.08
347.57
347.13
346.76
346.46
346.44
346.73
347.31
348.08
348.93
349.59
349.97
350.02
349.84
349.51
349.06
348.55
347.99
347.45
346.93
346.52
346.24
346.07
346.01
346.02
346.00
345.91
345.75
345.55
345.32
345.25
345.38
345.71
346.18
346.57
346.83
346.92
346.87
346.74
346.66
346.68
346.82
347.03
347.28
347.53
347.73
347.90
348.01
348.10
348.23
348.43
348.71
349.02
349.35
349.67
349.96
350.23
350.45
350.64
350.68
350.57
350.30
349.93
349.52
349.18
348.94
348.83
348.82
348.87
348.86
348.75
348.53
348.24
347.92
347.43
346.77
345.95
345.05
344.15
343.33
342.61
342.03
341.56
341.20
341.18
341.52
342.21
343.11
344.05
344.95
345.75
346.42
346.98
347.24
347.18
346.81
346.24
345.56
344.84
344.13
343.46
342.87
342.35
341.94
341.64
341.45
341.35
341.31
341.64
342.38
343.51
344.87
346.30
347.59
348.63
349.38
349.89
350.20
350.27
350.13
349.81
349.39
348.91
348.57
348.45
348.54
348.80
349.15
349.36
349.37
349.14
348.76
348.29
347.79
347.28
346.81
346.38
345.90
345.35
344.74
344.11
343.50
342.75
341.86
340.81
339.71
338.63
337.82
337.32
337.17
337.27
337.54
338.13
339.01
340.17
341.45
342.75
344.02
345.22
346.32
347.28
348.10
348.62
348.81
348.69
348.36
347.89
347.52
347.30
347.30
347.44
347.68
347.94
348.20
348.42
348.60
348.75
348.74
348.54
348.16
347.67
347.13
346.78
346.66
346.81
347.13
347.57
347.95
348.22
348.35
348.36
348.30
348.19
348.04
347.89
347.73
347.42
346.94
346.29
345.55
344.79
344.42
344.55
345.19
346.17
347.33
348.23
348.74
348.79
348.52
348.03
347.66
347.51
347.65
347.98
348.42
348.85
349.19
349.42
349.56
349.63
349.59
349.45
349.22
348.94
348.64
348.05
347.14
345.91
344.51
343.08
341.75
340.59
339.64
338.89
338.31
337.84
337.43
337.08
336.77
336.75
337.06
337.70
338.54
339.47
340.58
341.84
343.20
344.58
345.89
346.97
347.78
348.31
348.61
348.74
348.89
349.14
349.52
349.97
350.45
350.79
350.94
350.89
350.71
350.43
350.00
349.43
348.74
348.00
347.27
346.48
345.63
344.74
343.85
343.03
342.40
341.99
341.81
341.80
341.91
342.29
342.92
343.80
344.80
345.83
346.70
347.33
347.71
347.88
347.90
347.92
347.99
348.15
348.36
348.54
348.66
348.71
348.71
348.67
348.61
348.53
348.45
348.37
348.29
348.14
347.91
347.59
347.23
346.86
346.68
346.75
347.08
347.57
348.16
348.72
349.20
349.59
349.88
350.09
350.18
350.15
350.02
349.82
349.58
349.22
348.74
348.16
347.52
346.89
346.35
345.92
345.62
345.44
345.34
345.27
345.23
345.19
345.15
345.11
345.16
345.30
345.55
345.85
346.13
346.34
346.47
346.54
346.55
346.48
346.33
346.09
345.82
345.53
345.27
345.06
344.91
344.81
344.75
344.67
344.55
344.38
344.19
343.99
343.96
344.13
344.51
345.01
345.58
346.02
346.30
346.36
346.29
346.11
345.98
345.94
346.03
346.19
346.40
346.50
346.45
346.23
345.91
345.52
345.22
345.06
345.04
345.14
345.31
345.62
346.07
346.66
347.30
347.94
348.53
349.04
349.44
349.76
349.99
350.15
350.26
350.32
350.35
350.08
349.49
348.56
347.46
346.29
345.32
344.63
344.28
344.18
344.26
344.51
344.90
345.40
345.94
346.48
347.02
347.54
348.04
348.50
348.90
349.10
349.09
348.87
348.50
348.06
347.77
347.71
347.89
348.23
348.68
348.85
348.65
348.05
347.20
346.22
345.36
344.71
344.33
344.15
344.12
344.17
344.27
344.38
344.48
344.37
344.01
343.38
342.60
341.75
340.85
339.93
339.02
338.17
337.41
337.33
338.03
339.54
341.53
343.75
345.69
347.18
348.10
348.59
348.73
348.69
348.54
348.36
348.15
347.95
347.73
347.50
347.25
347.01
346.79
346.52
346.17
345.77
345.33
344.90
344.50
344.14
343.82
343.56
343.34
343.20
343.13
343.13
343.17
343.25
343.26
343.19
343.02
342.80
342.54
342.47
342.62
343.01
343.56
344.31
345.23
346.29
347.40
348.47
349.46
350.35
351.11
351.75
352.26
352.52
352.53
352.30
351.91
351.42
350.90
350.38
349.88
349.44
349.05
348.48
347.69
346.68
345.56
344.42
343.47
342.76
342.33
342.12
342.07
342.22
342.54
343.01
343.54
344.10
344.73
345.41
346.14
346.85
347.52
348.15
348.73
349.25
349.72
350.11
350.24
350.10
349.67
349.07
348.43
347.82
347.30
346.87
346.52
346.14
345.70
345.20
344.68
344.17
343.56
342.85
342.04
341.20
340.39
339.75
339.31
339.10
339.05
339.12
339.37
339.80
340.38
341.03
341.70
342.32
342.85
343.29
343.63
343.90
344.14
344.38
344.64
344.89
345.13
345.34
345.52
345.68
345.80
345.90
345.87
345.69
345.37
344.97
344.52
344.19
343.99
343.96
344.05
344.22
344.46
344.75
345.07
345.40
345.88
346.51
347.30
348.16
349.02
349.68
350.08
350.19
350.10
349.87
349.23
348.19
346.75
345.12
343.43
341.80
340.29
338.95
337.80
336.84
336.34
336.32
336.77
337.52
338.45
339.48
340.53
341.56
342.52
343.38
344.21
345.00
345.77
346.48
347.11
347.63
348.03
348.30
348.48
348.58
348.48
348.19
347.71
347.12
346.48
345.80
345.09
344.38
343.69
343.13
342.69
342.41
342.24
342.16
342.26
342.53
342.95
343.47
344.02
344.67
345.41
346.23
347.06
347.85
348.49
348.96
349.23
349.36
349.37
349.15
348.69
348.01
347.22
346.38
345.77
345.47
345.49
345.75
346.16
346.55
346.84
347.00
347.06
347.05
346.93
346.71
346.42
346.08
345.74
345.45
345.26
345.16
345.14
345.17
345.31
345.57
345.94
346.36
346.79
347.21
347.61
347.96
348.26
348.32
348.12
347.65
347.02
346.31
345.59
344.88
344.24
343.67
343.18
342.82
342.61
342.54
342.56
342.66
342.90
343.30
343.82
344.41
345.02
345.60
346.14
346.62
347.02
347.36
347.53
347.51
347.30
346.99
346.60
346.41
346.47
346.80
347.32
347.92
348.41
348.70
348.76
348.65
348.44
348.26
348.18
348.22
348.34
348.52
348.58
348.51
348.27
347.92
347.52
347.03
346.46
345.82
345.16
344.54
343.96
343.45
343.02
342.66
342.46
342.41
342.51
342.72
342.98
343.33
343.74
344.21
344.68
345.14
345.40
345.42
345.21
344.83
344.36
343.80
343.17
342.51
341.86
341.26
340.98
341.07
341.57
342.31
343.19
344.09
344.94
345.70
346.36
346.91
347.32
347.61
347.78
347.85
347.86
347.85
347.83
347.83
347.84
347.85
347.71
347.39
346.87
346.25
345.72
345.35
345.18
345.16
345.24
345.42
345.67
345.97
346.29
346.60
346.84
346.99
347.05
347.03
346.96
346.99
347.17
347.49
347.91
348.36
348.72
348.93
348.97
348.90
348.74
348.43
347.98
347.40
346.75
346.10
345.56
345.16
344.93
344.82
344.81
344.89
345.05
345.26
345.51
345.76
345.94
346.05
346.07
346.03
345.94
345.81
345.63
345.41
345.19
344.97
344.79
344.66
344.59
344.56
344.72
345.09
345.67
346.36
347.09
347.78
348.40
348.92
349.34
349.67
349.84
349.85
349.70
349.45
349.15
348.71
348.16
347.49
346.78
346.09
345.57
345.26
345.20
345.30
345.52
345.73
345.87
345.92
345.91
345.86
345.93
346.18
346.60
347.14
347.72
348.28
348.77
349.18
349.52
349.78
350.08
350.44
350.89
351.37
351.85
351.95
351.61
350.80
349.71
348.57
347.48
346.53
345.73
345.08
344.69
344.59
344.75
345.09
345.54
346.04
346.55
347.03
347.48
347.87
348.16
348.32
348.36
348.32
348.22
348.14
348.10
348.12
348.18
348.27
348.29
348.22
348.06
347.83
347.57
347.20
346.72
346.13
345.49
344.86
344.34
343.98
343.78
343.70
343.72
343.71
343.66
343.54
343.37
343.18
343.22
343.54
344.17
344.98
345.86
346.68
347.36
347.87
348.24
348.27
347.95
347.31
346.47
345.53
344.77
344.26
344.04
344.05
344.22
344.56
345.05
345.66
346.32
346.98
347.42
347.58
347.45
347.12
346.67
346.42
346.47
346.85
347.45
348.16
348.79
349.25
349.51
349.61
349.59
349.52
349.43
349.35
349.27
349.20
349.19
349.26
349.40
349.58
349.78
349.83
349.69
349.34
348.86
348.32
347.84
347.47
347.25
347.13
347.01
346.86
346.66
346.42
346.19
346.06
346.08
346.25
346.51
346.83
346.96
346.83
346.43
345.86
345.21
344.71
344.44
344.44
344.63
344.95
345.17
345.24
345.11
344.86
344.53
344.21
343.95
343.78
343.66
343.60
343.74
344.09
344.65
345.33
346.06
346.86
347.71
348.58
349.44
350.22
350.90
351.44
351.85
352.15
352.35
352.28
351.94
351.33
350.56
349.73
349.05
348.60
348.41
348.42
348.35
348.12
347.69
347.13
346.52
346.20
346.24
346.69
347.39
348.24
348.74
348.77
348.27
347.42
346.38
345.44
344.72
344.28
344.07
344.02
344.09
344.25
344.45
344.67
344.90
345.12
345.32
345.49
345.65
345.77
345.84
345.86
345.83
345.76
345.68
345.52
345.31
345.04
344.74
344.43
344.25
344.22
344.34
344.57
344.86
345.23
345.67
346.15
346.64
347.11
347.51
347.84
348.07
348.23
348.44
348.72
349.09
349.51
349.94
350.16
350.13
349.84
349.37
348.81
348.27
347.80
347.42
347.14
346.93
346.60
346.11
345.44
344.68
343.90
343.35
343.12
343.21
343.53
343.99
344.37
344.59
344.61
344.48
344.26
344.09
344.02
344.07
344.22
344.41
344.55
344.61
344.56
344.45
344.29
344.40
344.85
345.65
346.66
347.76
348.67
349.32
349.65
349.74
349.49
348.95
348.14
347.20
346.20
345.41
344.90
344.71
344.76
344.96
345.37
345.96
346.70
347.49
348.30
349.08
349.83
350.52
351.14
351.67
351.90
351.80
351.37
350.72
349.97
349.30
348.81
348.53
348.41
348.41
348.36
348.21
347.94
347.59
347.21
346.93
346.79
346.81
346.94
347.14
347.30
347.39
347.37
347.29
347.16
347.19
347.44
347.90
348.50
349.16
349.75
350.22
350.53
350.72
350.74
350.59
350.29
349.91
349.49
349.11
348.81
348.61
348.50
348.44
348.46
348.54
348.67
348.84
349.02
349.14
349.19
349.17
349.09
348.97
348.78
348.53
348.22
347.88
347.55
347.23
346.94
346.68
346.47
346.30
346.05
345.72
345.28
344.80
344.32
344.09
344.19
344.61
345.26
346.01
346.70
347.26
347.63
347.86
347.97
347.97
347.88
347.72
347.51
347.37
347.31
347.36
347.49
347.65
347.82
347.95
348.05
348.12
348.16
348.21
348.27
348.35
348.44
348.54
348.73
349.05
349.48
349.97
350.47
350.67
350.49
349.91
349.08
348.12
347.34
346.82
346.63
346.68
346.89
347.28
347.82
348.48
349.18
349.87
350.48
350.95
351.29
351.51
351.64
351.53
351.19
350.62
349.92
349.16
348.65
348.46
348.62
349.02
349.57
350.06
350.41
350.58
350.61
350.69
350.85
351.13
351.48
351.86
351.95
351.68
351.02
350.14
349.13
348.24
347.53
347.06
346.78
346.65
346.63
346.69
346.80
346.94
347.10
347.26
347.41
347.54
347.66
347.77
347.80
347.75
347.62
347.45
347.25
347.09
347.01
347.00
347.05
347.13
347.24
347.35
347.47
347.58
347.68
347.68
347.58
347.38
347.10
346.80
346.41
345.94
345.40
344.85
344.43
344.22
344.21
344.36
344.60
345.04
345.64
346.41
347.25
348.09
348.86
349.52
350.07
350.51
350.84
350.94
350.82
350.48
350.00
349.45
348.93
348.49
348.16
347.92
347.75
347.62
347.51
347.41
347.31
347.23
347.26
347.44
347.75
348.14
348.57
348.86
348.98
348.91
348.70
348.41
347.92
347.23
346.36
345.41
344.46
343.71
343.23
343.04
343.07
343.24
343.62
344.17
344.87
345.63
346.27
346.71
346.93
346.98
346.91
346.89
346.98
347.20
347.51
347.85
348.35
348.98
349.75
350.56
351.37
351.84
351.90
351.51
350.84
350.01
349.08
348.11
347.16
346.27
345.48
344.89
344.54
344.43
344.48
344.66
344.91
345.19
345.49
345.78
346.05
346.23
346.32
346.31
346.24
346.12
346.24
346.67
347.41
348.33
349.34
350.13
350.62
350.78
350.68
350.55
350.47
350.50
350.60
350.74
350.78
350.66
350.39
350.02
349.60
349.16
348.74
348.35
348.01
347.71
347.55
347.52
347.64
347.85
348.11
348.36
348.59
348.77
348.91
349.01
349.08
349.13
349.15
349.16
349.16
349.07
348.88
348.60
348.26
347.90
347.52
347.13
346.75
346.39
346.06
345.88
345.86
346.02
346.29
346.63
346.93
347.18
347.34
347.44
347.48
347.70
348.14
348.81
349.61
350.41
351.13
351.74
352.23
352.62
352.80
352.78
352.57
352.22
351.81
351.18
350.35
349.32
348.20
347.09
346.06
345.17
344.43
343.83
343.37
342.99
342.69
342.45
342.25
342.10
342.12
342.33
342.73
343.23
343.79
344.40
345.05
345.72
346.36
346.95
347.48
347.93
348.30
348.60
348.83
349.00
349.12
349.19
349.24
349.26
349.39
349.66
350.08
350.59
351.15
351.74
352.33
352.88
353.38
353.55
353.35
352.76
351.93
350.98
349.91
348.79
347.63
346.52
345.50
344.76
344.33
344.23
344.36
344.64
344.86
344.94
344.84
344.62
344.32
344.07
343.91
343.85
343.87
343.94
344.24
344.77
345.52
346.40
347.32
348.05
348.53
348.73
348.73
348.58
348.42
348.30
348.25
348.25
348.30
348.18
347.86
347.32
346.66
345.95
345.40
345.07
345.00
345.11
345.37
345.73
346.16
346.61
347.05
347.34
347.42
347.30
347.04
346.69
346.47
346.42
346.57
346.87
347.24
347.54
347.72
347.76
347.69
347.55
347.61
347.93
348.53
349.30
350.14
350.80
351.21
351.32
351.23
350.99
350.63
350.20
349.73
349.25
348.80
348.36
347.94
347.54
347.17
346.86
346.48
346.03
345.50
344.95
344.40
343.96
343.68
343.54
343.53
343.87
344.56
345.61
346.84
348.15
349.24
350.03
350.48
350.66
350.64
350.44
350.08
349.62
349.10
348.57
348.16
347.93
347.87
347.95
348.11
348.00
347.55
346.73
345.69
344.54
343.69
343.22
343.21
343.50
344.01
344.65
345.38
346.13
346.87
347.55
348.06
348.35
348.43
348.36
348.18
348.05
348.01
348.08
348.24
348.44
348.53
348.48
348.25
347.92
347.53
347.10
346.64
346.18
345.74
345.60
345.83
346.42
347.24
348.17
348.85
349.15
349.04
348.64
348.05
347.70
347.67
348.05
348.69
349.47
349.97
350.06
349.70
349.03
348.19
347.32
346.51
345.81
345.22
344.74
344.31
343.91
343.53
343.18
342.88
342.85
343.15
343.78
344.61
345.53
346.39
347.12
347.67
348.08
348.36
348.35
348.05
347.46
346.70
345.86
345.17
344.71
344.51
344.50
344.73
345.18
345.80
346.52
347.26
347.87
348.31
348.54
348.62
348.60
348.46
348.25
347.98
347.69
347.39
347.17
347.02
346.98
347.00
347.07
346.95
346.60
346.01
345.27
344.47
343.97
343.84
344.14
344.71
345.45
346.21
346.92
347.53
348.03
348.44
348.86
349.32
349.84
350.38
350.89
351.26
351.45
351.45
351.32
351.11
350.92
350.81
350.80
350.85
350.95
350.97
350.88
350.66
350.36
349.90
349.27
348.49
347.66
346.82
346.27
346.07
346.25
346.68
347.27
347.82
348.28
348.58
348.76
348.85
349.02
349.33
349.80
350.35
350.93
351.34
351.53
351.48
351.25
350.92
350.42
349.79
349.03
348.23
347.45
346.77
346.22
345.83
345.56
345.40
345.29
345.21
345.14
345.09
345.05
344.93
344.74
344.45
344.12
343.78
343.66
343.80
344.24
344.85
345.55
346.28
346.99
347.65
348.24
348.67
348.92
348.99
348.93
348.79
348.73
348.79
349.01
349.32
349.68
349.90
349.92
349.73
349.40
348.98
348.56
348.16
347.82
347.54
347.32
347.12
346.93
346.75
346.58
346.43
346.44
346.62
346.98
347.45
347.97
348.41
348.74
348.93
349.02
349.02
348.86
348.55
348.08
347.54
346.97
346.30
345.55
344.73
343.90
343.11
342.69
342.68
343.13
343.86
344.73
345.63
346.50
347.29
347.99
348.43
348.58
348.44
348.11
347.65
347.22
346.86
346.62
346.47
346.40
346.24
345.97
345.57
345.10
344.60
344.30
344.25
344.47
344.86
345.36
345.85
346.28
346.62
346.88
347.07
347.38
347.86
348.53
349.29
350.07
350.72
351.20
351.46
351.57
351.56
351.42
351.17
350.82
350.42
350.02
349.41
348.59
347.55
346.43
345.59
345.14
345.14
345.45
345.97
346.63
347.36
348.12
348.86
349.55
350.06
350.36
350.44
350.37
350.19
349.79
349.17
348.35
347.44
346.51
345.65
344.89
344.25
343.74
343.34
343.07
342.92
342.87
342.89
342.97
343.21
343.63
344.20
344.86
345.55
346.24
346.91
347.54
348.12
348.63
349.27
350.08
351.07
352.13
353.19
353.90
354.17
353.98
353.47
352.77
352.05
351.40
350.86
350.44
350.07
349.73
349.39
349.09
348.81
348.50
348.13
347.70
347.26
346.83
346.62
346.66
346.98
347.47
348.05
348.57
348.95
349.17
349.26
349.26
349.05
348.65
348.07
347.39
346.68
345.88
345.00
344.07
343.14
342.27
341.51
340.89
340.40
340.04
339.78
339.78
340.02
340.52
341.15
341.86
342.66
343.51
344.41
345.28
346.09
346.79
347.35
347.78
348.10
348.37
348.61
348.86
349.10
349.31
349.39
349.32
349.09
348.76
348.39
348.05
347.79
347.61
347.51
347.46
347.41
347.32
347.19
347.03
346.87
346.70
346.55
346.42
346.30
346.20
346.20
346.31
346.53
346.82
347.14
347.22
347.01
346.49
345.78
344.97
344.11
343.25
342.42
341.65
340.98
340.64
340.67
341.09
341.75
342.55
343.42
344.32
345.20
346.02
346.76
347.42
348.01
348.52
348.97
349.33
349.62
349.85
350.01
350.13
350.07
349.82
349.39
348.86
348.28
347.72
347.22
346.81
346.48
346.22
346.00
345.81
345.63
345.47
345.33
345.22
345.13
345.06
345.00
344.97
344.81
344.51
344.06
343.52
342.96
342.52
342.23
342.12
342.15
342.27
342.55
342.98
343.56
344.20
344.85
345.31
345.54
345.51
345.30
344.98
344.84
344.94
345.34
345.93
346.44
346.81
346.97
346.98
346.88
346.71
346.49
346.27
346.04
345.82
345.74
345.80
346.01
346.32
346.68
347.00
347.25
347.42
347.51
347.55
347.49
347.35
347.12
346.84
346.56
346.43
346.51
346.80
347.23
347.73
348.23
348.69
349.08
349.41
349.66
349.76
349.67
349.42
349.06
348.64
348.24
347.87
347.57
347.33
347.14
347.06
347.07
347.19
347.37
347.58
347.64
347.52
347.19
346.74
346.25
345.77
345.34
344.97
344.65
344.56
344.71
345.09
345.62
346.23
346.59
346.62
346.29
345.72
345.02
344.63
344.67
345.20
346.04
347.06
348.14
349.21
350.22
351.12
351.91
352.39
352.53
352.34
351.91
351.35
350.57
349.59
348.44
347.24
346.06
345.05
344.24
343.66
343.28
343.04
342.96
342.99
343.13
343.32
343.54
343.81
344.09
344.40
344.70
345.03
345.39
345.79
346.18
346.56
346.90
347.19
347.44
347.65
347.81
347.88
347.86
347.74
347.57
347.36
347.17
347.02
346.90
346.83
346.79
346.83
346.94
347.13
347.36
347.61
347.81
347.93
347.97
347.94
347.87
347.80
347.75
347.73
347.73
347.74
347.69
347.54
347.31
347.02
346.71
346.42
346.19
346.02
345.89
345.81
345.71
345.58
345.40
345.20
345.08
345.05
345.14
345.30
345.50
345.83
346.29
346.86
347.48
348.10
348.58
348.89
349.01
348.98
348.86
348.78
348.79
348.91
349.11
349.35
349.29
348.85
348.02
346.96
345.79
344.66
343.64
342.79
342.10
341.55
341.25
341.18
341.34
341.65
342.04
342.47
342.91
343.33
343.72
344.05
344.18
344.07
343.72
343.23
342.66
342.30
342.23
342.50
342.97
343.58
344.29
345.07
345.88
346.66
347.34
347.88
348.26
348.51
348.66
348.63
348.41
348.02
347.53
347.00
346.71
346.72
347.06
347.62
348.30
348.84
349.16
349.22
349.08
348.82
348.36
347.71
346.89
346.00
345.12
344.33
343.68
343.18
342.83
342.59
342.55
342.71
343.05
343.50
344.00
344.56
345.17
345.80
346.41
346.98
347.51
348.01
348.46
348.86
349.20
349.29
349.12
348.67
348.05
347.42
346.87
346.44
346.11
345.87
345.66
345.45
345.23
345.00
344.79
344.58
344.35
344.13
343.91
343.70
343.55
343.45
343.41
343.42
343.45
343.48
343.49
343.46
343.42
343.37
343.51
343.85
344.42
345.12
345.87
346.56
347.15
347.61
347.95
348.19
348.30
348.28
348.14
347.93
347.68
347.44
347.24
347.08
346.97
346.89
346.84
346.82
346.81
346.81
346.83
346.68
346.36
345.85
345.23
344.73
344.42
344.34
344.43
344.63
344.79
344.86
344.81
344.67
344.49
344.39
344.41
344.56
344.79
345.07
345.38
345.67
345.95
346.21
346.42
346.69
347.01
347.40
347.81
348.21
348.43
348.43
348.19
347.80
347.32
346.81
346.30
345.82
345.39
345.01
344.96
345.27
345.96
346.87
347.89
348.71
349.26
349.46
349.42
349.21
349.00
348.85
348.81
348.84
348.90
348.96
349.00
349.03
349.05
348.93
348.65
348.20
347.66
347.09
346.61
346.25
346.03
345.94
345.93
345.90
345.81
345.66
345.46
345.24
345.11
345.07
345.15
345.30
345.50
345.69
345.86
345.98
346.07
346.13
346.29
346.59
347.04
347.57
348.12
348.55
348.83
348.92
348.88
348.76
348.55
348.28
347.97
347.65
347.33
346.85
346.19
345.34
344.41
343.47
342.57
341.75
341.02
340.41
340.14
340.26
340.75
341.48
342.35
343.09
343.64
343.93
344.03
344.00
344.13
344.51
345.18
346.01
346.92
347.66
348.17
348.42
348.46
348.36
348.00
347.40
346.59
345.66