179.51
179.59
179.55
179.39
179.15
178.86
178.56
178.27
178.00
177.75
177.54
177.36
177.22
177.11
177.02
176.96
176.81
176.56
176.19
175.76
175.37
175.05
174.82
174.67
174.58
174.65
174.87
175.25
175.72
176.22
176.67
177.03
177.28
177.44
177.52
177.53
177.47
177.35
177.19
177.01
176.97
177.09
177.38
177.78
178.23
178.56
178.72
178.69
178.52
178.27
178.08
178.00
178.04
178.18
178.38
178.52
178.58
178.53
178.42
178.27
178.12
177.99
177.91
177.85
177.82
177.86
177.98
178.17
178.40
178.65
178.86
179.04
179.16
179.23
179.27
179.29
179.28
179.26
179.24
179.12
178.92
178.62
178.27
177.90
177.54
177.21
176.91
176.65
176.44
176.29
176.21
176.20
176.23
176.30
176.46
176.72
177.08
177.49
177.91
178.26
178.52
178.68
178.75
178.76
178.70
178.58
178.41
178.22
178.02
177.93
177.98
178.17
178.46
178.80
179.07
179.25
179.30
179.27
179.18
179.08
179.00
178.94
178.90
178.87
178.81
178.70
178.53
178.33
178.20
178.16
178.23
178.38
178.57
178.78
178.99
179.19
179.38
179.54
179.60
179.54
179.36
179.11
178.83
178.53
178.24
177.97
177.72
177.52
177.45
177.54
177.79
178.13
178.53
178.86
179.08
179.18
179.19
179.13
179.11
179.15
179.29
179.47
179.68
179.87
180.02
180.13
180.20
180.24
180.20
180.08
179.88
179.65
179.39
179.11
178.82
178.51
178.22
177.95
177.79
177.75
177.85
178.03
178.24
178.44
178.61
178.75
178.86
178.84
178.67
178.36
177.96
177.52
177.13
176.83
176.62
176.50
176.44
176.40
176.37
176.32
176.27
176.22
176.23
176.31
176.45
176.63
176.83
177.11
177.48
177.93
178.40
178.87
179.24
179.47
179.55
179.53
179.43
179.31
179.19
179.10
179.04
178.99
178.98
179.01
179.09
179.20
179.31
179.29
179.12
178.78
178.34
177.85
177.41
177.05
176.80
176.63
176.53
176.54
176.66
176.86
177.12
177.42
177.76
178.12
178.47
178.80
179.07
179.26
179.39
179.45
179.48
179.52
179.60
179.74
179.90
180.07
180.13
180.06
179.85
179.55
179.20
178.89
178.66
178.51
178.43
178.41
178.45
178.55
178.70
178.87
179.05
179.20
179.31
179.37
179.39
179.39
179.25
178.99
178.59
178.12
177.62
177.26
177.10
177.13
177.31
177.58
177.71
177.64
177.35
176.91
176.39
176.09
176.07
176.38
176.89
177.39
177.79
178.02
178.13
178.15
178.15
178.18
178.23
178.32
178.41
178.56
178.77
179.04
179.33
179.62
179.71
179.57
179.17
178.61
177.97
177.42
177.01
176.78
176.68
176.68
176.78
176.95
177.18
177.44
177.71
177.86
177.86
177.71
177.46
177.15
176.96
176.92
177.05
177.30
177.62
177.84
177.91
177.80
177.58
177.28
176.95
176.62
176.30
176.00
175.74
175.68
175.84
176.23
176.76
177.25
177.63
177.86
177.98
178.01
177.98
177.91
177.80
177.69
177.57
177.46
177.36
177.27
177.19
177.12
177.12
177.20
177.35
177.54
177.75
177.91
178.01
178.02
177.97
177.89
177.89
178.00
178.24
178.55
178.91
179.18
179.36
179.40
179.36
179.26
179.12
178.96
178.80
178.65
178.50
178.29
178.01
177.65
177.26
176.86
176.59
176.48
176.53
176.70
176.95
177.20
177.43
177.63
177.78
177.90
177.99
178.06
178.10
178.12
178.16
178.22
178.30
178.39
178.49
178.62
178.76
178.93
179.11
179.28
179.36
179.33
179.18
178.96
178.70
178.43
178.16
177.91
177.69
177.50
177.36
177.29
177.27
177.30
177.36
177.43
177.52
177.60
177.68
177.75
177.76
177.70
177.57
177.39
177.20
176.99
176.80
176.62
176.46
176.32
176.32
176.46
176.74
177.12
177.54
177.96
178.37
178.74
179.07
179.35
179.52
179.59
179.56
179.45
179.27
179.03
178.76
178.48
178.20
177.96
177.79
177.68
177.62
177.60
177.66
177.80
178.01
178.27
178.54
178.70
178.73
178.60
178.37
178.08
177.79
177.54
177.33
177.17
177.04
176.98
176.98
177.03
177.12
177.23
177.27
177.21
177.06
176.84
176.58
176.40
176.32
176.35
176.46
176.62
176.86
177.17
177.54
177.93
178.31
178.64
178.91
179.10
179.23
179.31
179.21
178.93
178.47
177.91
177.50
177.30
177.36
177.60
177.94
178.22
178.36
178.33
178.18
177.97
177.76
177.61
177.52
177.48
177.48
177.54
177.64
177.79
177.95
178.13
178.29
178.45
178.59
178.71
178.81
178.81
178.70
178.47
178.19
177.87
177.57
177.32
177.13
176.99
176.89
176.85
176.87
176.95
177.06
177.18
177.21
177.11
176.87
176.55
176.19
175.82
175.47
175.14
174.85
174.60
174.53
174.65
174.96
175.40
175.85
176.25
176.57
176.82
177.00
177.16
177.30
177.43
177.56
177.67
177.77
177.85
177.91
177.96
178.00
178.00
177.96
177.88
177.77
177.66
177.57
177.52
177.51
177.53
177.57
177.64
177.76
177.90
178.06
178.23
178.30
178.27
178.13
177.91
177.66
177.45
177.30
177.24
177.23
177.27
177.31
177.33
177.33
177.31
177.28
177.19
177.04
176.82
176.58
176.32
176.12
176.00
175.97
176.00
176.08
176.18
176.30
176.42
176.53
176.75
177.07
177.50
178.00
178.50
178.86
179.02
178.97
178.78
178.50
178.19
177.90
177.65
177.44
177.27
177.21
177.28
177.48
177.75
178.06
178.33
178.52
178.63
178.68
178.67
178.58
178.40
178.15
177.86
177.55
177.26
176.98
176.74
176.53
176.35
176.24
176.18
176.19
176.24
176.31
176.48
176.75
177.11
177.51
177.93
178.20
178.29
178.17
177.92
177.59
177.32
177.18
177.17
177.26
177.37
177.45
177.48
177.48
177.45
177.38
177.27
177.13
176.96
176.80
176.61
176.41
176.19
175.98
175.77
175.75
175.93
176.33
176.86
177.45
178.03
178.56
179.00
179.36
179.65
179.80
179.79
179.63
179.38
179.08
178.81
178.60
178.48
178.42
178.41
178.38
178.32
178.20
178.05
177.89
177.81
177.84
177.97
178.17
178.40
178.68
178.99
179.31
179.63
179.92
180.13
180.25
180.26
180.20
180.10
179.96
179.82
179.68
179.54
179.39
179.22
179.04
178.85
178.68
178.49
178.30
178.09
177.89
177.70
177.47
177.21
176.91
176.60
176.29
176.11
176.09
176.23
176.48
176.78
177.12
177.45
177.77
178.06
178.31
178.44
178.45
178.32
178.10
177.84
177.59
177.36
177.19
177.05
176.96
176.86
176.77
176.66
176.55
176.44
176.37
176.34
176.35
176.40
176.46
176.61
176.86
177.20
177.59
177.99
178.30
178.49
178.54
178.49
178.35
178.14
177.88
177.60
177.31
177.10
176.97
176.93
176.96
177.04
177.15
177.27
177.39
177.51
177.62
177.66
177.63
177.52
177.36
177.18
177.07
177.05
177.15
177.31
177.52
177.71
177.88
178.00
178.09
178.14
178.12
178.02
177.84
177.62
177.37
177.18
177.07
177.03
177.06
177.13
177.26
177.42
177.62
177.84
178.05
178.22
178.34
178.41
178.44
178.43
178.38
178.28
178.14
177.99
177.88
177.83
177.87
177.95
178.06
178.27
178.58
178.98
179.42
179.86
180.26
180.60
180.85
181.04
181.17
181.14
180.96
180.61
180.18
179.71
179.21
178.70
178.19
177.72
177.30
176.99
176.80
176.73
176.75
176.83
176.92
177.00
177.06
177.10
177.12
177.10
177.04
176.94
176.83
176.70
176.60
176.54
176.52
176.53
176.57
176.61
176.67
176.72
176.78
176.82
176.84
176.82
176.77
176.68
176.67
176.75
176.92
177.15
177.41
177.60
177.69
177.66
177.55
177.39
177.23
177.09
176.99
176.92
176.88
176.77
176.59
176.32
176.01
175.69
175.45
175.33
175.33
175.42
175.57
175.78
176.03
176.31
176.59
176.87
177.07
177.18
177.20
177.14
177.04
176.97
176.95
176.99
177.07
177.18
177.27
177.34
177.36
177.36
177.34
177.31
177.27
177.23
177.19
177.15
177.11
177.08
177.06
177.03
177.07
177.17
177.34
177.55
177.77
177.99
178.20
178.39
178.56
178.70
178.78
178.82
178.80
178.74
178.66
178.43
178.05
177.52
176.90
176.26
175.79
175.56
175.58
175.78
176.09
176.49
176.94
177.42
177.90
178.34
178.61
178.67
178.52
178.22
177.84
177.48
177.17
176.95
176.79
176.69
176.70
176.79
176.98
177.22
177.48
177.77
178.08
178.40
178.71
179.00
179.17
179.22
179.13
178.96
178.73
178.53
178.39
178.33
178.32
178.40
178.57
178.82
179.11
179.41
179.58
179.57
179.37
179.06
178.67
178.36
178.18
178.15
178.23
178.38
178.52
178.61
178.65
178.64
178.60
178.53
178.46
178.39
178.32
178.25
178.19
178.13
178.09
178.05
178.03
177.98
177.91
177.81
177.69
177.58
177.52
177.53
177.62
177.75
177.91
178.11
178.34
178.58
178.83
179.07
179.21
179.22
179.12
178.93
178.69
178.49
178.35
178.29
178.28
178.34
178.46
178.62
178.81
179.01
179.15
179.21
179.19
179.11
178.99
178.91
178.89
178.93
179.02
179.13
179.18
179.13
178.99
178.78
178.54
178.34
178.21
178.16
178.17
178.22
178.22
178.14
177.97
177.75
177.49
177.24
176.99
176.77
176.57
176.40
176.23
176.06
175.89
175.72
175.56
175.39
175.21
175.02
174.84
174.66
174.63
174.78
175.11
175.55
176.04
176.55
177.03
177.47
177.87
178.15
178.31
178.36
178.32
178.22
178.16
178.18
178.29
178.46
178.66
178.87
179.08
179.28
179.45
179.61
179.71
179.75
179.75
179.70
179.63
179.42
179.04
178.51
177.90
177.26
176.77
176.48
176.41
176.50
176.70
176.91
177.08
177.20
177.28
177.31
177.32
177.31
177.29
177.25
177.22
177.21
177.23
177.29
177.36
177.45
177.57
177.72
177.89
178.07
178.24
178.32
178.30
178.16
177.94
177.74
177.59
177.50
177.47
177.48
177.48
177.47
177.44
177.39
177.34
177.26
177.15
177.01
176.86
176.70
176.67
176.77
177.01
177.34
177.71
177.96
178.04
177.94
177.71
177.40
177.20
177.13
177.24
177.46
177.76
177.97
178.07
178.03
177.90
177.70
177.55
177.48
177.52
177.62
177.77
177.83
177.77
177.59
177.32
177.01
176.79
176.70
176.76
176.92
177.15
177.32
177.42
177.40
177.32
177.19
177.09
177.05
177.06
177.12
177.21
177.32
177.43
177.54
177.64
177.67
177.64
177.52
177.36
177.18
177.06
177.05
177.14
177.31
177.51
177.68
177.79
177.83
177.81
177.75
177.72
177.75
177.83
177.95
178.09
178.32
178.63
179.04
179.48
179.92
180.26
180.47
180.54
180.51
180.40
180.26
180.09
179.91
179.74
179.57
179.46
179.39
179.38
179.40
179.45
179.49
179.50
179.48
179.44
179.39
179.34
179.28
179.22
179.17
179.16
179.17
179.23
179.31
179.41
179.45
179.43
179.34
179.21
179.05
178.88
178.71
178.56
178.42
178.30
178.23
178.21
178.23
178.29
178.37
178.35
178.22
177.95
177.60
177.22
176.89
176.63
176.48
176.39
176.37
176.33
176.26
176.14
176.00
175.85
175.83
175.97
176.28
176.70
177.17
177.57
177.86
178.02
178.08
178.06
177.99
177.89
177.77
177.64
177.52
177.46
177.48
177.57
177.71
177.82
177.88
177.88
177.83
177.75
177.66
177.55
177.45
177.36
177.27
177.30
177.47
177.78
178.16
178.58
178.98
179.33
179.61
179.83
179.99
180.05
180.01
179.87
179.68
179.45
179.16
178.81
178.42
178.02
177.63
177.29
177.03
176.84
176.72
176.65
176.62
176.62
176.64
176.67
176.71
176.78
176.88
177.01
177.16
177.30
177.44
177.57
177.68
177.78
177.86
177.97
178.14
178.35
178.59
178.83
178.98
179.02
178.94
178.78
178.66
178.60
178.63
178.73
178.87
178.97
179.02
178.99
178.93
178.83
178.77
178.77
178.83
178.94
179.07
179.13
179.10
178.97
178.77
178.54
178.29
178.05
177.82
177.62
177.45
177.33
177.27
177.26
177.30
177.36
177.52
177.78
178.13
178.53
178.94
179.32
179.63
179.86
180.04
180.16
180.18
180.11
179.94
179.72
179.48
179.23
178.98
178.76
178.57
178.40
178.23
178.06
177.89
177.72
177.59
177.50
177.47
177.48
177.51
177.56
177.62
177.68
177.74
177.79
177.87
177.97
178.10
178.23
178.37
178.45
178.45
178.37
178.25
178.09
178.03
178.09
178.29
178.58
178.91
179.12
179.16
179.03
178.77
178.44
178.19
178.05
178.06
178.17
178.35
178.53
178.70
178.83
178.94
179.01
179.01
178.93
178.77
178.56
178.33
178.15
178.05
178.03
178.06
178.14
178.13
178.01
177.76
177.44
177.17
176.98
176.91
176.91
176.97
177.07
177.19
177.31
177.44
177.56
177.66
177.76
177.83
177.90
177.95
178.04
178.18
178.38
178.60
178.83
179.03
179.18
179.28
179.33
179.35
179.29
179.15
178.94
178.69
178.42
178.16
177.91
177.69
177.50
177.34
177.23
177.19
177.20
177.25
177.33
177.41
177.51
177.60
177.69
177.76
177.75
177.63
177.41
177.13
176.81
176.52
176.28
176.09
175.96
175.89
175.89
175.95
176.05
176.17
176.35
176.59
176.89
177.21
177.53
177.86
178.20
178.52
178.83
179.11
179.30
179.39
179.38
179.30
179.17
179.08
179.03
179.05
179.11
179.21
179.26
179.26
179.19
179.08
178.94
178.79
178.65
178.51
178.39
178.28
178.14
177.95
177.72
177.46
177.20
177.01
176.90
176.88
176.93
177.02
177.11
177.18
177.22
177.24
177.23
177.30
177.45
177.69
177.99
178.30
178.61
178.90
179.16
179.39
179.53
179.58
179.52
179.40
179.24
179.04
178.80
178.54
178.27
178.01
177.78
177.58
177.40
177.26
177.14
177.03
176.91
176.77
176.64
176.51
176.42
176.37
176.37
176.41
176.46
176.42
176.27
175.98
175.62
175.23
174.92
174.72
174.64
174.66
174.75
174.93
175.20
175.53
175.90
176.27
176.67
177.11
177.57
178.02
178.44
178.74
178.90
178.91
178.81
178.65
178.44
178.22
178.00
177.80
177.50
177.11
176.61
176.07
175.53
175.12
174.88
174.83
174.90
175.07
175.24
175.37
175.44
175.47
175.46
175.51
175.64
175.86
176.12
176.41
176.67
176.88
177.04
177.14
177.21
177.30
177.43
177.60
177.80
178.00
178.19
178.37
178.53
178.67
178.78
178.79
178.69
178.48
178.19
177.88
177.66
177.58
177.66
177.83
178.07
178.21
178.20
178.03
177.74
177.39
177.13
176.99
177.00
177.11
177.22
177.26
177.23
177.14
177.01
177.00
177.15
177.45
177.85
178.31
178.71
179.04
179.27
179.41
179.49
179.57
179.68
179.83
179.99
180.16
180.27
180.31
180.26
180.16
180.03
179.83
179.57
179.24
178.90
178.55
178.34
178.27
178.37
178.58
178.86
179.04
179.06
178.92
178.66
178.34
178.04
177.80
177.65
177.56
177.52
177.41
177.20
176.89
176.51
176.12
175.78
175.53
175.38
175.30
175.34
175.49
175.72
176.01
176.31
176.62
176.91
177.17
177.39
177.59
177.74
177.87
177.96
178.03
178.07
178.07
178.03
177.95
177.84
177.71
177.70
177.81
178.06
178.39
178.76
179.06
179.25
179.32
179.30
179.22
179.04
178.78
178.45
178.08
177.72
177.42
177.22
177.12
177.10
177.13
177.25
177.46
177.74
178.05
178.38
178.64
178.82
178.90
178.91
178.86
178.84
178.86
178.93
179.04
179.17
179.17
179.01
178.69
178.27
177.82
177.40
177.03
176.71
176.45
176.27
176.17
176.15
176.18
176.24
176.27
176.25
176.17
176.05
175.91
175.79
175.71
175.66
175.65
175.66
175.74
175.89
176.10
176.36
176.62
176.86
177.04
177.17
177.25
177.29
177.33
177.38
177.45
177.53
177.61
177.66
177.67
177.65
177.59
177.52
177.45
177.37
177.30
177.23
177.17
177.12
177.08
177.04
177.02
177.00
177.01
177.06
177.14
177.25
177.44
177.73
178.10
178.52
178.95
179.33
179.64
179.89
180.06
180.18
180.17
180.04
179.78
179.45
179.09
178.73
178.38
178.06
177.78
177.55
177.30
177.03
176.73
176.43
176.14
175.98
175.98
176.14
176.41
176.73
176.97
177.09
177.06
176.93
176.74
176.61
176.60
176.72
176.93
177.18
177.43
177.65
177.82
177.95
178.05
178.16
178.32
178.51
178.73
178.95
179.08
179.10
179.00
178.83
178.61
178.37
178.12
177.89
177.69
177.42
177.10
176.70
176.28
175.86
175.66
175.71
176.02
176.51
177.09
177.60
177.98
178.19
178.28
178.27
178.17
178.00
177.77
177.51
177.26
177.11
177.11
177.27
177.52
177.84
178.12
178.33
178.47
178.54
178.56
178.49
178.33
178.10
177.82
177.53
177.33
177.23
177.26
177.37
177.54
177.76
178.02
178.31
178.60
178.88
179.17
179.45
179.73
179.99
180.10
180.02
179.75
179.36
178.91
178.49
178.14
177.89
177.72
177.62
177.65
177.80
178.09
178.44
178.82
179.13
179.32
179.39
179.36
179.27
179.08
178.81
178.47
178.10
177.73
177.41
177.14
176.95
176.82
176.74
176.69
176.68
176.68
176.71
176.74
176.83
176.98
177.19
177.44
177.70
177.97
178.26
178.56
178.84
179.10
179.31
179.45
179.52
179.54
179.53
179.52
179.53
179.56
179.60
179.65
179.63
179.51
179.29
179.02
178.74
178.50
178.30
178.15
178.03
178.03
178.14
178.38
178.68
179.02
179.25
179.35
179.30
179.13
178.90
178.72
178.62
178.63
178.70
178.83
178.90
178.88
178.77
178.60
178.39
178.23
178.13
178.10
178.13
178.20
178.21
178.14
177.98
177.76
177.51
177.25
177.01
176.78
176.58
176.41
176.32
176.32
176.41
176.56
176.74
176.86
176.88
176.79
176.63
176.44
176.30
176.26
176.32
176.46
176.58
176.66
176.68
176.66
176.61
176.57
176.55
176.56
176.59
176.64
176.69
176.74
176.79
176.83
176.88
176.94
177.03
177.14
177.26
177.39
177.51
177.62
177.72
177.81
177.87
177.96
178.06
178.18
178.30
178.43
178.60
178.83
179.10
179.39
179.68
179.90
180.04
180.07
180.04
179.97
179.83
179.66
179.44
179.22
178.99
178.89
178.93
179.12
179.41
179.75
180.00
180.13
180.10
179.97
179.82
179.71
179.64
179.61
179.61
179.61
179.58
179.54
179.48
179.41
179.26
179.02
178.69
178.31
177.93
177.61
177.38
177.25
177.20
177.21
177.23
177.25
177.24
177.23
177.21
177.21
177.24
177.30
177.38
177.47
177.56
177.65
177.73
177.80
177.86
177.88
177.86
177.81
177.72
177.62
177.52
177.42
177.33
177.25
177.18
177.12
177.07
177.03
177.01
176.99
177.03
177.13
177.31
177.52
177.59
177.47
177.15
176.70
176.19
175.77
175.49
175.37
175.37
175.46
175.66
175.95
176.32
176.72
177.12
177.42
177.60
177.64
177.58
177.45
177.36
177.35
177.43
177.57
177.74
178.01
178.37
178.82
179.30
179.79
180.06
180.07
179.81
179.37
178.82
178.35
177.99
177.80
177.73
177.75
177.69
177.52
177.22
176.83
176.41
176.04
175.75
175.56
175.45
175.40
175.38
175.35
175.31
175.27
175.23
175.32
175.56
175.97
176.48
176.96
177.39
177.72
177.96
178.14
178.23
178.24
178.18
178.07
177.94
177.85
177.83
177.87
177.96
178.08
178.21
178.35
178.48
178.60
178.70
178.74
178.70
178.58
178.41
178.22
178.07
177.99
177.99
178.04
178.13
178.26
178.44
178.64
178.86
179.07
179.22
179.28
179.26
179.17
179.05
178.88
178.68
178.44
178.20
177.97
177.81
177.73
177.75
177.82
177.94
178.05
178.14
178.20
178.22
178.26
178.31
178.38
178.46
178.55
178.66
178.80
178.96
179.13
179.29
179.39
179.41
179.35
179.24
179.09
178.90
178.68
178.44
178.19
177.95
177.74
177.55
177.38
177.25
177.14
177.14
177.25
177.47
177.76
178.09
178.39
178.65
178.85
179.00
179.10
179.09
178.95
178.70
178.38
178.03
177.73
177.50
177.37
177.32
177.31
177.40
177.57
177.82
178.12
178.42
178.67
178.83
178.90
178.90
178.85
178.77
178.68
178.57
178.47
178.37
178.28
178.21
178.14
178.09
178.07
178.10
178.16
178.26
178.36
178.41
178.40
178.32
178.19
178.04
177.87
177.71
177.56
177.43
177.31
177.26
177.30
177.41
177.58
177.77
177.92
178.00
178.00
177.95
177.86
177.76
177.64
177.53
177.42
177.32
177.29
177.33
177.45
177.61
177.80
177.97
178.11
178.20
178.25
178.27
178.22
178.09
177.89
177.65
177.42
177.22
177.07
176.96
176.89
176.84
176.82
176.81
176.81
176.83
176.95
177.20
177.58
178.03
178.50
178.86
179.07
179.10
179.01
178.84
178.68
178.55
178.49
178.47
178.49
178.50
178.50
178.47
178.42
178.36
178.31
178.25
178.20
178.15
178.11
178.10
178.13
178.20
178.29
178.39
178.46
178.51
178.51
178.48
178.44
178.39
178.33
178.27
178.21
178.16
178.09
178.00
177.88
177.75
177.62
177.49
177.38
177.28
177.19
177.12
177.07
177.02
176.99
176.97
177.01
177.12
177.30
177.51
177.74
177.97
178.18
178.38
178.55
178.69
178.78
178.82
178.80
178.74
178.66
178.60
178.56
178.56
178.58
178.62
178.59
178.46
178.25
177.98
177.68
177.44
177.27
177.19
177.18
177.21
177.31
177.45
177.63
177.83
178.04
178.29
178.58
178.91
179.26
179.59
179.82
179.93
179.90
179.77
179.59
179.30
178.91
178.42
177.90
177.43
177.05
176.79
176.61
176.51
176.49
176.54
176.66
176.81
176.98
177.24
177.58
178.00
178.45
178.91
179.23
179.39
179.38
179.24
179.02
178.79
178.57
178.39
178.24
178.12
177.98
177.80
177.58
177.34
177.10
176.95
176.92
177.01
177.18
177.39
177.63
177.87
178.10
178.30
178.49
178.56
178.52
178.35
178.11
177.83
177.64
177.58
177.67
177.85
178.10
178.27
178.31
178.23
178.04
177.86
177.71
177.63
177.58
177.58
177.54
177.46
177.33
177.16
176.98
176.89
176.89
177.01
177.19
177.42
177.67
177.91
178.14
178.34
178.52
178.70
178.88
179.07
179.25
179.42
179.54
179.61
179.62
179.60
179.55
179.44
179.25
179.00
178.72
178.43
178.20
178.06
178.01
178.03
178.09
178.21
178.38
178.58
178.80
179.02
179.14
179.16
179.05
178.87
178.64
178.42
178.23
178.08
177.97
177.87
177.77
177.66
177.54
177.43
177.31
177.16
177.00
176.83
176.67
176.54
176.47
176.45
176.46
176.50
176.60
176.78
177.02
177.30
177.58
177.78
177.86
177.82
177.69
177.51
177.28
177.01
176.71
176.41
176.12
176.05
176.22
176.65
177.24
177.91
178.43
178.75
178.83
178.73
178.51
178.36
178.33
178.45
178.67
178.95
179.10
179.06
178.82
178.44
178.00
177.63
177.39
177.31
177.35
177.46
177.59
177.72
177.83
177.91
177.95
177.94
177.88
177.79
177.69
177.52
177.30
177.02
176.72
176.41
176.18
176.03
175.98
176.00
176.06
176.13
176.19
176.22
176.23
176.22
176.28
176.43
176.68
176.97
177.28
177.57
177.81
177.98
178.11
178.19
178.24
178.26
178.26
178.24
178.22
178.11
177.91
177.61
177.27
176.90
176.65
176.55
176.61
176.78
177.01
177.28
177.57
177.84
178.10
178.32
178.41
178.34
178.12
177.79
177.44
177.11
176.81
176.56
176.36
176.19
176.07
175.98
175.92
175.88
175.99
176.27
176.72
177.26
177.84
178.31
178.62
178.75
178.75
178.66
178.56
178.48
178.46
178.47
178.51
178.53
178.53
178.51
178.46
178.41
178.32
178.20
178.05
177.89
177.73
177.61
177.53
177.50
177.50
177.53
177.55
177.55
177.52
177.47
177.41
177.35
177.28
177.22
177.17
177.12
177.11
177.14
177.20
177.29
177.39
177.49
177.59
177.68
177.76
177.83
177.89
177.94
177.97
178.00
178.02
178.03
178.04
178.04
178.04
178.01
177.95
177.86
177.75
177.63
177.54
177.49
177.48
177.50
177.54
177.62
177.74
177.89
178.05
178.22
178.35
178.44
178.47
178.47
178.45
178.41
178.36
178.30
178.25
178.20
178.15
178.11
178.08
178.05
178.02
178.03
178.08
178.16
178.26
178.37
178.38
178.25
177.99
177.65
177.32
177.05
176.85
176.72
176.65
176.59
176.53
176.46
176.38
176.31
176.30
176.35
176.48
176.65
176.84
177.04
177.22
177.40
177.55
177.68
177.77
177.80
177.78
177.72
177.64
177.63
177.71
177.89
178.13
178.40
178.61
178.76
178.82
178.82
178.78
178.68
178.53
178.35
178.15
177.95
177.73
177.49
177.25
177.01
176.79
176.62
176.51
176.46
176.45
176.47
176.60
176.83
177.16
177.54
177.94
178.31
178.61
178.85
179.02
179.14
179.22
179.26
179.27
179.27
179.28
179.31
179.37
179.45
179.53
179.53
179.44
179.24
178.99
178.70
178.49
178.38
178.39
178.49
178.63
178.73
178.74
178.66
178.51
178.33
178.10
177.85
177.57
177.29
177.02
176.81
176.66
176.57
176.53
176.53
176.55
176.59
176.64
176.70
176.75
176.86
177.02
177.24
177.48
177.74
177.88
177.87
177.72
177.46
177.15
176.88
176.66
176.53
176.46
176.44
176.46
176.50
176.55
176.62
176.65
176.66
176.63
176.57
176.50
176.45
176.43
176.45
176.49
176.55
176.59
176.59
176.57
176.52
176.46
176.42
176.40
176.43
176.48
176.54
176.66
176.84
177.09
177.36
177.64
177.85
177.98
178.02
178.00
177.93
177.83
177.71
177.59
177.48
177.37
177.28
177.20
177.13
177.08
177.03
177.03
177.07
177.14
177.24
177.35
177.41
177.40
177.32
177.19
177.01
176.79
176.54
176.29
176.04
175.86
175.77
175.77
175.84
175.95
176.08
176.22
176.37
176.50
176.62
176.72
176.81
176.88
176.94
176.98
177.01
177.03
177.05
177.05
177.06
177.11
177.22
177.39
177.60
177.82
178.06
178.32
178.60
178.86
179.11
179.30
179.44
179.51
179.53
179.52
179.43
179.26
179.02
178.75
178.46
178.21
178.01
177.87
177.78
177.72
177.76
177.87
178.06
178.30
178.43
178.40
178.20
177.89
177.51
177.25
177.15
177.23
177.43
177.71
178.06
178.44
178.85
179.25
179.62
179.91
180.08
180.15
180.13
180.06
179.98
179.91
179.87
179.85
179.84
179.81
179.77
179.69
179.60
179.51
179.39
179.24
179.08
178.90
178.73
178.62
178.60
178.65
178.76
178.91
179.01
179.06
179.04
178.96
178.86
178.77
178.71
178.68
178.67
178.69
178.63
178.50
178.27
177.98
177.68
177.30
176.84
176.31
175.77
175.48
175.50
175.87
176.45
177.16
177.83
178.40
178.84
179.15
179.36
179.49
179.56
179.57
179.55
179.51
179.45
179.39
179.32
179.26
179.20
179.09
178.94
178.72
178.48
178.23
177.99
177.77
177.57
177.40
177.26
177.13
176.98
176.83
176.68
176.53
176.43
176.38
176.37
176.40
176.46
176.52
176.59
176.67
176.73
176.80
176.85
176.90
176.93
176.96
176.99
177.00
177.02
177.02
177.03
176.92
176.69
176.33
175.90
175.45
175.13
174.99
175.06
175.26
175.55
175.88
176.23
176.57
176.88
177.16
177.37
177.52
177.59
177.61
177.59
177.55
177.49
177.42
177.35
177.28
177.30
177.41
177.63
177.91
178.22
178.43
178.49
178.41
178.22
177.97
177.69
177.40
177.12
176.87
176.65
176.56
176.63
176.86
177.19
177.57
177.94
178.27
178.54
178.75
178.92
179.09
179.28
179.51
179.75
179.91
179.95
179.88
179.73
179.53
179.37
179.26
179.22
179.23
179.29
179.31
179.28
179.19
179.06
178.92
178.72
178.45
178.14
177.81
177.47
177.19
176.97
176.81
176.71
176.66
176.64
176.65
176.67
176.70
176.74
176.84
176.99
177.21
177.46
177.71
177.91
178.02
178.05
178.01
177.93
177.82
177.70
177.58
177.47
177.36
177.16
176.85
176.43
175.95
175.46
175.09
174.87
174.84
174.93
175.08
175.25
175.40
175.54
175.67
175.83
176.03
176.27
176.54
176.80
177.00
177.11
177.12
177.08
176.99
176.98
177.08
177.31
177.61
177.95
178.24
178.46
178.59
178.65
178.66
178.66
178.66
178.68
178.71
178.75
178.76
178.74
178.69
178.62
178.53
178.44
178.36
178.28
178.21
178.15
178.10
178.06
178.03
178.00
177.99
177.98
177.97
177.97
177.97
177.97
177.94
177.89
177.80
177.70
177.59
177.51
177.47
177.46
177.49
177.56
177.68
177.83
178.00
178.17
178.25
178.23
178.10
177.89
177.65
177.44
177.30
177.24
177.23
177.27
177.37
177.51
177.68
177.88
178.07
178.23
178.35
178.41
178.43
178.42
178.34
178.18
177.96
177.69
177.42
177.26
177.24
177.37
177.61
177.90
178.13
178.28
178.31
178.27
178.17
178.14
178.22
178.43
178.71
179.03
179.22
179.26
179.10
178.83
178.49
178.20
177.99
177.91
177.90
177.96
178.05
178.17
178.30
178.42
178.62
178.90
179.27
179.66
180.07
180.35
180.47
180.43
180.27
180.03
179.73
179.39
179.02
178.66
178.31
178.05
177.90
177.84
177.87
177.95
178.01
178.02
177.97
177.89
177.78
177.72
177.72
177.79
177.90
178.03
178.10
178.08
177.95
177.75
177.52
177.28
177.04
176.82
176.62
176.45
176.38
176.44
176.61
176.86
177.15
177.48
177.83
178.19
178.54
178.84
179.07
179.23
179.33
179.38
179.47
179.64
179.88
180.16
180.45
180.64
180.68
180.56
180.35
180.07
179.79
179.54
179.33
179.17
179.05
178.88
178.65
178.35
178.01
177.66
177.36
177.11
176.94
176.81
176.74
176.78
176.94
177.22
177.56
177.93
178.25
178.48
178.62
178.69
178.69
178.74
178.86
179.05
179.29
179.55
179.68
179.64
179.41
179.08
178.67
178.30
178.00
177.79
177.65
177.54
177.46
177.37
177.29
177.22
177.13
177.02
176.89
176.75
176.61
176.56
176.62
176.78
177.02
177.29
177.65
178.10
178.62
179.16
179.70
179.98
179.97
179.64
179.11
178.46
177.88
177.42
177.13
176.98
176.92
176.94
177.01
177.11
177.23
177.36
177.45
177.51
177.52
177.50
177.46
177.38
177.26
177.11
176.95
176.79
176.65
176.57
176.53
176.53
176.55
176.62
176.73
176.87
177.03
177.20
177.38
177.58
177.80
178.02
178.22
178.41
178.57
178.70
178.82
178.82
178.72
178.50
178.21
177.89
177.62
177.42
177.32
177.28
177.29
177.28
177.24
177.14
177.01
176.86
176.77
176.74
176.79
176.89
177.02
177.05
176.97
176.75
176.45
176.11
175.84
175.67
175.62
175.66
175.76
175.90
176.05
176.21
176.37
176.51
176.61
176.66
176.66
176.62
176.56
176.52
176.50
176.51
176.55
176.60
176.71
176.88
177.11
177.38
177.60
177.75
177.81
177.81
177.77
177.73
177.70
177.69
177.70
177.73
177.79
177.88
178.01
178.15
178.29
178.43
178.56
178.67
178.77
178.85
178.97
179.13
179.35
179.58
179.83
180.09
180.36
180.64
180.90
181.15
181.29
181.30
181.19
180.99
180.75
180.48
180.22
179.97
179.74
179.54
179.40
179.32
179.30
179.32
179.38
179.37
179.27
179.09
178.84
178.57
178.28
177.96
177.63
177.31
177.16
177.18
177.41
177.75
178.17
178.51
178.72
178.77
178.72
178.59
178.44
178.29
178.18
178.09
178.02
177.94
177.85
177.75
177.63
177.52
177.46
177.48
177.57
177.71
177.88
178.09
178.32
178.57
178.82
179.06
179.10
178.89
178.42
177.81
177.12
176.53
176.08
175.82
175.70
175.68
175.77
175.94
176.16
176.42
176.68
176.99
177.34
177.73
178.12
178.50
178.74
178.81
178.71
178.50
178.24
177.98
177.75
177.54
177.37
177.23
177.12
177.03
176.97
176.93
176.93
176.98
177.06
177.17
177.30
177.47
177.70
177.99
178.30
178.60
178.79
178.82
178.69
178.46
178.16
177.81
177.43
177.03
176.65
176.29
175.99
175.77
175.63
175.55
175.52
175.55
175.64
175.77
175.93
176.10
176.29
176.50
176.73
176.96
177.18
177.35
177.46
177.51
177.52
177.50
177.46
177.41
177.35
177.29
177.23
177.23
177.30
177.44
177.62
177.79
177.94
178.04
178.12
178.16
178.13
178.02
177.84
177.61
177.36
177.20
177.14
177.20
177.33
177.52
177.70
177.86
177.98
178.06
178.11
178.17
178.25
178.34
178.44
178.54
178.58
178.55
178.45
178.30
178.12
177.94
177.76
177.60
177.45
177.32
177.35
177.55
177.93
178.41
178.94
179.37
179.65
179.76
179.74
179.63
179.39
179.03
178.56
178.04
177.51
177.09
176.80
176.66
176.64
176.69
176.80
176.94
177.10
177.25
177.38
177.46
177.49
177.48
177.45
177.41
177.36
177.30
177.25
177.19
177.17
177.19
177.25
177.32
177.42
177.43
177.35
177.17
176.93
176.65
176.43
176.27
176.20
176.20
176.24
176.41
176.72
177.17
177.69
178.23
178.63
178.83
178.82
178.66
178.41
178.18
178.03
177.97
177.99
178.05
178.18
178.35
178.55
178.78
179.00
179.18
179.31
179.39
179.42
179.47
179.57
179.71
179.87
180.05
180.15
180.14
180.02
179.83
179.60
179.32
179.02
178.70
178.38
178.09
177.88
177.76
177.75
177.80
177.91
178.01
178.10
178.15
178.18
178.19
178.22
178.26
178.34
178.42
178.51
178.60
178.69
178.76
178.83
178.88
178.79
178.54
178.12
177.61
177.06
176.61
176.32
176.21
176.22
176.33
176.55
176.86
177.24
177.66
178.08
178.42
178.66
178.80
178.85
178.90
178.96
179.06
179.18
179.31
179.35
179.30
179.14
178.91
178.65
178.38
178.12
177.87
177.65
177.47
177.39
177.44
177.61
177.85
178.14
178.39
178.57
178.66
178.69
178.68
178.66
178.65
178.66
178.69
178.72
178.68
178.55
178.32
178.04
177.73
177.45
177.21
177.04
176.91
176.83
176.83
176.93
177.10
177.33
177.57
177.79
177.97
178.10
178.19
178.24
178.20
178.09
177.90
177.66
177.41
177.21
177.09
177.05
177.07
177.19
177.40
177.68
178.01
178.34
178.69
179.04
179.40
179.73
180.03
180.21
180.26
180.18
180.00
179.77
179.54
179.34
179.18
179.06
178.97
178.88
178.79
178.68
178.56
178.46
178.33
178.18
178.02
177.85
177.68
177.56
177.48
177.45
177.46
177.50
177.55
177.61
177.67
177.74
177.79
177.90
178.06
178.27
178.52
178.77
179.03
179.31
179.60
179.87
180.13
180.30
180.37
180.36
180.27
180.17
180.07
180.00
179.96
179.92
179.88
179.81
179.72
179.62
179.52
179.34
179.07
178.72
178.33
177.93
177.66
177.54
177.58
177.74
177.98
178.25
178.53
178.81
179.07
179.30
179.39
179.33
179.11
178.78
178.41
178.10
177.89
177.80
177.80
177.87
178.00
178.19
178.42
178.66
178.90
179.19
179.51
179.87
180.23
180.58
180.80
180.85
180.74
180.51
180.22
179.81
179.31
178.73
178.13
177.69
177.49
177.53
177.75
178.07
178.46
178.86
179.26
179.63
179.97
180.15
180.16
180.00
179.73
179.39
179.06
178.75
178.49
178.29
178.13
178.01
177.93
177.87
177.84
177.83
177.85
177.92
178.02
178.15
178.28
178.39
178.45
178.48
178.47
178.43
178.31
178.08
177.76
177.39
177.00
176.67
176.43
176.30
176.24
176.24
176.31
176.43
176.60
176.80
177.00
177.30
177.71
178.22
178.79
179.25
179.56
179.69
179.69
179.60
179.43
179.19
178.91
178.61
178.31
178.14
178.12
178.26
178.50
178.81
179.06
179.22
179.26
179.23
179.14
178.99
178.79
178.55
178.31
178.06
177.89
177.80
177.80
177.87
177.97
178.08
178.16
178.21
178.23
178.23
178.20
178.12
178.01
177.87
177.73
177.60
177.47
177.35
177.25
177.17
177.16
177.22
177.36
177.54
177.75
177.94
178.08
178.18
178.24
178.24
178.19
178.09
177.96
177.82
177.79
177.88
178.11
178.43
178.79
179.08
179.26
179.33
179.30
179.21
179.03
178.77
178.44
178.08
177.71
177.44
177.30
177.29
177.37
177.52
177.65
177.73
177.75
177.72
177.66
177.64
177.67
177.76
177.89
178.04
178.12
178.10
177.98
177.78
177.55
177.44
177.48
177.70
178.03
178.42
178.76
178.99
179.10
179.11
179.07
179.00
178.95
178.91
178.89
178.88
178.91
178.97
179.07
179.19
179.26
179.27
179.21
179.11
178.97
178.83
178.68
178.54
178.41
178.30
178.18
178.05
177.90
177.75
177.60
177.41
177.18
176.89
176.60
176.30
176.16
176.20
176.43
176.78
177.20
177.72
178.33
179.01
179.70
180.35
180.82
181.07
181.08
180.92
180.65
180.32
179.97
179.61
179.28
178.98
178.66
178.32
177.96
177.60
177.27
176.99
176.78
176.65
176.57
176.55
176.52
176.49
176.44
176.39
176.35
176.35
176.38
176.44
176.51
176.58
176.66
176.73
176.79
176.85
176.90
176.93
176.97
176.99
177.01
177.04
177.11
177.20
177.31
177.42
177.50
177.55
177.55
177.52
177.48
177.42
177.35
177.29
177.23
177.18
177.18
177.26
177.40
177.59
177.80
177.98
178.12
178.21
178.27
178.29
178.24
178.11
177.91
177.66
177.40
177.20
177.07
177.03
177.06
177.12
177.24
177.41
177.61
177.83
178.01
178.16
178.25
178.30
178.32
178.37
178.47
178.61
178.79
178.98
179.09
179.09
178.98
178.80
178.58
178.34
178.09
177.87
177.66
177.48
177.38
177.38
177.46
177.59
177.77
177.87
177.89
177.80
177.64
177.44
177.28
177.17
177.15
177.17
177.23
177.27
177.25
177.17
177.05
176.91
176.82
176.79
176.83
176.93
177.05
177.16
177.24
177.29
177.30
177.30
177.28
177.25
177.22
177.18
177.20
177.28
177.43
177.62
177.83
178.04
178.23
178.41
178.57
178.70
178.78
178.81
178.79
178.73
178.65
178.48
178.21
177.86
177.45
177.04
176.67
176.36
176.12
175.95
175.83
175.89
176.14
176.57
177.11
177.70
178.23
178.68
179.00
179.23
179.38
179.44
179.41
179.32
179.19
179.03
178.81
178.53
178.20
177.85
177.51
177.24
177.07
177.00
177.00
177.05
177.17
177.34
177.54
177.76
177.93
178.03
178.04
177.99
177.90
177.82
177.76
177.73
177.72
177.73
177.73
177.70
177.64
177.57
177.48
177.48
177.57
177.77
178.02
178.31
178.52
178.62
178.61
178.52
178.37
178.25
178.17
178.17
178.21
178.28
178.36
178.46
178.56
178.65
178.73
178.83
178.95
179.09
179.23
179.38
179.38
179.21
178.87
178.42
177.93
177.53
177.28
177.19
177.23
177.35
177.47
177.55
177.58
177.57
177.54
177.51
177.50
177.52
177.56
177.54
177.42
177.21
176.94
176.65
176.42
176.25
176.18
176.17
176.21
176.33
176.53
176.81
177.12
177.43
177.63
177.68
177.58
177.37
177.09
176.89
176.81
176.87
177.03
177.25
177.49
177.74
177.99
178.21
178.41
178.56
178.64
178.67
178.65
178.60
178.48
178.29
178.04
177.75
177.46
177.20
176.99
176.85
176.76
176.71
176.69
176.69
176.71
176.73
176.77
176.81
176.84
176.87
176.90
176.90
176.87
176.80
176.71
176.60
176.53
176.48
176.48
176.51
176.55
176.66
176.84
177.07
177.34
177.62
177.81
177.88
177.84
177.70
177.52
177.31
177.09
176.88
176.69
176.52
176.45
176.49
176.66
176.90
177.19
177.43
177.60
177.69
177.71
177.69
177.70
177.74
177.84
177.97
178.12
178.29
178.50
178.72
178.94
179.15
179.32
179.44
179.49
179.51
179.49
179.50
179.57
179.69
179.84
179.96
180.02
180.00
179.94
179.85
179.76
179.70
179.67
179.67
179.69
179.72
179.75
179.79
179.83
179.86
179.84
179.76
179.60
179.41
179.20
178.96
178.70
178.43
178.16
177.91
177.79
177.83
178.03
178.32
178.67
178.96
179.15
179.23
179.21
179.14
179.05
178.97
178.92
178.89
178.87
178.81
178.70
178.53
178.33
178.12
177.97
177.89
177.89
177.95
178.05
178.17
178.30
178.43
178.55
178.68
178.83
179.00
179.17
179.34
179.41
179.37
179.22
178.99
178.72
178.45
178.17
177.92
177.69
177.50
177.31
177.12
176.92
176.74
176.57
176.47
176.46
176.54
176.67
176.83
177.00
177.18
177.35
177.50
177.63
177.67
177.59
177.39
177.13
176.83
176.63
176.56
176.65
176.83
177.08
177.32
177.55
177.73
177.87
177.97
178.02
178.02
177.96
177.86
177.75
177.58
177.35
177.06
176.75
176.44
176.20
176.04
175.99
176.00
176.09
176.24
176.44
176.67
176.90
177.11
177.31
177.49
177.64
177.77
177.90
178.03
178.18
178.32
178.46
178.45
178.28
177.93
177.47
176.96
176.61
176.46
176.55
176.80
177.14
177.45
177.69
177.82
177.86
177.85
177.71
177.46
177.10
176.68
176.24
175.98
175.92
176.11
176.44
176.87
177.36
177.89
178.42
178.93
179.40
179.74
179.92
179.94
179.86
179.70
179.55
179.44
179.40
179.40
179.40
179.40
179.37
179.34
179.29
179.19
179.03
178.81
178.56
178.30
178.10
177.98
177.96
177.99
178.07
178.15
178.21
178.24
178.25
178.24
178.28
178.37
178.52
178.70
178.90
178.97
178.87
178.59
178.20
177.76
177.30
176.86
176.45
176.09
175.77
175.56
175.47
175.48
175.57
175.71
175.88
176.06
176.23
176.40
176.54
176.59
176.52
176.34
176.09
175.80
175.69
175.80
176.16
176.67
177.18
177.62
177.94
178.18
178.33
178.29
178.04
177.60
177.04
176.44
175.91
175.51
175.25
175.11
175.06
175.21
175.55
176.09
176.72
177.40
178.04
178.60
179.07
179.45
179.75
179.89
179.87
179.71
179.45
179.14
178.88
178.72
178.68
178.72
178.82
178.92
179.01
179.08
179.12
179.14
179.15
179.14
179.13
179.12
179.10
179.09
179.07
179.06
179.04
179.03
178.89
178.59
178.14
177.60
176.98
176.30
175.60
174.91
174.28
173.90
173.81
174.03
174.44
174.98
175.54
176.08
176.56
176.98
177.32
177.60
177.82
177.98
178.09
178.17
178.16
178.06
177.88
177.66
177.41
177.33
177.43
177.75
178.20
178.72
179.13
179.37
179.41
179.30
179.11
178.84
178.50
178.14
177.77
177.41
177.14
176.97
176.91
176.92
176.99
177.06
177.12
177.16
177.18
177.18
177.17
177.16
177.14
177.12
177.10
177.13
177.23
177.39
177.59
177.81
178.02
178.22
178.41
178.57
178.68
178.73
178.73
178.69
178.62
178.57
178.54
178.55
178.58
178.62
178.64
178.64
178.60
178.54
178.47
178.42
178.41
178.43
178.47
178.53
178.55
178.50
178.39
178.23
178.06
177.91
177.79
177.73
177.69
177.68
177.75
177.89
178.10
178.35
178.61
178.84
179.03
179.15
179.24
179.28
179.30
179.29
179.27
179.25
179.21
179.12
178.98
178.77
178.53
178.41
178.45
178.67
179.00
179.40
179.60
179.55
179.21
178.70
178.09
177.69
177.57
177.77
178.20
178.75
179.28
179.74
180.07
180.30
180.44
180.47
180.38
180.19
179.94
179.66
179.32
178.94
178.51
178.07
177.66
177.33
177.11
177.01
176.98
177.02
177.10
177.21
177.32
177.44
177.55
177.57
177.49
177.30
177.04
176.76
176.46
176.17
175.91
175.68
175.48
175.47
175.68
176.12
176.68
177.31
177.94
178.55
179.11
179.60
179.99
180.28
180.47
180.58
180.62
180.56
180.42
180.18
179.90
179.60
179.33
179.12
178.96
178.85
178.78
178.74
178.73
178.74
178.75
178.78
178.81
178.84
178.87
178.90
178.93
178.89
178.80
178.63
178.43
178.21
177.97
177.70
177.43
177.16
176.91
176.76
176.74
176.85
177.04
177.27
177.51
177.71
177.87
177.98
178.07
178.09
178.07
177.99
177.89
177.85
177.89
178.04
178.24
178.48
178.70
178.89
179.02
179.12
179.18
179.18
179.14
179.04
178.92
178.79
178.63
178.44
178.23
178.02
177.81
177.66
177.55
177.50
177.49
177.51
177.50
177.44
177.32
177.16
176.99
176.77
176.49
176.16
175.81
175.47
175.24
175.12
175.15
175.26
175.43
175.69
176.02
176.42
176.83
177.23
177.56
177.78
177.90
177.93
177.90
177.86
177.83
177.81
177.81
177.82
177.76
177.61
177.36
177.06
176.77
176.51
176.30
176.14
176.02
175.93
175.87
175.84
175.83
175.83
175.89
176.02
176.21
176.45
176.69
176.94
177.16
177.37
177.54
177.69
177.73
177.65
177.46
177.19
176.88
176.76
176.85
177.20
177.69
178.27
178.85
179.38
179.84
180.23
180.54
180.65
180.54
180.23
179.78
179.26
178.83
178.54
178.42
178.41
178.49
178.58
178.63
178.64
178.61
178.55
178.54
178.58
178.69
178.83
178.91
178.91
178.80
178.63
178.43
178.15
177.82
177.43
177.03
176.65
176.39
176.30
176.38
176.58
176.84
177.09
177.29
177.41
177.47
177.49
177.48
177.45
177.40
177.34
177.29
177.20
177.10
176.96
176.82
176.67
176.59
176.58
176.64
176.76
176.92
177.05
177.16
177.22
177.26
177.27
177.29
177.33
177.39
177.47
177.55
177.60
177.62
177.60
177.56
177.50
177.56
177.77
178.15
178.62
179.05
179.39
179.61
179.72
179.77
179.68
179.46
179.12
178.72
178.29
177.92
177.64
177.46
177.36
177.33
177.40
177.56
177.80
178.08
178.39
178.58
178.63
178.53
178.32
178.05
177.83
177.70
177.68
177.73
177.84
178.00
178.21
178.45
178.70
178.95
179.12
179.21
179.21
179.14
179.04
178.88
178.68
178.45
178.22
177.98
177.80
177.66
177.59
177.55
177.56
177.55
177.54
177.50
177.44
177.33
177.15
176.91
176.64
176.36
176.20
176.18
176.32
176.56
176.86
177.21
177.59
177.99
178.38
178.73
178.94
178.99
178.86
178.61
178.30
178.07
177.96
177.99
178.11
178.30
178.50
178.68
178.82
178.93
179.01
179.04
179.02
178.95
178.85
178.73
178.64
178.58
178.56
178.57
178.60
178.72
178.94
179.26
179.63
180.02
180.34
180.57
180.71
180.76
180.76
180.69
180.57
180.40
180.20
180.00
179.75
179.46
179.12
178.77
178.46
178.20
178.01
177.88
177.79
177.68
177.55
177.37
177.17
176.97
176.80
176.69
176.62
176.59
176.59
176.62
176.66
176.70
176.75
176.79
176.89
177.05
177.26
177.50
177.75
177.91
177.96
177.89
177.74
177.55
177.35
177.18
177.05
176.96
176.90
176.89
176.93
177.01
177.12
177.25
177.35
177.41
177.44
177.43
177.40
177.42
177.48
177.61
177.77
177.95
178.08
178.14
178.12
178.05
177.97
177.90
177.86
177.83
177.83
177.73
177.51
177.17
176.76
176.33
176.03
175.92
176.00
176.22
176.52
176.81
177.06
177.22
177.32
177.38
177.37
177.31
177.19
177.05
176.89
176.76
176.67
176.62
176.61
176.62
176.67
176.77
176.90
177.06
177.21
177.31
177.34
177.28
177.18
177.04
176.89
176.73
176.59
176.45
176.33
176.21
176.07
175.91
175.75
175.60
175.52
175.51
175.59
175.71
175.90
176.13
176.39
176.66
176.92
177.13
177.29
177.38
177.43
177.44
177.36
177.22
176.99
176.73
176.45
176.26
176.18
176.22
176.34
176.52
176.69
176.85
176.96
177.04
177.10
177.13
177.15
177.15
177.15
177.14
177.20
177.35
177.60
177.91
178.23
178.53
178.77
178.96
179.09
179.18
179.20
179.17
179.08
178.96
178.83
178.69
178.56
178.43
178.32
178.23
178.20
178.26
178.39
178.56
178.68
178.72
178.65
178.52
178.34
178.14
177.95
177.76
177.58
177.43
177.41
177.53
177.80
178.16
178.57
178.90
179.13
179.22
179.23
179.16
179.06
178.93
178.78
178.64
178.51
178.50
178.62
178.89
179.24
179.64
179.91
180.01
179.92
179.70
179.40
179.14
178.97
178.90
178.91
178.98
179.03
179.03
178.98
178.89
178.78
178.66
178.54
178.43
178.33
178.24
178.22
178.27
178.40
178.58
178.78
178.88
178.84
178.67
178.41
178.09
177.76
177.43
177.13
176.85
176.64
176.50
176.43
176.41
176.42
176.47
176.53
176.59
176.66
176.73
176.87
177.09
177.41
177.77
178.14
178.36
178.41
178.26
177.98
177.62
177.31
177.09
176.99
176.97
177.01
177.06
177.11
177.14
177.15
177.15
177.17
177.22
177.29
177.38
177.47
177.54
177.57
177.57
177.53
177.48
177.44
177.43
177.46
177.50
177.56
177.68
177.86
178.10
178.37
178.62
178.83
178.98
179.09
179.17
179.18
179.14
179.05
178.93
178.80
178.67
178.53
178.41
178.31
178.22
178.19
178.25
178.38
178.56
178.76
178.89
178.92
178.84
178.68
178.48
178.26
178.04
177.83
177.64
177.47
177.27
177.04
176.77
176.48
176.20
175.94
175.71
175.51
175.34
175.21
175.18
175.27
175.48
175.76
176.08
176.46
176.89
177.35
177.82
178.27
178.70
179.11
179.50
179.85
180.03
180.00
179.77
179.41
178.97
178.58
178.30
178.13
178.06
178.07
178.17
178.37
178.65
178.97
179.30
179.60
179.84
180.02
180.15
180.23
180.24
180.20
180.11
179.98
179.84
179.57
179.14
178.57
177.92
177.26
176.68
176.20
175.86
175.63
175.49
175.47
175.56
175.76
176.02
176.30
176.59
176.87
177.13
177.36
177.55
177.68
177.75
177.76
177.73
177.66
177.61
177.58
177.58
177.61
177.67
177.77
177.91
178.06
178.22
178.32
178.35
178.29
178.19
178.05
177.92
177.82
177.76
177.74
177.73
177.77
177.85
177.96
178.10
178.24
178.36
178.43
178.46
178.46
178.43
178.31
178.09
177.76
177.39
177.00
176.68
176.44
176.30
176.24
176.24
176.34
176.52
176.78
177.08
177.39
177.72
178.06
178.41
178.73
179.03
179.29
179.51
179.69
179.83
179.94
179.97
179.91
179.76
179.57
179.35
179.04
178.65
178.18
177.68
177.24
176.90
176.66
176.51
176.43
176.46
176.59
176.81
177.08
177.37
177.64
177.86
178.02
178.13
178.20
178.19
178.09
177.91
177.68
177.43
177.17
176.94
176.72
176.53
176.36
176.31
176.38
176.57
176.83
177.13
177.33
177.40
177.32
177.14
176.90
176.66
176.44
176.26
176.13
176.02
176.03
176.15
176.39
176.70
177.03
177.43
177.87
178.35
178.82
179.27
179.55
179.62
179.47
179.18
178.89
178.65
178.51
178.43
178.40
178.34
178.21
178.00
177.75
177.47
177.34
177.37
177.59
177.93