127.87
127.70
127.54
127.40
127.28
127.15
127.02
126.87
126.72
126.57
126.47
126.41
126.40
126.42
126.47
126.54
126.60
126.67
126.74
126.80
126.80
126.73
126.59
126.40
126.20
126.07
126.05
126.13
126.29
126.50
126.67
126.78
126.81
126.79
126.82
126.91
127.09
127.32
127.56
127.87
128.22
128.62
129.02
129.41
129.66
129.75
129.67
129.46
129.19
128.88
128.56
128.26
127.98
127.73
127.54
127.42
127.37
127.36
127.40
127.37
127.27
127.07
126.82
126.55
126.33
126.19
126.13
126.14
126.19
126.35
126.61
126.98
127.40
127.83
128.22
128.55
128.81
129.00
129.13
129.16
129.10
128.94
128.72
128.48
128.26
128.08
127.94
127.85
127.80
127.77
127.76
127.77
127.79
127.87
128.01
128.21
128.45
128.70
128.92
129.09
129.21
129.28
129.31
129.32
129.30
129.28
129.25
129.21
129.15
129.06
128.94
128.80
128.66
128.53
128.41
128.30
128.21
128.14
128.02
127.86
127.65
127.41
127.17
127.02
126.98
127.06
127.22
127.43
127.65
127.89
128.11
128.31
128.49
128.59
128.60
128.53
128.39
128.22
128.14
128.19
128.37
128.64
128.95
129.20
129.35
129.39
129.33
129.17
128.92
128.58
128.21
127.83
127.52
127.30
127.19
127.15
127.17
127.23
127.31
127.40
127.50
127.60
127.60
127.51
127.31
127.05
126.75
126.56
126.50
126.60
126.79
127.04
127.24
127.36
127.37
127.30
127.18
127.07
126.97
126.90
126.86
126.83
126.83
126.83
126.84
126.86
126.88
126.98
127.17
127.46
127.79
128.15
128.33
128.31
128.07
127.68
127.21
126.87
126.72
126.79
127.01
127.32
127.69
128.06
128.43
128.77
128.95
128.92
128.70
128.34
127.91
127.48
127.09
126.76
126.48
126.26
126.18
126.23
126.41
126.68
126.99
127.23
127.38
127.41
127.35
127.24
127.15
127.11
127.12
127.18
127.27
127.42
127.64
127.91
128.22
128.53
128.85
129.18
129.51
129.82
130.10
130.18
130.04
129.68
129.17
128.59
128.08
127.67
127.40
127.25
127.18
127.17
127.22
127.29
127.37
127.47
127.56
127.65
127.74
127.81
127.89
128.00
128.13
128.26
128.40
128.47
128.47
128.39
128.26
128.10
127.96
127.85
127.78
127.74
127.73
127.84
128.09
128.47
128.93
129.41
129.84
130.17
130.39
130.53
130.60
130.53
130.34
130.02
129.64
129.23
128.88
128.61
128.45
128.36
128.33
128.35
128.40
128.46
128.53
128.61
128.74
128.92
129.16
129.43
129.70
129.88
129.94
129.89
129.74
129.55
129.25
128.86
128.37
127.85
127.42
127.10
126.93
126.87
126.88
126.95
127.06
127.18
127.31
127.44
127.54
127.59
127.59
127.56
127.51
127.45
127.38
127.31
127.25
127.19
127.17
127.18
127.23
127.31
127.40
127.53
127.68
127.86
128.04
128.22
128.42
128.62
128.84
129.06
129.26
129.41
129.51
129.56
129.56
129.53
129.45
129.33
129.18
129.01
128.84
128.59
128.26
127.86
127.43
126.99
126.66
126.46
126.40
126.45
126.56
126.64
126.65
126.56
126.42
126.35
126.39
126.56
126.81
127.10
127.40
127.70
127.98
128.23
128.45
128.63
128.78
128.89
128.98
129.04
129.13
129.27
129.46
129.68
129.90
130.01
129.97
129.79
129.52
129.19
128.92
128.75
128.70
128.73
128.82
128.90
128.93
128.90
128.83
128.74
128.66
128.61
128.60
128.61
128.64
128.65
128.64
128.60
128.53
128.46
128.36
128.23
128.07
127.91
127.74
127.61
127.53
127.49
127.50
127.45
127.32
127.11
126.85
126.57
126.39
126.35
126.47
126.69
126.96
127.26
127.57
127.86
128.12
128.35
128.55
128.71
128.84
128.94
129.01
129.04
129.01
128.94
128.84
128.72
128.55
128.32
128.03
127.72
127.42
127.07
126.69
126.28
125.87
125.49
125.19
125.00
124.92
124.92
124.98
125.07
125.19
125.31
125.44
125.56
125.66
125.75
125.83
125.90
125.95
125.98
126.01
126.03
126.04
126.05
126.21
126.55
127.08
127.72
128.29
128.72
128.99
129.12
129.16
129.12
129.03
128.92
128.79
128.65
128.50
128.32
128.13
127.93
127.75
127.60
127.51
127.47
127.47
127.50
127.57
127.69
127.84
128.01
128.18
128.29
128.32
128.28
128.18
128.04
127.84
127.57
127.25
126.90
126.56
126.31
126.19
126.20
126.30
126.47
126.64
126.79
126.91
127.00
127.06
127.12
127.20
127.30
127.41
127.52
127.62
127.71
127.79
127.85
127.91
127.95
127.98
128.01
128.02
127.98
127.87
127.70
127.48
127.25
127.10
127.06
127.14
127.29
127.48
127.78
128.18
128.66
129.18
129.69
129.98
130.02
129.77
129.35
128.82
128.35
128.00
127.81
127.74
127.76
127.81
127.87
127.92
127.96
127.99
127.98
127.94
127.86
127.76
127.65
127.53
127.42
127.33
127.24
127.17
127.13
127.14
127.20
127.27
127.37
127.47
127.57
127.66
127.74
127.81
127.87
127.92
127.96
127.99
128.01
128.03
128.03
128.04
128.04
128.01
127.95
127.86
127.75
127.63
127.54
127.49
127.48
127.50
127.54
127.62
127.74
127.89
128.05
128.22
128.35
128.44
128.47
128.47
128.45
128.38
128.27
128.13
127.97
127.80
127.65
127.50
127.37
127.26
127.17
127.10
127.04
127.00
126.97
126.95
126.89
126.77
126.59
126.38
126.16
126.00
125.91
125.91
125.96
126.06
126.31
126.72
127.29
127.94
128.56
129.10
129.53
129.85
130.09
130.14
130.01
129.70
129.29
128.83
128.32
127.81
127.29
126.81
126.38
126.08
125.93
125.94
126.06
126.24
126.49
126.79
127.11
127.44
127.76
127.99
128.13
128.16
128.13
128.04
127.92
127.79
127.66
127.53
127.41
127.36
127.38
127.49
127.64
127.82
127.98
128.11
128.20
128.24
128.26
128.27
128.25
128.23
128.20
128.17
128.11
128.03
127.91
127.78
127.57
127.27
126.88
126.46
126.03
125.73
125.59
125.61
125.76
125.98
126.25
126.53
126.80
127.06
127.29
127.46
127.57
127.62
127.62
127.58
127.53
127.46
127.39
127.32
127.25
127.22
127.22
127.27
127.34
127.42
127.49
127.52
127.51
127.48
127.43
127.38
127.32
127.26
127.20
127.15
127.08
126.99
126.87
126.74
126.61
126.54
126.54
126.62
126.75
126.91
127.00
126.99
126.88
126.70
126.49
126.37
126.37
126.51
126.74
126.94
127.07
127.11
127.08
126.99
126.91
126.84
126.80
126.79
126.79
126.77
126.73
126.67
126.58
126.50
126.38
126.24
126.07
125.90
125.73
125.65
125.68
125.83
126.05
126.30
126.52
126.67
126.74
126.75
126.72
126.71
126.75
126.84
126.97
127.11
127.23
127.32
127.36
127.37
127.36
127.33
127.30
127.25
127.21
127.17
127.16
127.18
127.24
127.32
127.42
127.49
127.53
127.52
127.49
127.45
127.39
127.33
127.27
127.21
127.24
127.37
127.60
127.89
128.20
128.50
128.74
128.92
129.06
129.15
129.15
129.06
128.89
128.67
128.43
128.26
128.20
128.25
128.38
128.55
128.68
128.71
128.65
128.51
128.34
128.11
127.86
127.58
127.30
127.04
126.93
127.01
127.27
127.66
128.11
128.52
128.87
129.11
129.28
129.38
129.44
129.45
129.43
129.40
129.35
129.30
129.25
129.20
129.16
129.12
129.06
128.97
128.86
128.73
128.61
128.49
128.37
128.28
128.19
128.13
128.07
128.03
128.00
127.98
127.99
128.04
128.12
128.23
128.35
128.44
128.49
128.50
128.48
128.44
128.39
128.33
128.28
128.22
128.17
128.05
127.84
127.54
127.19
126.83
126.51
126.24
126.04
125.90
125.81
125.78
125.81
125.89
126.01
126.15
126.34
126.60
126.90
127.23
127.55
127.85
128.13
128.37
128.57
128.73
128.86
128.96
129.03
129.08
129.11
129.07
128.96
128.78
128.55
128.37
128.24
128.20
128.21
128.26
128.33
128.42
128.51
128.60
128.69
128.79
128.92
129.06
129.21
129.36
129.44
129.45
129.38
129.26
129.10
128.94
128.77
128.61
128.47
128.34
128.24
128.15
128.08
128.03
127.99
127.96
127.95
127.94
127.93
127.94
127.97
128.03
128.13
128.24
128.36
128.37
128.26
128.00
127.66
127.28
126.94
126.68
126.52
126.43
126.40
126.49
126.70
127.02
127.41
127.76
128.05
128.25
128.38
128.45
128.52
128.63
128.78
128.95
129.12
129.26
129.36
129.41
129.43
129.41
129.41
129.42
129.46
129.52
129.59
129.52
129.30
128.92
128.44
127.92
127.48
127.16
126.98
126.91
126.92
126.95
126.99
127.02
127.04
127.06
127.11
127.23
127.40
127.61
127.83
128.02
128.17
128.26
128.31
128.33
128.27
128.14
127.93
127.68
127.41
127.15
126.91
126.69
126.50
126.34
126.29
126.36
126.55
126.81
127.06
127.26
127.38
127.45
127.47
127.44
127.35
127.21
127.06
126.89
126.83
126.90
127.12
127.43
127.78
128.12
128.42
128.66
128.84
128.98
128.97
128.81
128.49
128.08
127.63
127.25
126.99
126.86
126.82
126.87
126.98
127.16
127.38
127.62
127.87
128.04
128.14
128.14
128.09
127.99
127.87
127.74
127.60
127.48
127.37
127.30
127.27
127.29
127.34
127.41
127.47
127.50
127.49
127.46
127.49
127.61
127.82
128.08
128.37
128.58
128.68
128.66
128.56
128.41
128.25
128.11
128.01
127.94
127.89
127.86
127.85
127.85
127.86
127.87
127.83
127.74
127.58
127.38
127.17
126.98
126.84
126.75
126.70
126.68
126.71
126.79
126.91
127.05
127.20
127.24
127.15
126.92
126.60
126.24
126.00
125.92
126.03
126.27
126.58
126.88
127.12
127.28
127.38
127.43
127.38
127.25
127.04
126.79
126.51
126.29
126.15
126.09
126.10
126.21
126.41
126.69
127.00
127.33
127.60
127.78
127.87
127.88
127.84
127.80
127.76
127.75
127.76
127.78
127.77
127.74
127.68
127.60
127.52
127.43
127.34
127.26
127.19
127.14
127.11
127.13
127.19
127.28
127.38
127.45
127.49
127.50
127.47
127.43
127.43
127.49
127.61
127.77
127.95
128.15
128.38
128.63
128.88
129.11
129.19
129.09
128.80
128.39
127.92
127.57
127.39
127.40
127.55
127.78
128.07
128.37
128.67
128.95
129.12
129.17
129.08
128.92
128.69
128.42
128.12
127.79
127.46
127.16
126.88
126.64
126.44
126.27
126.14
126.04
125.97
125.92
125.89
125.88
125.93
126.04
126.23
126.46
126.70
126.91
127.08
127.19
127.26
127.29
127.33
127.38
127.44
127.52
127.60
127.67
127.75
127.81
127.86
127.91
127.95
127.98
128.00
128.01
128.02
128.03
128.03
128.03
128.03
128.03
128.02
128.02
128.02
128.01
128.06
128.18
128.35
128.56
128.79
128.98
129.14
129.23
129.29
129.32
129.21
128.96
128.58
128.12
127.63
127.17
126.78
126.46
126.21
126.02
125.97
126.06
126.28
126.57
126.91
127.32
127.77
128.26
128.75
129.21
129.52
129.66
129.62
129.45
129.19
128.85
128.43
127.95
127.45
126.98
126.64
126.48
126.51
126.65
126.88
127.18
127.53
127.91
128.28
128.64
128.85
128.90
128.78
128.55
128.23
127.84
127.42
126.99
126.58
126.22
125.89
125.62
125.39
125.21
125.08
124.98
124.91
124.87
124.84
124.97
125.26
125.71
126.26
126.85
127.37
127.80
128.11
128.32
128.45
128.50
128.46
128.35
128.21
128.04
127.92
127.87
127.89
127.97
128.08
128.20
128.33
128.46
128.58
128.68
128.72
128.68
128.56
128.40
128.21
128.01
127.82
127.64
127.48
127.34
127.23
127.13
127.06
127.01
126.97
126.95
126.93
126.92
126.92
126.90
126.85
126.77
126.67
126.57
126.52
126.53
126.62
126.76
126.92
127.07
127.18
127.25
127.28
127.29
127.31
127.34
127.40
127.48
127.56
127.64
127.71
127.78
127.84
127.89
127.90
127.88
127.82
127.73
127.63
127.49
127.34
127.15
126.96
126.78
126.66
126.62
126.67
126.78
126.91
127.04
127.14
127.21
127.24
127.25
127.22
127.14
127.03
126.89
126.75
126.64
126.57
126.54
126.54
126.57
126.59
126.58
126.54
126.49
126.48
126.53
126.64
126.79
126.96
127.11
127.22
127.29
127.32
127.32
127.36
127.45
127.60
127.77
127.96
128.10
128.16
128.14
128.07
127.96
127.86
127.78
127.74
127.72
127.73
127.75
127.77
127.80
127.83
127.86
127.84
127.75
127.60
127.40
127.19
126.95
126.69
126.42
126.16
125.91
125.71
125.58
125.50
125.48
125.49
125.55
125.66
125.81
125.97
126.14
126.39
126.72
127.12
127.56
127.94
128.24
128.43
128.55
128.60
128.60
128.57
128.52
128.46
128.39
128.27
128.09
127.85
127.58
127.31
127.05
126.81
126.60
126.42
126.27
126.21
126.23
126.34
126.51
126.71
126.97
127.28
127.65
128.03
128.41
128.67
128.81
128.81
128.72
128.56
128.33
128.07
127.77
127.47
127.18
126.91
126.67
126.47
126.31
126.17
126.12
126.16
126.29
126.47
126.68
126.87
127.02
127.13
127.19
127.23
127.30
127.41
127.57
127.76
127.88
127.91
127.82
127.66
127.46
127.35
127.36
127.51
127.75
128.03
128.23
128.31
128.23
128.07
127.84
127.58
127.31
127.06
126.82
126.61
126.46
126.37
126.34
126.35
126.40
126.51
126.70
126.96
127.24
127.54
127.80
128.00
128.15
128.24
128.29
128.31
128.31
128.29
128.26
128.23
128.17
128.07
127.95
127.82
127.68
127.57
127.50
127.48
127.50
127.53
127.53
127.47
127.36
127.20
127.11
127.10
127.20
127.37
127.57
127.76
127.92
128.04
128.12
128.17
128.17
128.12
128.02
127.90
127.77
127.63
127.51
127.39
127.29
127.20
127.18
127.24
127.37
127.55
127.76
127.91
128.00
128.01
127.96
127.88
127.82
127.82
127.88
127.99
128.11
128.28
128.47
128.69
128.91
129.12
129.29
129.41
129.47
129.49
129.47
129.38
129.22
128.99
128.72
128.44
128.11
127.74
127.34
126.93
126.54
126.24
126.04
125.95
125.95
126.05
126.26
126.55
126.88
127.23
127.60
127.97
128.33
128.68
129.00
129.24
129.42
129.52
129.56
129.56
129.55
129.56
129.59
129.63
129.68
129.65
129.53
129.31
129.03
128.73
128.45
128.22
128.04
127.92
127.84
127.76
127.68
127.59
127.49
127.40
127.23
126.98
126.65
126.27
125.89
125.52
125.17
124.87
124.62
124.40
124.28
124.27
124.35
124.49
124.67
124.90
125.16
125.43
125.71
125.98
126.22
126.43
126.60
126.75
126.84
126.87
126.85
126.78
126.70
126.68
126.75
126.92
127.15
127.41
127.57
127.60
127.48
127.27
126.99
126.86
126.90
127.15
127.53
127.99
128.28
128.35
128.16
127.81
127.36
126.97
126.70
126.58
126.57
126.64
126.71
126.75
126.73
126.68
126.61
126.66
126.87
127.23
127.68
128.18
128.62
128.98
129.23
129.40
129.49
129.59
129.70
129.85
130.02
130.18
130.21
130.07
129.76
129.34
128.89
128.46
128.09
127.76
127.50
127.28
127.12
127.00
126.91
126.86
126.88
126.98
127.16
127.38
127.63
127.90
128.19
128.49
128.78
129.05
129.15
129.07
128.80
128.40
127.94
127.54
127.25
127.08
127.01
127.02
127.02
127.00
126.92
126.83
126.71
126.59
126.48
126.37
126.28
126.20
126.18
126.25
126.38
126.56
126.77
127.03
127.35
127.71
128.09
128.45
128.71
128.84
128.84
128.73
128.57
128.32
127.99
127.60
127.19
126.78
126.40
126.06
125.77
125.52
125.34
125.24
125.21
125.23
125.29
125.37
125.45
125.54
125.63
125.71
125.73
125.68
125.55
125.38
125.19
125.15
125.30
125.66
126.14
126.68
127.22
127.70
128.11
128.44
128.70
128.85
128.88
128.80
128.65
128.46
128.30
128.19
128.17
128.19
128.25
128.25
128.17
128.00
127.78
127.52
127.34
127.27
127.30
127.42
127.59
127.73
127.81
127.83
127.80
127.73
127.70
127.72
127.80
127.92
128.04
128.13
128.19
128.22
128.23
128.15
127.96
127.67
127.32
126.95
126.62
126.34
126.12
125.97
125.86
125.84
125.92
126.09
126.31
126.55
126.82
127.12
127.43
127.73
128.01
128.17
128.21
128.13
127.95
127.72
127.44
127.13
126.80
126.47
126.16
125.96
125.89
125.95
126.11
126.32
126.50
126.63
126.68
126.69
126.65
126.65
126.69
126.79
126.92
127.07
127.20
127.30
127.35
127.36
127.41
127.50
127.64
127.81
128.00
128.21
128.44
128.68
128.92
129.15
129.27
129.28
129.16
128.96
128.72
128.56
128.53
128.64
128.84
129.10
129.25
129.25
129.07
128.78
128.43
128.16
128.02
128.03
128.14
128.31
128.45
128.50
128.46
128.35
128.21
128.07
127.95
127.87
127.82
127.80
127.74
127.63
127.47
127.28
127.07
126.87
126.69
126.52
126.37
126.25
126.18
126.16
126.19
126.26
126.34
126.36
126.28
126.11
125.87
125.74
125.76
125.94
126.23
126.59
126.91
127.17
127.34
127.44
127.49
127.55
127.64
127.78
127.94
128.11
128.31
128.52
128.75
128.97
129.19
129.38
129.55
129.69
129.81
129.90
129.94
129.94
129.88
129.80
129.69
129.53
129.31
129.03
128.73
128.42
128.18
128.03
127.98
128.00
128.07
128.13
128.19
128.22
128.23
128.22
128.20
128.18
128.16
128.13
128.10
128.03
127.89
127.70
127.47
127.23
127.05
126.95
126.93
126.98
127.12
127.35
127.65
127.98
128.33
128.55
128.62
128.53
128.34
128.07
127.80
127.56
127.36
127.20
127.08
127.04
127.09
127.23
127.42
127.64
127.87
128.09
128.29
128.47
128.62
128.67
128.60
128.41
128.15
127.86
127.55
127.25
126.97
126.73
126.52
126.34
126.20
126.09
126.01
125.95
125.91
125.89
125.88
125.88
125.89
125.92
125.99
126.10
126.22
126.34
126.52
126.75
127.03
127.33
127.58
127.75
127.83
127.84
127.80
127.71
127.56
127.38
127.17
126.97
126.85
126.85
126.96
127.14
127.37
127.57
127.70
127.76
127.76
127.71
127.70
127.73
127.82
127.95
128.10
128.22
128.31
128.35
128.36
128.35
128.27
128.12
127.90
127.65
127.38
127.17
127.05
127.01
127.03
127.10
127.17
127.23
127.25
127.26
127.25
127.30
127.45
127.69
127.98
128.29
128.60
128.89
129.16
129.39
129.58
129.69
129.70
129.61
129.47
129.29
129.09
128.90
128.71
128.55
128.32
128.02
127.65
127.25
126.85
126.53
126.30
126.17
126.13
126.15
126.23
126.37
126.56
126.76
126.97
127.12
127.19
127.18
127.11
127.00
126.87
126.73
126.59
126.47
126.35
126.25
126.17
126.10
126.05
126.01
125.93
125.80
125.61
125.39
125.16
124.94
124.73
124.55
124.39
124.26
124.26
124.41
124.70
125.09
125.51
125.97
126.44
126.90
127.34
127.74
128.03
128.20
128.26
128.24
128.10
127.86
127.55
127.19
126.82
126.57
126.47
126.54
126.72
126.96
127.25
127.54
127.82
128.08
128.31
128.54
128.76
128.98
129.19
129.39
129.47
129.44
129.29
129.06
128.79
128.53
128.31
128.13
128.01
127.92
127.75
127.49
127.12
126.69
126.25
125.90
125.67
125.58
125.60
125.68
125.79
125.88
125.96
126.01
126.05
126.07
126.09
126.09
126.09
126.08
126.07
126.06
126.05
126.04
126.11
126.28
126.54
126.85
127.19
127.46
127.66
127.76
127.80
127.77
127.77
127.81
127.90
128.02
128.16
128.17
128.02
127.70
127.27
126.80
126.43
126.20
126.13
126.19
126.32
126.53
126.80
127.10
127.42
127.72
127.98
128.17
128.30
128.37
128.40
128.38
128.30
128.17
128.02
127.86
127.68
127.47
127.25
127.03
126.82
126.70
126.71
126.83
127.04
127.29
127.50
127.65
127.72
127.73
127.69
127.61
127.48
127.30
127.11
126.92
126.74
126.57
126.42
126.29
126.24
126.27
126.39
126.55
126.75
126.90
126.98
126.99
126.94
126.85
126.88
127.06
127.39
127.81
128.28
128.68
128.96
129.10
129.14
129.11
129.03
128.92
128.79
128.66
128.53
128.41
128.31
128.22
128.14
128.08
128.06
128.09
128.15
128.24
128.35
128.51
128.73
129.00
129.30
129.60
129.81
129.90
129.86
129.73
129.55
129.34
129.12
128.91
128.71
128.53
128.43
128.42
128.50
128.63
128.82
129.06
129.33
129.61
129.88
130.08
130.18
130.19
130.14
130.04
129.83
129.52
129.12
128.67
128.21
127.80
127.45
127.19
126.99
126.85
126.82
126.88
127.04
127.26
127.50
127.67
127.74
127.70
127.58
127.41
127.22
127.01
126.82
126.64
126.48
126.31
126.14
125.96
125.78
125.61
125.57
125.67
125.92
126.26
126.64
126.98
127.25
127.42
127.52
127.56
127.56
127.53
127.48
127.42
127.44
127.54
127.75
128.02
128.31
128.44
128.38
128.10
127.69
127.20
126.87
126.77
126.93
127.25
127.68
128.00
128.14
128.07
127.86
127.56
127.24
126.93
126.67
126.45
126.27
126.21
126.28
126.47
126.74
127.05
127.35
127.60
127.80
127.95
128.06
128.08
128.01
127.85
127.64
127.41
127.20
127.02
126.90
126.82
126.77
126.78
126.84
126.94
127.06
127.20
127.29
127.31
127.25
127.15
127.01
126.86
126.71
126.57
126.44
126.45
126.64
127.01
127.48
128.00
128.49
128.93
129.30
129.59
129.82
129.94
129.94
129.84
129.67
129.47
129.19
128.85
128.46
128.06
127.66
127.33
127.06
126.87
126.74
126.67
126.60
126.54
126.47
126.39
126.32
126.22
126.11
125.96
125.81
125.66
125.60
125.65
125.81
126.03
126.30
126.55
126.76
126.92
127.04
127.12
127.22
127.36
127.55
127.76
127.97
128.09
128.11
128.01
127.83
127.60
127.44
127.37
127.41
127.52
127.60
127.61
127.53
127.39
127.22
127.11
127.10
127.19
127.36
127.56
127.80
128.08
128.37
128.67
128.94
129.12
129.16
129.08
128.91
128.69
128.47
128.28
128.13
128.02
127.94
127.94
128.03
128.19
128.40
128.64
128.79
128.85
128.79
128.65
128.46
128.31
128.21
128.18
128.21
128.27
128.24
128.11
127.84
127.51
127.14
126.76
126.41
126.08
125.80
125.56
125.36
125.20
125.07
124.99
124.95
124.97
125.04
125.13
125.25
125.40
125.57
125.77
125.98
126.18
126.33
126.44
126.49
126.50
126.48
126.55
126.72
127.02
127.39
127.79
128.11
128.31
128.38
128.36
128.27
128.11
127.90
127.66
127.39
127.13
127.05
127.18
127.53
128.01
128.56
129.00
129.26
129.33
129.25
129.07
128.89
128.75
128.66
128.61
128.60
128.62
128.65
128.69
128.73
128.78
128.82
128.86
128.90
128.93
128.95
128.95
128.90
128.83
128.73
128.65
128.60
128.58
128.59
128.62
128.72
128.88
129.11
129.37
129.64
129.87
130.06
130.18
130.26
130.30
130.24
130.06
129.77
129.42
129.04
128.72
128.49
128.35
128.29
128.28
128.24
128.13
127.93
127.70
127.44
127.18
126.94
126.72
126.53
126.36
126.33
126.46
126.73
127.10
127.51
127.88
128.17
128.37
128.49
128.54
128.53
128.45
128.31
128.15
127.97
127.82
127.72
127.66
127.63
127.63
127.58
127.44
127.21
126.93
126.77
126.76
126.93
127.21
127.55
127.85
128.05
128.13
128.13
128.07
127.97
127.85
127.72
127.59
127.46
127.38
127.34
127.35
127.39
127.45
127.52
127.60
127.67
127.74
127.81
127.83
127.82
127.77
127.69
127.60
127.50
127.41
127.32
127.24
127.17
127.04
126.82
126.52
126.17
125.81
125.57
125.47
125.54
125.72
125.97
126.25
126.55
126.83
127.09
127.32
127.46
127.51
127.47
127.36
127.21
127.17
127.28
127.56
127.94
128.29
128.56
128.72
128.79
128.80
128.76
128.70
128.61
128.52
128.43
128.31
128.18
128.02
127.85
127.69
127.51
127.32
127.12
126.91
126.72
126.52
126.32
126.10
125.89
125.69
125.57
125.54
125.59
125.71
125.85
125.94
125.94
125.83
125.66
125.45
125.33
125.34
125.48
125.72
126.01
126.24
126.37
126.39
126.33
126.22
126.16
126.17
126.28
126.44
126.64
126.86
127.07
127.26
127.44
127.52
127.47
127.31
127.07
126.80
126.51
126.22
125.96
125.72
125.52
125.53
125.80
126.31
126.98
127.71
128.32
128.75
128.95
128.99
128.91
128.73
128.46
128.15
127.81
127.48
127.22
127.06
126.99
127.00
127.06
127.09
127.09
127.03
126.93
126.81
126.63
126.39
126.10
125.78
125.46
125.34
125.47
125.86
126.40
127.03
127.66
128.23
128.73
129.15
129.49
129.75
129.95
130.09
130.19
130.24
130.27
130.27
130.26
130.24
130.16
130.01
129.80
129.56
129.30
129.00
128.66
128.28
127.88
127.51
127.22
127.03
126.95
126.95
127.01
127.05
127.04
126.99
126.89
126.78
126.74
126.79
126.95
127.17
127.42
127.60
127.68
127.64
127.53
127.37
127.24
127.16
127.15
127.19
127.26
127.27
127.19
127.02
126.80
126.54
126.33
126.20
126.14
126.15
126.20
126.26
126.29
126.30
126.29
126.27
126.24
126.21
126.17
126.14
126.11
126.19
126.39
126.73
127.14
127.50
127.77
127.91
127.97
127.95
127.89
127.80
127.69
127.58
127.47
127.37
127.28
127.20
127.14
127.08
127.01
126.92
126.81
126.69
126.57
126.56
126.68
126.95
127.30
127.68
128.03
128.29
128.46
128.56
128.59
128.64
128.72
128.84
128.99
129.15
129.28
129.37
129.41
129.42
129.40
129.32
129.16
128.93
128.67
128.40
128.16
127.97
127.84
127.75
127.71
127.69
127.70
127.72
127.75
127.73
127.65
127.50
127.32
127.13
126.95
126.82
126.74
126.70
126.68
126.71
126.79
126.91
127.06
127.21
127.35
127.49
127.61
127.72
127.81
127.94
128.11
128.33
128.58
128.82
128.98
129.02
128.95
128.79
128.58
128.41
128.29
128.24
128.25
128.30
128.31
128.28
128.19
128.06
127.92
127.79
127.70
127.66
127.64
127.65
127.65
127.63
127.58
127.51
127.44
127.42
127.46
127.57
127.73
127.90
128.06
128.18
128.25
128.29
128.33
128.38
128.45
128.52
128.60
128.57
128.41
128.12
127.75
127.34
126.98
126.71
126.53
126.43
126.39
126.31
126.18
125.97
125.71
125.44
125.34
125.43
125.74
126.19
126.70
127.22
127.68
128.08
128.41
128.67
128.87
129.02
129.12
129.19
129.22
129.18
129.06
128.87
128.64
128.38
128.16
127.98
127.86
127.78
127.73
127.64
127.47
127.22
126.92
126.62
126.37
126.20
126.12
126.12
126.16
126.32
126.58
126.95
127.37
127.78
128.15
128.45
128.69
128.87
128.93
128.85
128.65
128.36
128.03
127.67
127.29
126.89
126.52
126.17
125.95
125.86
125.91
126.06
126.27
126.46
126.59
126.65
126.66
126.63
126.60
126.59
126.60
126.63
126.68
126.61
126.43
126.12
125.74
125.32
124.99
124.76
124.68
124.68
124.76
124.93
125.19
125.52
125.89
126.26
126.66
127.10
127.56
128.01
128.43
128.71
128.81
128.73
128.53
128.25
127.96
127.70
127.47
127.29
127.15
127.04
126.96
126.91
126.88
126.91
127.03
127.21
127.43
127.67
127.94
128.22
128.52
128.80
129.07
129.25
129.33
129.32
129.25
129.13
128.95
128.74
128.50
128.25
128.01
127.81
127.67
127.59
127.56
127.55
127.55
127.53
127.49
127.44
127.37
127.36
127.42
127.54
127.70
127.89
128.08
128.26
128.42
128.57
128.70
128.80
128.89
128.95
129.00
129.03
128.98
128.82
128.55
128.23
127.97
127.80
127.74
127.77
127.86
128.01
128.20
128.44
128.68
128.93
129.08
129.11
129.02
128.85
128.63
128.42
128.23
128.09
127.98
127.91
127.89
127.93
128.01
128.11
128.24
128.37
128.49
128.60
128.70
128.79
128.81
128.75
128.62
128.44
128.24
128.05
127.91
127.81
127.76
127.73
127.75
127.82
127.93
128.07
128.21
128.30
128.32
128.27
128.16
128.02
127.87
127.72
127.57
127.44
127.32
127.23
127.14
127.08
127.03
127.07
127.22
127.47
127.78
128.12
128.35
128.44
128.37
128.20
127.96
127.74
127.57
127.48
127.44
127.44
127.50
127.61
127.76
127.93
128.11
128.25
128.36
128.41
128.42
128.41
128.41
128.42
128.46
128.52
128.59
128.63
128.64
128.61
128.56
128.49
128.39
128.26
128.10
127.93
127.76
127.66
127.63
127.68
127.79
127.93
128.06
128.16
128.22
128.25
128.26
128.17
127.98
127.69
127.34
126.97
126.71
126.60
126.65
126.81
127.01
127.22
127.41
127.57
127.71
127.79
127.82
127.80
127.74
127.66
127.62
127.64
127.73
127.86
128.01
128.17
128.32
128.47
128.60
128.71
128.83
128.97
129.12
129.27
129.41
129.49
129.50
129.42
129.29
129.13
128.95
128.78
128.62
128.47
128.35
128.21
128.06
127.91
127.75
127.59
127.43
127.25
127.06
126.87
126.69
126.55
126.47
126.43
126.44
126.48
126.53
126.59
126.66
126.72
126.78
126.89
127.05
127.27
127.51
127.68
127.75
127.71
127.59
127.41
127.27
127.19
127.17
127.20
127.27
127.35
127.44
127.54
127.63
127.72
127.74
127.68
127.56
127.39
127.19
127.05
126.97
126.97
127.02
127.11
127.20
127.26
127.29
127.29
127.28
127.29
127.31
127.37
127.44
127.52
127.50
127.35
127.06
126.70
126.30
125.98
125.77
125.68
125.70
125.78
125.92
126.12
126.36
126.62
126.87
127.09
127.24
127.34
127.39
127.40
127.42
127.45
127.50
127.56
127.65
127.78
127.93
128.09
128.26
128.44
128.63
128.85
129.05
129.25
129.46
129.67
129.89
130.10
130.30
130.37
130.29
130.06
129.74
129.36
129.05
128.85
128.77
128.77
128.84
128.93
129.01
129.06
129.09
129.11
129.15
129.20
129.28
129.38
129.48
129.47
129.33
129.06
128.70
128.31
127.94
127.61
127.35
127.15
127.00
126.95
127.00
127.14
127.33
127.56
127.75
127.86
127.89
127.87
127.84
127.81
127.79
127.80
127.81
127.83
127.85
127.88
127.90
127.92
127.94
127.96
127.97
127.98
127.99
127.97
127.92
127.83
127.73
127.62
127.50
127.40
127.30
127.22
127.15
127.04
126.88
126.67
126.43
126.19
126.03
125.99
126.07
126.23
126.43
126.60
126.72
126.76
126.75
126.71
126.66
126.64
126.64
126.66
126.69
126.73
126.77
126.81
126.85
126.89
126.86
126.78
126.62
126.42
126.21
126.10
126.13
126.30
126.56
126.85
127.13
127.37
127.57
127.74
127.87
127.97
128.04
128.08
128.11
128.10
128.05
127.95
127.83
127.71
127.53
127.29
127.01
126.70
126.39
126.18
126.09
126.13
126.26
126.44
126.63
126.79
126.91
127.01
127.07
127.08
127.05
126.97
126.86
126.74
126.59
126.41
126.21
126.01
125.81
125.76
125.89
126.19
126.61
127.09
127.52
127.88
128.14
128.31
128.41
128.41
128.31
128.11
127.86
127.59
127.36
127.21
127.15
127.15
127.14
127.10
127.02
126.90
126.77
126.70
126.68
126.75
126.86
126.99
127.12
127.21
127.27
127.29
127.29
127.25
127.17
127.05
126.91
126.76
126.64
126.57
126.54
126.54
126.57
126.64
126.74
126.89
127.05
127.21
127.31
127.34
127.29
127.18
127.05
126.98
126.99
127.11
127.30
127.52
127.65
127.65
127.51
127.27
126.99
126.71
126.46
126.27
126.11
126.00
125.97
126.04
126.19
126.39
126.62
126.74
126.74
126.59
126.35
126.05
125.73
125.42
125.12
124.85
124.65
124.51
124.44
124.42
124.43
124.56
124.79
125.12
125.51
125.91
126.25
126.51
126.66
126.73
126.74
126.76
126.81
126.91
127.04
127.19
127.35
127.55
127.76
127.98
128.18
128.32
128.37
128.33
128.23
128.10
128.00
127.96
127.98
128.05
128.16
128.19
128.14
127.99
127.78
127.53
127.28
127.04
126.81
126.61
126.43
126.26
126.08
125.90
125.73
125.65
125.68
125.82
126.04
126.30
126.51
126.67
126.74
126.75
126.71
126.65
126.58
126.49
126.40
126.32
126.25
126.18
126.13
126.08
126.04
126.02
126.00
125.98
125.97
125.97
126.05
126.22
126.49
126.81
127.16
127.41
127.56
127.58
127.51
127.38
127.27
127.20
127.20
127.24
127.31
127.34
127.32
127.23
127.10
126.96
126.91
126.99
127.20
127.50
127.85
128.15
128.38
128.52
128.59
128.61
128.51
128.29
127.97
127.58
127.27
127.10
127.08
127.17
127.33
127.42
127.41
127.28
127.06
126.80
126.57
126.41
126.33
126.31
126.33
126.38
126.45
126.53
126.61
126.68
126.73
126.73
126.70
126.64
126.56
126.39
126.14
125.79
125.40
124.99
124.77
124.75
124.97
125.34
125.79
126.28
126.77
127.23
127.65
128.01
128.27
128.41
128.43
128.37
128.25
128.08
127.86
127.60
127.34
127.08
126.82
126.55
126.28
126.02
125.78
125.60
125.49
125.43
125.42
125.50
125.66
125.90
126.18
126.47
126.71
126.86
126.92
126.91
126.86
126.78
126.68
126.57
126.47
126.37
126.31
126.29
126.31
126.36
126.44
126.52
126.60
126.68
126.75
126.81
126.79
126.66
126.43
126.14
125.82
125.42
124.94
124.40
123.83
123.29
122.92
122.75
122.81
123.02
123.33
123.66
123.98
124.26
124.49
124.68
124.78
124.78
124.68
124.53
124.34
124.29
124.43
124.77
125.24
125.77
126.25
126.66
126.97
127.18
127.33
127.41
127.44
127.44
127.42
127.41
127.42
127.46
127.51
127.58
127.59
127.54
127.43
127.27
127.09
126.96
126.90
126.91
126.98
127.09
127.15
127.17
127.11
127.01
126.89
126.81
126.79
126.84
126.94
127.07
127.18
127.26
127.30
127.32
127.31
127.29
127.26
127.22
127.19
127.15
127.04
126.84
126.54
126.20
125.85
125.58
125.42
125.40
125.47
125.60
125.82
126.12
126.48
126.87
127.23
127.54
127.77
127.95
128.08
128.17
128.22
128.24
128.25
128.24
128.27
128.36
128.51
128.69
128.89
129.01
129.03
128.93
128.76
128.55
128.31
128.08
127.86
127.66
127.48
127.31
127.13
126.94
126.76
126.59
126.50
126.48
126.56
126.68
126.84
126.99
127.11
127.18
127.23
127.25
127.19
127.06
126.86
126.62
126.37
126.20
126.13
126.19
126.32
126.51
126.72
126.93
127.14
127.33
127.50
127.67
127.85
128.04
128.22
128.34
128.37
128.33
128.22
128.08
127.95
127.85
127.79
127.76
127.75
127.78
127.86
127.97
128.10
128.25
128.33
128.35
128.29
128.18
128.04
127.94
127.89
127.93
128.00
128.11
128.21
128.28
128.31
128.32
128.31
128.28
128.25
128.21
128.18
128.14
128.16
128.25
128.40
128.60
128.81
128.91
128.88
128.71
128.44
128.12
127.79
127.46
127.15
126.87
126.63
126.42
126.26
126.13
126.03
125.96
125.89
125.80
125.70
125.59
125.53
125.55
125.63
125.77
125.93
126.12
126.35
126.59
126.84
127.08
127.32
127.56
127.81
128.05
128.27
128.43
128.54
128.58
128.58
128.55
128.48
128.36
128.20
128.03
127.85
127.73
127.69
127.73
127.83
127.96
128.08
128.18
128.23
128.26
128.26
128.23
128.15
128.03
127.89
127.75
127.64
127.56
127.54
127.54
127.57
127.58
127.58
127.54
127.49
127.42
127.44
127.54
127.75
128.01
128.30
128.49
128.54
128.44
128.24
128.06
127.95
127.92
127.96
128.05
128.07
128.02
127.88
127.68
127.45
127.24
127.06
126.94
126.85
126.80
126.77
126.77
126.78
126.79
126.82
126.87
126.96
127.07
127.20
127.33
127.41
127.41
127.34
127.22
127.07
127.07
127.25
127.63
128.13
128.69
129.12
129.38
129.43
129.34
129.15
128.85
128.46
128.00
127.52
127.05
126.69
126.46
126.39
126.42
126.53
126.71
126.95
127.22
127.51
127.74
127.89
127.94
127.93
127.87
127.87
127.93
128.09
128.31
128.55
128.77
128.95
129.07
129.16
129.21
129.24
129.24
129.23
129.21
129.19
129.16
129.13
129.11
129.08
129.06
128.99
128.86
128.67
128.45
128.21
128.04
127.94
127.93
127.98
128.07
128.18
128.30
128.42
128.54
128.65
128.74
128.82
128.89
128.94
128.98
128.93
128.77
128.52
128.21
127.87
127.59
127.38
127.27
127.24
127.25
127.27
127.29
127.28
127.27
127.24
127.21
127.17
127.14
127.11
127.00
126.81
126.52
126.18
125.83
125.57
125.42
125.40
125.47
125.60
125.74
125.87
125.96
126.03
126.08
126.08
126.04
125.95
125.84
125.72
125.70
125.81
126.06
126.39
126.76
127.11
127.42
127.67
127.86
128.00
128.02
127.91
127.68
127.38
127.03
126.85
126.86
127.09
127.46
127.90
128.30
128.61
128.79
128.87
128.88
128.85
128.77
128.68
128.58
128.48
128.36
128.21
128.04
127.87
127.70
127.55
127.41
127.29
127.19
127.06
126.88
126.66
126.41
126.17
125.98
125.88
125.87
125.92
126.02
126.11
126.18
126.22
126.24
126.24
126.31
126.46
126.70
126.99
127.30
127.56
127.73
127.82
127.83
127.80
127.68
127.48
127.21
126.90
126.58
126.35
126.24
126.26
126.36
126.52
126.69
126.83
126.94
127.02
127.08
127.14
127.22
127.31
127.41
127.52
127.59
127.62
127.61
127.57
127.51
127.47
127.46
127.48
127.52
127.57
127.63
127.70
127.76
127.81
127.86
127.90
127.94
127.96
127.98
127.95
127.84
127.67
127.46
127.24
127.04
126.89
126.79
126.73
126.70
126.67
126.63
126.56
126.49
126.41
126.39
126.43
126.54
126.70
126.88
127.01
127.08
127.07
127.00
126.90
126.84
126.83
126.88
126.98
127.11
127.19
127.21
127.16
127.06
126.93
126.82
126.74
126.70
126.68
126.69
126.77
126.91
127.12
127.37
127.64
127.89
128.13
128.35
128.53
128.63
128.64
128.56
128.42
128.25
128.09
127.95
127.86
127.81
127.78
127.80
127.86
127.97
128.10
128.24
128.37
128.50
128.62
128.72
128.81
128.83
128.77
128.63
128.45
128.25
128.12
128.08
128.17
128.32
128.52
128.74
128.96
129.17
129.36
129.53
129.56
129.45
129.19
128.84
128.44
128.13
127.97
127.96
128.06
128.24
128.40
128.52
128.58
128.59
128.56
128.46
128.29
128.04
127.76
127.47
127.19
126.92
126.69
126.49
126.35
126.28
126.26
126.29
126.35
126.37
126.34
126.25
126.11
125.96
125.86
125.82
125.85
125.94
126.06
126.19
126.33
126.46
126.58
126.69
126.86
127.11
127.44
127.80
128.18
128.51
128.78
128.99
129.13
129.22
129.25
129.22
129.13
129.00
128.86
128.61
128.24
127.76
127.22
126.67
126.24
125.99
125.92
125.98
126.13
126.28
126.40
126.46
126.48
126.47
126.46
126.47
126.51
126.56
126.67
126.85
127.09
127.36
127.63
127.82
127.89
127.84
127.71
127.53
127.32
127.10
126.89
126.69
126.52
126.42
126.41
126.49
126.62
126.79
127.03
127.33
127.68
128.05
128.41
128.73
128.97
129.15
129.26
129.33
129.33
129.27
129.17
129.03
128.88
128.75
128.66
128.62
128.61
128.62
128.60
128.52
128.39
128.22
128.04
127.91
127.85
127.87
127.94
128.05
128.10
128.06
127.92
127.72
127.49
127.36
127.35
127.49
127.72
127.87
127.88
127.74
127.50
127.19
126.91
126.70
126.56
126.49
126.47
126.45
126.43
126.39
126.35
126.29
126.27
126.28
126.32
126.39
126.47
126.63
126.89
127.23
127.62
128.02
128.36
128.60
128.73
128.79
128.79
128.72
128.59
128.42
128.22
128.01
127.84
127.72
127.65
127.62
127.61
127.53
127.33
127.01
126.63
126.22
125.93
125.77
125.79
125.91
126.11
126.36
126.61
126.87
127.11
127.32
127.45
127.50
127.45
127.33
127.24
127.18
127.19
127.24
127.31
127.40
127.49
127.59
127.67
127.75
127.85
127.96
128.10
128.24
128.38
128.46
128.46
128.39
128.26
128.11
127.94
127.77
127.61
127.46
127.34
127.26
127.23
127.25
127.30
127.38
127.44
127.47
127.47
127.44
127.40
127.32
127.21
127.07
126.91
126.75
126.65
126.63
126.69
126.80
126.94
127.09
127.25
127.40
127.54
127.66
127.74
127.76
127.74
127.69
127.61
127.55
127.52
127.53
127.56
127.57
127.57
127.53
127.48
127.42
127.43
127.54
127.75
128.01
128.30
128.46
128.46
128.27
127.96
127.59
127.24
126.96
126.77
126.64
126.57
126.52
126.47
126.41
126.34
126.28
126.17
126.00
125.77
125.52
125.26
125.10
125.04
125.10
125.25
125.45
125.72
126.06
126.46
126.87
127.27
127.57
127.73
127.75
127.68
127.53
127.45
127.48
127.64
127.87
128.15
128.31
128.31
128.14
127.85
127.54
127.28
127.07
126.93
126.83
126.77
126.74
126.73
126.74
126.76
126.84
126.99
127.20
127.44
127.69
127.91
128.09
128.20
128.27
128.31
128.34
128.39
128.45
128.53
128.61
128.63
128.58
128.47
128.31
128.13
127.94
127.76
127.59
127.44
127.31
127.21
127.12
127.05
127.00
126.97
126.95
126.93
126.93
126.93
126.93
126.94
126.95
126.95
126.96
126.97
127.00
127.07
127.16
127.27
127.39
127.50
127.61
127.71
127.79
127.78
127.66
127.44
127.15
126.84
126.60
126.46
126.45
126.53
126.66
126.77
126.83
126.83
126.79
126.71
126.60
126.44
126.26
126.06
125.87
125.68
125.52
125.38
125.26
125.16
125.13
125.19
125.33
125.51
125.72
125.96
126.23
126.51
126.78
127.04
127.25
127.39
127.47
127.50
127.50
127.47
127.42
127.37
127.31
127.25
127.20
127.15
127.11
127.07
127.04
127.02
127.01
126.99
126.99
126.98
126.98
126.98
126.98
126.98
127.01
127.07
127.16
127.27
127.39
127.37
127.19
126.84
126.38
125.89
125.49
125.24
125.16
125.20
125.33
125.50
125.71
125.92
126.13
126.32
126.49
126.64
126.76
126.86
126.93
126.94
126.86
126.71
126.51
126.29
126.13
126.03
126.01
126.05
126.13
126.23
126.34
126.46
126.57
126.67
126.75
126.83
126.89
126.94
126.98
126.95
126.85
126.69
126.48
126.26
126.09
125.99
125.98
126.02
126.10
126.16
126.16
126.10
126.00
125.93
125.91
125.95
126.04
126.15
126.28
126.40
126.52
126.63
126.73
126.84
126.96
127.11
127.25
127.40
127.48
127.48
127.40
127.27
127.12
126.92
126.69
126.44
126.19
125.95
125.86
125.96
126.24
126.64
127.10
127.47
127.70
127.78
127.73
127.61
127.41
127.15
126.86
126.56
126.26
126.01
125.82
125.70
125.63
125.60
125.68
125.88
126.18
126.54
126.93
127.36
127.83
128.33
128.83
129.29
129.60
129.73
129.67
129.49
129.29
129.10
128.96
128.87
128.81
128.73
128.60
128.43
128.23
128.03
127.86
127.73
127.66
127.62
127.62
127.66
127.75
127.88
128.03
128.19
128.32
128.40
128.44
128.44
128.42
128.38
128.34
128.29
128.24
128.19
128.17
128.19
128.25
128.33
128.42
128.41
128.27
128.00
127.65
127.26
126.95
126.75
126.67
126.69
126.77
126.92
127.13
127.37
127.63
127.88
128.09
128.25
128.34
128.39
128.41
128.29
128.03
127.63
127.16
126.69
126.25
125.88
125.57
125.33
125.24
125.33
125.59
125.95
126.37
126.72
126.97
127.10
127.12
127.08
127.05
127.05
127.10
127.19
127.29
127.42
127.59
127.78
127.98
128.18
128.36
128.52
128.66
128.77
128.86
128.86
128.74
128.51
128.22
127.89
127.61
127.42
127.31
127.27
127.28
127.30
127.31
127.30
127.28
127.25
127.30
127.43
127.66
127.95
128.26
128.52
128.70
128.79
128.81
128.78
128.72
128.63
128.54
128.45
128.36
128.28
128.21
128.15
128.09
128.00
127.85
127.65
127.42
127.19
126.98
126.83
126.73
126.67
126.65
126.63
126.59
126.54
126.47
126.39
126.43
126.59
126.89
127.26
127.67
127.97
128.13
128.13
128.02
127.83
127.57
127.27
126.93
126.60
126.28
126.06
125.98
126.02
126.16
126.36
126.53
126.65
126.70
126.69
126.65
126.62
126.60
126.61
126.64
126.67
126.77
126.93
127.16
127.41
127.67
127.82
127.83
127.68
127.44
127.19
126.98
126.83
126.74
126.68
126.64
126.59
126.52
126.44
126.36
126.37
126.48
126.69
126.96
127.25
127.50
127.68
127.76
127.78
127.75
127.72
127.70
127.70
127.72
127.74
127.75
127.73
127.67
127.60
127.51
127.51
127.60
127.79
128.04
128.32
128.53
128.63
128.62
128.52
128.37
128.19
128.00
127.82
127.65
127.49
127.33
127.16
126.97
126.79
126.63
126.55
126.60
126.75
126.98
127.17
127.28
127.29
127.23
127.12
126.95
126.75
126.51
126.26
126.02
125.85
125.77
125.78
125.85
125.96
126.09
126.23
126.37
126.50
126.62
126.78
126.98
127.23
127.50
127.77
127.97
128.09
128.11
128.07
127.98
127.84
127.66
127.44
127.21
126.98
126.77
126.59
126.42
126.28
126.17
126.11
126.10
126.15
126.22
126.32
126.44
126.61
126.79
126.99
127.18
127.30
127.35
127.31
127.21
127.07
127.06
127.19
127.48
127.88
128.24
128.53
128.69
128.78
128.79
128.73
128.61
128.44
128.25
128.04
127.90
127.83
127.84
127.91
128.02
128.10
128.12
128.07
127.98
127.87
127.79
127.78
127.84
127.94
128.06
128.18
128.26
128.30
128.32
128.31
128.29
128.26
128.23
128.19
128.15
128.04
127.84
127.54
127.20
126.85
126.52
126.26
126.06
125.91
125.82
125.81
125.90
126.07
126.30
126.55
126.72
126.79
126.74
126.61
126.44
126.32
126.29
126.35
126.49
126.66
126.86
127.06
127.25
127.42
127.65
127.95
128.33
128.73
129.14
129.39
129.45
129.31
129.03
128.68
128.36
128.14
128.03
128.00
128.04
128.03
127.96
127.81
127.60
127.37
127.16
127.00
126.88
126.80
126.76
126.80
126.91
127.11
127.34
127.60
127.80
127.92
127.96
127.93
127.87
127.77
127.67
127.56
127.45
127.35
127.29
127.27
127.30
127.35
127.43
127.45
127.42
127.33
127.19
127.03
126.97
127.03
127.24
127.53
127.76
127.88
127.86
127.75
127.58
127.43
127.33
127.29
127.30
127.35
127.39
127.41
127.40
127.38
127.34
127.24
127.08
126.85
126.60
126.33
126.13
126.00
125.97
126.00
126.08
126.18
126.30
126.42
126.53
126.63
126.67
126.64
126.53
126.37
126.18
126.10
126.14
126.32
126.59
126.91
127.19
127.40
127.53
127.59
127.61
127.55
127.45
127.30
127.12
126.94
126.81
126.76
126.79
126.88
127.00
127.03
126.94
126.72
126.43
126.19
126.07
126.09
126.21
126.39
126.57
126.73
126.86
126.96
127.03
127.08
127.11
127.12
127.13
127.12
127.09
127.02
126.91
126.79
126.66
126.57
126.51
126.49
126.51
126.55
126.60
126.65
126.71
126.77
126.82
126.87
126.91
126.94
126.96
126.99
127.00
127.01
127.02
127.02
127.02
127.10
127.27
127.54
127.86
128.19
128.47
128.67
128.77
128.80
128.78
128.75
128.73
128.73
128.74
128.77
128.69
128.49
128.17
127.77
127.34
126.92
126.52
126.16
125.84
125.60
125.44
125.36
125.34
125.36
125.40
125.47
125.54
125.62
125.69
125.79
125.91
126.05
126.20
126.34
126.46
126.52
126.54
126.53
126.49
126.49
126.54
126.66
126.81
126.98
127.13
127.24
127.30
127.33
127.33
127.32
127.29
127.25
127.22
127.18
127.06
126.86
126.56
126.21
125.86
125.50
125.18
124.89
124.63
124.42
124.39
124.54
124.89
125.35
125.87
126.37
126.83
127.21
127.52
127.79
128.03
128.25
128.44
128.61
128.67
128.60
128.42
128.16
127.87
127.56
127.26
126.98
126.74
126.53
126.38
126.29
126.27
126.29
126.35
126.42
126.50
126.59
126.67
126.74
126.81
126.86
126.91
126.95
126.98
127.00
127.01
127.02
127.03
127.03
127.09
127.20
127.37
127.58
127.81
127.89
127.81
127.55
127.18
126.75
126.38
126.11
125.98
125.93
125.96
126.06
126.22
126.43
126.66
126.89
127.14
127.40
127.67
127.93
128.11
128.21
128.21
128.15
128.05
128.02
128.11
128.33
128.62
128.96
129.17
129.21
129.07
128.81
128.47
128.21
128.07
128.08
128.19
128.36
128.48
128.53
128.49
128.38
128.22
128.05
127.87
127.70
127.55
127.41
127.26
127.10
126.94
126.77
126.61
126.46
126.34
126.23
126.15
126.08
125.94
125.73
125.44
125.11
124.76
124.50
124.36
124.35
124.43
124.57
124.77
125.02
125.30
125.58
125.86
126.03
126.09
126.01
125.86
125.72
125.66
125.69
125.78
125.90
126.03
126.12
126.18
126.22
126.23
126.28
126.38
126.54
126.72
126.92
127.12
127.31
127.47
127.62
127.74
127.84
127.92
127.98
128.02
128.05
128.04
127.99
127.90
127.80
127.68
127.56
127.44
127.34
127.25
127.17
127.16
127.23
127.37
127.55
127.76
128.03
128.34
128.71
129.09
129.45
129.66
129.68
129.49
129.17
128.78
128.36
127.94
127.54
127.18
126.97
126.93
127.06
127.32
127.64
127.99
128.34
128.68
128.99
129.25
129.46
129.59
129.65
129.65
129.62
129.44
129.08
128.56
127.95
127.31
126.77
126.36
126.11
125.98
125.94
126.05
126.30
126.68
127.11
127.57
127.95
128.20
128.31
128.32
128.25
128.20
128.17
128.20
128.26
128.34
128.38
128.36
128.28
128.15
128.00
127.92
127.93
128.05
128.24
128.47
128.66
128.78
128.82
128.81
128.76
128.68
128.59
128.50
128.40
128.24
127.99
127.65
127.28
126.89
126.57
126.35
126.22
126.18
126.19
126.27
126.40
126.58
126.78
126.99
127.13
127.20
127.19
127.11
127.00
126.89
126.81
126.77
126.74
126.74
126.68
126.53
126.29
126.00
125.69
125.43
125.26
125.17
125.16
125.20
125.29
125.43
125.62
125.82
126.03
126.25
126.49
126.73
126.97
127.20
127.40
127.57
127.71
127.83
127.92
128.07
128.29
128.59
128.93
129.27
129.50
129.58
129.50
129.31
129.03
128.68
128.29
127.90
127.52
127.07
126.53
125.92
125.28
124.65
124.12
123.72
123.46
123.30
123.22
123.35
123.67
124.18
124.80
125.45
126.05
126.54
126.91
127.18
127.36
127.46
127.51
127.52
127.49
127.45
127.37
127.25
127.11
126.94
126.78
126.65
126.56
126.52
126.52
126.55
126.56
126.56
126.52
126.47
126.41
126.40
126.45
126.57
126.73
126.91
127.04
127.10
127.09
127.02
126.92
126.80
126.67
126.54
126.43
126.40
126.48
126.68
126.93
127.23
127.50
127.73
127.91
128.03
128.12
128.21
128.29
128.39
128.49
128.59
128.60
128.51
128.31
128.05
127.76
127.43
127.08
126.73
126.39
126.08
125.85
125.73
125.71
125.77
125.88
125.98
126.07
126.13
126.17
126.18
126.15
126.09
125.98
125.86
125.72
125.59
125.47
125.35
125.26
125.17
125.03
124.80
124.50
124.15
123.79
123.63
123.71
124.05
124.55
125.14
125.68
126.12
126.42
126.60
126.59
126.40
126.02
125.55
125.02
124.71
124.66
124.92
125.37
125.93
126.38
126.65
126.70
126.59
126.37
126.15
125.95
125.82
125.74
125.69
125.68
125.69
125.71
125.74
125.77
125.86
126.02
126.23
126.47
126.72
126.91
127.03
127.05
127.01
126.93
126.74
126.45
126.06
125.63
125.18
124.94
124.95
125.22
125.67
126.22
126.72
127.13
127.41
127.58
127.67
127.70
127.68
127.63
127.57
127.49
127.38
127.24
127.08
126.91
126.77
126.67
126.62
126.60
126.61
126.69
126.84
127.07
127.33
127.60
127.86
128.11
128.33
128.52
128.68
128.70
128.57
128.29
127.92
127.50
127.10
126.75
126.46
126.24
126.07
125.97
125.94
125.98
126.06
126.17
126.32
126.49
126.70
126.91
127.12
127.31
127.49
127.63
127.76
127.86
127.93
127.99
128.03
128.06
128.07
128.03
127.91
127.73
127.51
127.28
127.10
126.99
126.97
127.01
127.10
127.12
127.07
126.92
126.71
126.55
126.48
126.51
126.61
126.76
126.95
127.18
127.44
127.71
127.96
128.15
128.24
128.24
128.17
128.06
127.90
127.70
127.47
127.23
126.99
126.83
126.75
126.76
126.84
126.95
126.95
126.81
126.51
126.11
125.66
125.28
125.02
124.89
124.85
124.89
125.00
125.18
125.39
125.63
125.87
126.13
126.39
126.67
126.93
127.17
127.33
127.40
127.37
127.28
127.14
127.02
126.91
126.85
126.81
126.79
126.79
126.80
126.82
126.84
126.86
126.89
126.91
126.93
126.95
126.99
127.06
127.16
127.28
127.39
127.51
127.62
127.71
127.80
127.86
127.87
127.79
127.65
127.46
127.25
127.06
126.91
126.81
126.75
126.72
126.69
126.65
126.58
126.50
126.42
126.37
126.35
126.37
126.42
126.49
126.48
126.39
126.19
125.94
125.65
125.47
125.43
125.54
125.74
126.01
126.22
126.34
126.36
126.30
126.18
126.07
125.97
125.90
125.86
125.84
125.91
126.09
126.37
126.70
127.06
127.42
127.75
128.05
128.31
128.40
128.29
127.99
127.56
127.07
126.62
126.24
125.96
125.77
125.65
125.61
125.64
125.74
125.87
126.02
126.13
126.17
126.14
126.06
125.94
125.83
125.76
125.72
125.70
125.71
125.70
125.67
125.62
125.54
125.46
125.41
125.39
125.41
125.45
125.51
125.69
125.99
126.41
126.90
127.41
127.85
128.20
128.43
128.57
128.63
128.67
128.70
128.74
128.78
128.82
128.81
128.73
128.58
128.39
128.18
127.97
127.78
127.60
127.44
127.30
127.19
127.11
127.04
126.99
126.96
126.93
126.92
126.92
126.92
126.95
127.02
127.12
127.23
127.35
127.50
127.67
127.86
128.05
128.24
128.41
128.56
128.69
128.80
128.89
128.93
128.92
128.86
128.78
128.68
128.49
128.21
127.85
127.44
127.02
126.73
126.59
126.62
126.77
127.00
127.21
127.37
127.46
127.51
127.51
127.51
127.52
127.56
127.61
127.66
127.77
127.94
128.17
128.43
128.61
128.70
128.66
128.55
128.39
128.15
127.84
127.47
127.08
126.70
126.39
126.18
126.08
126.05
126.09
126.13
126.17
126.19
126.19
126.18
126.17
126.15
126.13
126.10
126.08
126.09
126.13
126.21
126.30
126.40
126.51
126.61
126.70
126.78
126.85
126.90
126.95
126.98
127.01
127.02
127.01
126.95
126.87
126.76
126.64
126.50
126.34
126.15
125.95
125.77
125.62
125.53
125.49
125.49
125.59
125.81
126.13
126.51
126.91
127.22
127.41
127.47
127.44
127.33
127.19
127.03
126.86
126.69
126.54
126.43
126.37
126.36
126.39
126.44
126.46
126.42
126.31
126.17
126.00
125.84
125.67
125.52
125.39
125.28
125.21
125.19
125.22
125.28
125.37
125.48
125.63
125.81
126.00
126.19
126.39
126.60
126.82
127.04
127.25
127.43
127.59
127.73
127.83
127.92
127.96
127.94
127.89
127.80
127.69
127.66
127.73
127.89
128.12
128.30
128.40
128.39
128.31
128.19
128.01
127.79
127.54
127.28
127.04
126.83
126.69
126.60
126.56
126.56
126.55
126.53
126.49
126.43
126.37
126.33
126.33
126.36
126.42
126.49
126.57
126.65
126.72
126.79
126.84
126.84
126.76
126.62
126.43
126.22
126.03
125.89
125.79
125.74
125.71
125.71
125.72
125.75
125.78
125.81
125.87
125.96
126.08
126.21
126.35
126.50
126.68
126.87
127.07
127.26
127.48
127.75
128.05
128.37
128.65
128.89
129.05
129.17
129.24
129.20
129.04
128.76
128.42
128.05
127.71
127.42
127.20
127.03
126.91
126.77
126.61
126.41
126.20
125.98
125.83
125.77
125.78
125.86
125.97
126.16
126.42
126.74
127.08
127.43
127.59
127.54
127.26
126.84
126.34
125.89
125.54
125.32
125.20
125.16
125.21
125.32
125.49
125.69
125.90
125.97
125.87
125.60
125.22
124.78
124.48
124.38
124.50
124.78
125.14
125.52
125.88
126.19
126.45
126.75
127.09
127.48
127.89
128.29
128.42
128.24
127.72
127.00
126.18
125.51
125.08
124.93
125.00
125.20
125.47
125.75
126.01
126.25
126.46
126.63
126.77
126.88
126.97
127.03
127.07
127.10
127.11
127.11
127.11
127.07
127.00
126.90
126.78
126.66
126.45
126.17
125.80
125.39
124.97
124.68
124.55
124.59
124.75
124.98
125.24
125.53
125.80
126.06
126.29
126.44
126.49
126.45
126.34
126.19
126.11
126.11
126.21
126.38
126.61
126.88
127.19
127.50
127.80
128.02
128.15
128.17
128.13
128.04
127.89
127.70
127.48
127.24
127.01
126.87
126.85
126.95
127.13
127.36
127.58
127.76
127.91
128.02
128.09
128.11
128.08
128.00
127.89
127.77
127.64
127.51
127.40
127.30
127.21
127.17
127.16
127.21
127.28
127.37
127.41
127.40
127.31
127.18
127.02
126.86
126.70
126.55
126.41
126.30
126.20
126.12
126.06
126.01
125.98
125.96
125.94
125.94
125.94
125.99
126.11
126.30
126.52
126.75
127.01
127.28
127.57
127.84
128.10
128.30
128.43
128.51
128.53
128.52
128.48
128.43
128.37
128.31
128.25
128.14
127.98
127.76
127.51
127.26
127.09
127.04
127.10
127.25
127.45
127.51
127.39
127.07
126.63
126.13
125.74
125.53
125.51
125.63
125.84
126.05
126.22
126.33
126.38
126.41
126.37
126.29
126.16
126.01
125.85
125.72
125.63
125.58
125.58
125.59
125.65
125.75
125.89
126.05
126.21
126.36
126.50
126.63
126.74
126.83
126.90
126.96
127.00
127.03
127.05
127.06
127.06
127.06
127.06
127.08
127.13
127.21
127.31
127.42
127.44
127.37
127.19
126.95
126.68
126.40
126.12
125.87
125.65
125.46
125.38
125.43
125.60
125.84
126.13
126.41
126.64
126.83
126.97
127.07
127.13
127.17
127.19
127.19
127.19
127.14
127.07
126.95
126.82
126.69
126.61
126.61
126.68
126.79
126.94
127.05
127.10
127.07
126.99
126.86
126.68
126.47
126.24
126.01
125.88
125.86
125.96
126.14
126.36
126.64
126.94
127.26
127.58
127.88
128.12
128.30
128.41
128.46
128.48
128.41
128.26
128.03
127.76
127.48
127.26
127.11
127.06
127.07
127.13
127.17
127.16
127.09
126.98
126.85
126.74
126.67
126.63
126.63
126.64
126.65
126.63
126.58
126.52
126.45
126.48
126.64
126.93
127.29
127.70
128.02
128.23
128.32
128.31
128.23
128.11
127.96
127.81
127.66
127.57
127.56
127.63
127.75
127.90
128.02
128.07
128.04
127.97
127.87
127.78
127.72
127.68
127.68
127.69
127.72
127.75
127.79
127.83
127.86
127.89
127.92
127.95
127.97
127.98
127.99
128.00
128.01
128.01
128.01
128.01
128.01
128.01
128.01
128.01
127.98
127.92
127.83
127.72
127.61
127.39
127.06
126.60
126.09
125.57
125.18
124.94
124.89
124.96
125.12
125.34
125.58
125.82
126.05
126.27
126.46
126.62
126.75
126.86
126.89
126.83
126.70
126.51
126.30
126.08
125.87
125.68
125.51
125.36
125.37
125.56
125.93
126.40
126.93
127.44
127.89
128.26
128.57
128.80
128.90
128.85
128.66
128.39
128.07
127.74
127.41
127.11
126.83
126.60
126.40
126.24
126.12
126.02
125.96
125.99
126.14
126.39
126.71
127.06
127.35
127.56
127.68
127.73
127.72
127.65
127.53
127.36
127.17
126.97
126.73
126.44
126.11
125.76
125.42
125.11
124.83
124.59
124.39
124.34
124.44
124.71
125.07
125.48
125.93
126.39
126.86
127.30
127.70
127.99
128.17
128.24
128.22
128.14
128.05
127.97
127.92
127.88
127.87
127.81
127.70
127.53
127.33
127.12
126.88
126.63
126.37
126.11
125.87
125.71
125.64
125.66
125.75
125.88
125.97
126.02
125.99
125.92
125.82
125.74
125.68
125.65
125.65
125.67
125.84
126.16
126.65
127.22
127.82
128.34
128.72
128.95
129.06
129.00
128.78
128.43
128.00
127.54
127.13
126.81
126.60
126.47
126.41
126.37
126.34
126.30
126.25
126.21
126.14
126.04
125.92
125.78
125.65
125.54
125.48
125.47
125.48
125.52
125.58
125.64
125.70
125.76
125.81
125.97
126.24
126.63
127.08
127.56
127.91
128.11
128.14
128.05
127.87
127.70
127.57
127.50
127.48
127.49
127.53
127.58
127.64
127.70
127.76
127.78
127.77
127.73
127.65
127.57
127.48
127.39
127.31
127.23
127.14
127.03
126.89
126.75
126.61
126.59
126.70
126.96
127.30
127.68
127.97
128.12
128.11
127.99
127.80
127.62
127.49
127.43
127.42
127.44
127.43
127.37
127.26
127.11
126.95
126.81
126.71
126.66
126.64
126.64
126.64
126.62
126.57
126.50
126.43
126.41
126.45
126.57
126.72
126.90
126.98
126.93
126.73
126.45
126.12
125.75
125.36
124.96
124.57
124.22
123.98
123.89
123.93
124.08
124.28
124.51
124.76
124.99
125.21
125.41
125.58
125.72
125.83
125.92
125.94
125.87
125.72
125.53
125.31
125.11
124.95
124.85
124.78
124.74
124.68
124.57
124.41
124.22
124.03
123.94
123.99
124.19
124.47
124.81
125.11
125.34
125.48
125.56
125.58
125.62
125.69
125.81
125.96
126.12
126.25
126.35
126.39
126.40
126.39
126.39
126.40
126.45
126.51
126.58
126.67
126.80
126.95
127.11
127.28
127.37
127.40
127.34
127.22
127.08
126.95
126.84
126.78
126.75
126.76
126.83
126.94
127.07
127.21
127.33
127.40
127.44
127.44
127.41
127.37
127.33
127.28
127.23
127.18
127.16
127.18
127.24
127.32
127.41
127.40
127.27
127.00
126.65
126.26
126.00
125.92
126.02
126.25
126.56
126.88
127.18
127.43
127.64
127.80
127.88
127.85
127.74
127.56
127.36
127.12
126.85
126.56
126.27
126.01
125.84
125.81
125.90
126.07
126.30
126.52
126.72
126.87
126.98
127.06
127.17
127.31
127.51
127.72
127.91
128.07
128.17
128.23
128.26
128.25
128.18
128.07
127.94
127.79
127.65
127.51
127.39
127.29
127.20
127.07
126.90
126.67
126.43
126.18
125.97
125.81
125.71
125.65
125.63
125.67
125.75
125.87
126.02
126.17
126.38
126.64
126.94
127.27
127.59
127.76
127.74
127.53
127.19
126.78
126.43
126.17
126.04
125.99
126.02
126.11
126.27
126.47
126.69
126.92
127.11
127.25
127.33
127.37
127.38
127.40
127.42
127.47
127.54
127.50
127.34
127.05
126.68
126.28
125.93
125.67
125.50
125.40
125.37
125.43
125.59
125.83
126.11
126.41
126.60
126.64
126.53
126.32
126.05
125.80
125.61
125.50
125.45
125.44
125.49
125.60
125.74
125.92
126.09
126.24
126.34
126.40
126.41
126.40
126.45
126.59
126.81
127.08
127.37
127.59
127.69
127.67
127.57
127.42
127.23
127.04
126.84
126.67
126.50
126.42
126.41
126.50
126.63
126.80
126.93
127.00
127.00
126.94
126.82
126.65
126.45
126.23
126.01
125.77
125.53
125.27
125.03
124.80
124.65
124.59
124.63
124.72
124.86
125.02
125.18
125.34
125.48
125.61
125.75
125.90
126.07
126.23
126.39
126.50
126.57
126.59
126.57
126.52
126.55
126.65
126.85
127.11
127.39
127.61
127.77
127.84
127.84
127.80
127.70
127.55
127.36
127.16
126.96
126.84
126.84
126.95
127.14
127.37
127.62
127.87
128.10
128.31
128.50
128.60
128.62
128.54
128.40
128.29
128.22
128.21
128.25
128.31
128.34
128.32
128.23
128.10
127.96
127.75
127.48
127.16
126.82
126.49
126.28
126.23
126.34
126.56
126.84
127.13
127.39
127.61
127.78
127.91
127.96
127.91
127.77
127.59
127.37
127.14
126.92
126.72
126.54
126.38
126.25
126.15
126.07
126.01
125.97
125.94
125.92
125.91
125.91
125.92
125.95
126.02
126.12
126.23
126.36
126.37
126.25
126.00
125.66
125.36
125.14
125.04
125.01
125.05
125.15
125.31
125.51
125.73
125.95
126.06
126.02
125.84
125.55
125.22
124.95
124.77
124.71
124.74
124.83
124.93
125.01
125.07
125.11
125.13
125.16
125.22
125.30
125.39
125.49
125.61
125.76
125.93
126.11
126.28
126.44
126.58
126.70
126.80
126.88
126.84
126.66
126.33
125.93
125.49
125.21
125.13
125.29
125.59
125.99
126.35
126.62
126.78
126.85
126.85
126.89
126.99
127.16
127.39
127.55
127.62
127.58
127.47
127.31
127.16
127.03
126.94
126.88
126.84
126.83
126.82
126.83
126.84
126.86
126.91
126.99
127.10
127.22
127.35
127.42
127.42
127.35
127.22
127.07
126.91
126.74
126.59
126.45
126.33
126.25
126.22
126.25
126.30
126.38
126.39
126.30
126.12
125.88
125.61
125.31
124.99
124.66
124.34
124.04
123.86
123.80
123.88
124.05
124.27
124.55
124.86
125.19
125.52
125.83
126.03
126.10
126.04
125.89
125.73
125.61
125.55
125.53
125.54
125.46
125.28
124.98
124.60
124.20
123.97
123.93
124.13
124.47
124.90
125.40
125.92
126.45
126.96
127.43
127.84
128.19
128.48
128.71
128.88
128.91
128.77
128.47
128.07
127.63
127.26
127.00
126.88
126.84
126.89
126.92
126.92
126.87
126.79
126.69
126.59
126.48
126.38
126.29
126.21
126.20
126.26
126.39
126.58
126.78
126.99
127.18
127.37
127.53
127.67
127.76
127.79
127.77
127.72
127.64
127.56
127.46
127.38
127.29
127.22
127.16
127.10
127.06
127.03
127.00
126.99
126.97
126.97
126.97
126.99
127.05
127.14
127.25
127.37
127.43
127.43
127.35
127.22
127.06
126.95
126.90
126.93
127.00
127.11
127.20
127.27
127.30
127.31
127.30
127.25
127.16
127.04
126.89
126.75
126.63
126.55
126.53
126.53
126.56
126.58
126.57
126.54
126.48
126.42
126.35
126.29
126.23
126.17
126.12
126.03
125.88
125.68
125.45
125.29
125.23
125.28
125.41
125.58
125.78
125.98
126.18
126.36
126.53
126.66
126.78
126.87
126.94
127.00
126.98
126.89
126.73
126.52
126.29
126.12
126.02
126.00
126.04
126.12
126.19
126.25
126.28
126.28
126.27
126.19
126.05
125.84
125.59
125.33
125.19
125.18
125.33
125.58
125.88
126.23
126.61
127.01
127.39
127.74
127.93
127.91
127.69
127.34
126.92
126.49
126.10
125.76
125.49
125.27
125.16
125.15
125.24
125.40
125.60
125.81
126.02
126.23
126.41
126.59
126.79
126.99
127.18
127.36
127.47
127.49
127.43
127.31
127.15
126.96
126.73
126.47
126.22
125.97
125.78
125.64
125.56
125.53
125.53
125.64
125.85
126.17
126.55
126.94
127.30
127.60
127.84
128.01
128.13
128.13
128.00
127.75
127.42
127.07
126.74
126.45
126.23
126.06
125.93
125.85
125.80
125.78
125.77
125.78
125.80
125.82
125.85
125.87
125.90
125.92
125.94
125.96
125.97
125.93
125.83
125.65
125.45
125.22
124.97
124.71
124.43
124.16
123.91
123.79
123.82
124.02
124.31
124.66
125.06
125.48
125.91
126.33
126.71
127.04
127.33
127.56
127.75
127.90
127.95
127.91
127.78
127.60
127.38
127.16
126.94
126.73
126.55
126.39
126.26
126.16
126.07
126.01
125.97
125.99
126.09
126.26
126.47
126.70
126.93
127.15
127.35
127.53
127.67
127.74
127.72
127.62
127.46
127.27
127.17
127.20
127.37
127.64
127.86
128.02
128.07
128.05
127.98
127.85
127.68
127.47
127.24
127.01
126.80
126.61
126.44
126.30
126.19
126.10
126.03
125.98
125.95
125.92
125.94
126.00
126.09
126.20
126.32
126.39
126.39
126.32
126.19
126.05
125.94
125.89
125.92
126.00
126.10
126.17
126.19
126.13
126.03
125.91
125.85
125.89
126.03
126.23
126.47
126.71
126.96
127.18
127.38
127.56
127.62
127.57
127.39
127.14
126.85
126.58
126.34
126.16
126.02
125.95
125.94
125.99
126.08
126.19
126.29
126.35
126.38
126.38
126.36
126.38
126.45
126.58
126.75
126.94
127.13
127.30
127.47
127.61
127.73
127.77
127.74
127.62
127.45
127.25
127.02
126.77
126.49
126.22
125.96
125.76
125.62
125.54
125.50
125.51
125.59
125.75
125.98
126.25
126.54
126.76
126.90
126.95
126.94
126.88
126.82
126.77
126.75
126.75
126.76
126.75
126.72
126.66
126.59
126.42
126.16
125.81
125.42
125.01
124.75
124.68
124.80
125.06
125.40
125.75
126.07
126.35
126.58
126.76
126.82
126.76
126.56
126.29
125.97
125.65
125.33
125.04
124.78
124.55
124.39
124.30
124.27
124.29
124.34
124.39
124.41
124.41
124.38
124.34
124.40
124.59
124.90
125.28
125.69
126.13
126.58
127.03
127.44
127.82
128.12
128.33
128.47
128.54
128.56
128.51
128.42
128.27
128.10
127.93
127.70
127.42
127.10
126.76
126.46
126.20
126.02
125.88
125.80
125.75
125.73
125.73
125.74
125.76
125.79
125.83
125.86
125.89
125.91
125.96
126.04
126.15
126.27
126.39
126.43
126.36
126.19
125.96
125.69
125.46
125.30
125.23
125.22
125.26
125.35
125.49
125.66
125.86
126.06
126.25
126.42
126.57
126.70
126.81
126.84
126.79
126.66
126.48
126.28
126.06
125.86
125.67
125.50
125.35
125.26
125.22
125.23
125.29
125.36
125.42
125.45
125.45
125.42
125.49
125.67
125.98
126.35
126.76
127.05
127.20
127.19
127.07
126.87
126.71
126.63
126.64
126.73
126.85
127.00
127.16
127.32
127.46
127.59
127.63
127.55
127.36
127.10
126.81
126.53
126.30
126.11
125.98
125.89
125.75
125.55
125.27
124.95
124.62
124.36
124.19
124.11
124.10
124.14
124.24
124.39
124.59
124.80
125.01
125.29
125.65
126.07
126.53
126.98
127.38
127.71
127.95
128.12
128.24
128.25
128.17
127.99
127.77
127.62
127.59
127.70
127.89
128.15
128.29
128.28
128.10
127.80
127.45
127.07
126.69
126.34
126.02
125.74
125.48
125.23
124.99
124.77
124.57
124.46
124.43
124.50
124.63
124.79
124.99
125.23
125.49
125.76
126.01
126.21
126.35
126.44
126.47
126.47
126.39
126.23
126.00
125.74
125.46
125.26
125.18
125.22
125.34
125.51
125.69
125.84
125.96
126.04
126.10
126.16
126.23
126.33
126.43
126.53
126.60
126.63
126.62
126.57
126.46
126.28
126.03
125.74
125.45
125.22
125.08
125.02
125.04
125.10
125.19
125.30
125.41
125.52
125.63
125.74
125.88
126.04
126.20
126.35
126.47
126.54
126.56
126.54
126.50
126.42
126.30
126.15
125.98
125.81
125.75
125.83
126.06
126.37
126.74
127.06
127.31
127.46
127.55
127.58
127.68
127.87
128.17
128.54
128.92
129.14
129.16
128.94
128.58
128.14
127.74
127.44
127.25
127.16
127.15
127.23
127.41
127.68
127.99
128.21
128.30
128.24
128.07
127.85
127.65
127.50
127.42
127.39
127.41
127.40
127.34
127.23
127.09
126.93
126.77
126.62
126.47
126.35
126.24
126.13
126.00
125.86
125.72
125.57
125.50
125.50
125.58
125.71
125.87
126.15
126.56
127.08
127.65
128.23
128.71
129.04
129.22
129.28
129.25
129.17
129.05
128.91
128.76
128.61
128.48
128.36
128.26
128.17
128.10
128.08
128.09
128.15
128.24
128.34
128.40
128.38
128.30
128.18
128.00
127.78
127.53
127.28
127.03
126.83
126.68
126.60
126.56
126.56
126.52
126.45
126.32
126.15
125.98
125.86
125.81
125.83
125.92
126.03
126.19
126.39
126.61
126.84
127.06
127.27
127.45
127.61
127.74
127.85
127.91
127.91
127.86
127.78
127.69
127.56
127.39
127.21
127.01
126.82
126.67
126.57
126.52
126.51
126.53
126.49
126.37
126.16
125.89
125.61
125.40
125.30
125.32
125.43
125.58
125.77
125.97
126.16
126.34
126.45
126.47
126.41
126.29
126.14
125.95
125.72
125.47
125.21
124.97
124.88
124.97
125.25
125.65
126.10
126.58
127.04
127.47
127.85
128.18
128.32
128.26
127.98
127.58
127.10
126.77
126.62
126.70
126.93
127.26
127.47
127.52
127.36
127.07
126.71
126.33
125.98
125.69
125.44
125.25
125.13
125.07
125.08
125.14
125.23
125.28
125.27
125.20
125.08
124.94
124.82
124.73
124.69
124.67
124.73
124.86
125.07
125.32
125.59
125.82
126.01
126.14
126.22
126.27
126.32
126.37
126.44
126.52
126.61
126.66
126.67
126.65
126.59
126.52
126.42
126.29
126.12
125.95
125.78
125.64
125.55
125.51
125.51
125.54
125.61
125.72
125.86
126.02
126.19
126.43
126.75
127.15
127.58
128.01
128.31
128.45
128.42
128.27
128.04
127.77
127.49
127.21
126.95
126.72
126.49
126.26
126.04
125.82
125.63
125.49
125.40
125.37
125.39
125.46
125.57
125.73
125.91
126.09
126.27
126.43
126.58
126.70
126.81
126.83
126.78
126.65
126.47
126.27
126.11
126.02
126.01
126.05
126.14
126.21
126.27
126.30
126.30
126.28
126.28
126.31
126.36
126.44
126.52
126.57
126.60
126.58
126.54
126.48
126.44
126.43
126.45
126.50
126.55
126.57
126.52
126.40
126.25
126.07
126.00
126.05
126.25
126.53
126.86
127.13
127.30
127.34
127.31
127.21
127.16
127.18
127.29
127.46
127.56
127.54
127.39
127.16
126.88
126.61
126.38
126.20
126.06
125.96
125.94
126.01
126.17
126.38
126.61
126.79
126.91
126.94
126.91
126.84
126.83
126.90
127.05
127.27
127.51
127.68
127.75
127.71
127.58
127.41
127.25
127.10
126.99
126.92
126.87
126.87
126.92
127.01
127.13
127.25
127.28
127.17
126.93
126.60
126.23
125.94
125.74
125.68
125.70
125.79
125.91
126.06
126.21
126.36
126.50
126.62
126.73
126.82
126.89
126.92
126.91
126.85
126.76
126.66
126.53
126.37
126.18
125.99
125.80
125.60
125.38
125.16
124.94
124.74
124.61
124.57
124.61
124.72
124.86
125.00
125.11
125.18
125.22
125.23
125.23
125.22
125.20
125.17
125.14
125.15
125.18
125.24
125.33
125.43
125.53
125.62
125.71
125.78
125.85
125.93
126.03
126.15
126.28
126.41
126.61
126.90
127.26
127.66
128.07
128.32
128.39
128.26
127.99
127.64
127.34
127.12
127.01
126.99
126.98
126.94
126.87
126.77
126.66
126.54
126.44
126.34
126.25
126.18
126.06
125.90
125.68
125.44
125.19
125.04
124.99
125.07
125.22
125.43
125.63
125.80
125.94
126.03
126.10
126.14
126.16
126.17
126.16
126.15
126.21
126.37
126.62
126.92
127.24
127.43
127.44
127.27
126.97
126.60
126.34
126.23
126.30
126.50
126.77
127.08
127.40
127.71
127.99
128.25
128.36
128.31
128.10
127.79
127.42
127.08
126.82
126.64
126.54
126.41
126.23
125.99
125.71
125.42
125.25
125.23
125.36
125.59
125.88
126.20
126.52
126.82
127.10
127.34
127.54
127.71
127.84
127.94
128.02
128.07
128.10
128.12
128.12
128.12
128.14
128.19
128.26
128.35
128.45
128.52
128.56
128.56
128.52
128.47
128.30
128.01
127.59
127.10
126.60
126.18
125.90
125.75
125.72
125.77
125.84
125.91
125.96
126.01
126.03
125.97
125.81
125.54
125.22
124.88
124.67
124.64
124.79
125.07
125.32
125.47
125.50
125.45
125.33
125.28
125.34
125.52
125.78
126.08
126.34
126.53
126.64
126.68
126.67
126.66
126.65
126.66
126.69
126.73
126.69
126.56
126.33
126.04
125.73
125.40
125.05
124.69
124.35
124.04
123.90
123.96
124.21
124.59
125.04
125.49
125.89
126.24
126.52
126.74
126.99
127.29
127.64
128.01
128.38
128.67
128.87
128.96
128.97
128.93
128.90
128.91
128.98
129.08
129.20
129.20
129.03
128.70
128.28
127.80
127.32
126.86
126.43
126.06
125.79
125.65
125.62
125.67
125.78
125.94
126.16
126.41
126.66
126.92
127.13
127.28
127.37
127.42
127.43
127.41
127.38
127.33
127.28
127.24
127.16
127.06
126.93
126.80
126.66
126.60
126.65
126.81
127.04
127.31
127.59
127.86
128.11
128.33
128.52
128.57
128.47
128.22
127.87
127.47
127.08
126.74
126.46
126.24
126.08
125.98
125.96
125.99
126.07
126.18
126.27
126.33
126.36
126.36
126.34
126.31
126.27
126.23
126.19
126.28
126.53
126.95
127.46
128.00
128.46
128.80
129.00
129.08
129.08
129.00
128.84
128.64
128.41
128.17
127.97
127.81
127.72
127.66
127.64
127.68
127.76
127.88
128.02
128.18
128.20
128.05
127.73
127.31
126.84
126.46
126.23
126.16
126.21
126.34
126.46
126.55
126.59
126.58
126.54
126.46
126.34
126.18
126.01
125.84
125.77
125.85
126.07
126.38
126.74
127.03
127.22
127.29
127.27
127.24
127.23
127.27
127.33
127.41
127.45
127.42
127.33
127.19
127.03
126.84
126.62
126.38
126.13
125.90
125.72
125.59
125.53
125.50
125.52
125.60
125.77
126.00
126.27
126.55
126.80
127.00
127.14
127.23
127.28
127.25
127.13
126.93
126.69
126.44
126.20
126.02
125.89
125.80
125.75
125.73
125.73
125.74
125.77
125.80
125.93
126.19
126.58
127.03
127.51
127.90
128.16
128.28
128.30
128.32
128.39
128.52
128.69
128.88
129.00
129.01
128.91
128.74
128.53
128.35
128.23
128.19
128.21
128.26
128.23
128.09
127.83
127.49
127.12
126.78
126.48
126.25
126.07
125.94
125.83
125.72
125.60
125.49
125.38
125.42
125.63
126.01
126.48
127.01
127.48
127.87
128.14
128.33
128.44
128.50
128.51
128.49
128.45
128.40
128.42
128.54
128.75
129.02
129.31
129.45
129.38
129.11
128.69
128.20
127.69
127.19
126.72
126.30
125.93
125.63
125.38
125.19
125.04
124.96
124.95
125.00
125.08
125.19
125.31
125.44
125.55
125.65
125.75
125.85
125.97
126.11
126.26
126.40
126.53
126.65
126.75
126.83
126.90
127.01
127.16
127.37
127.60
127.84
128.04
128.19
128.29
128.34
128.36
128.25
127.99
127.60
127.14
126.64
126.26
126.03
125.98
126.05
126.20
126.27
126.21
126.00
125.69
125.33
125.03
124.84
124.76
124.77
124.85
124.96
125.10
125.24
125.38
125.51
125.63
125.73
125.82
125.89
125.97
126.07
126.19
126.32
126.44
126.56
126.67
126.76
126.84
126.90
126.97
127.07
127.19
127.31
127.44
127.55
127.66
127.75
127.83
127.89
127.94
127.98
128.01
128.03
128.04
128.02
127.96
127.87
127.76
127.65
127.56
127.50
127.49
127.51
127.55
127.55
127.49
127.37
127.22
127.04
126.84
126.61
126.36
126.12
125.88
125.62
125.32
124.99
124.65
124.32
124.08
123.93
123.88
123.91
124.04
124.26
124.56
124.91
125.26
125.62
125.99
126.36
126.71
127.02
127.29
127.51
127.70
127.85
127.96
127.96
127.84
127.60
127.30
126.96
126.68
126.47
126.35
126.30
126.30
126.34
126.41
126.48
126.56
126.64
126.66
126.62
126.50
126.33
126.15
126.06
126.11
126.29
126.57
126.89
127.23
127.56
127.87
128.15
128.39
128.59
128.75
128.88
128.97
129.04
129.04
128.95
128.78
128.57
128.34
128.08
127.80
127.51
127.22
127.06
127.05
127.21
127.46
127.78
128.12
128.46
128.78
129.06
129.32
129.48
129.54
129.50
129.39
129.24
129.04
128.81
128.55
128.28
128.03
127.82
127.67
127.58
127.55
127.54
127.54
127.52
127.48
127.43
127.37
127.28
127.16
127.02
126.86
126.71
126.59
126.51
126.48
126.49
126.53
126.58
126.63
126.69
126.75
126.80
126.77
126.64
126.41
126.12
125.80
125.51
125.26
125.08
124.94
124.85
124.82
124.85
124.93
125.05
125.15
125.23
125.27
125.29
125.28
125.35
125.49
125.73
126.01
126.32
126.57
126.74
126.83
126.84
126.80
126.76
126.73
126.73
126.74
126.76
126.84
126.98
127.19
127.44
127.69
127.86
127.92
127.86
127.71
127.52
127.28
127.00
126.70
126.40
126.11
125.82
125.54
125.26
124.99
124.75
124.60
124.54
124.57
124.68
124.82
124.98
125.15
125.31
125.46
125.60
125.77
125.98
126.24
126.51
126.78
127.01
127.18
127.29
127.36
127.38
127.38
127.36
127.32
127.28
127.29
127.36
127.50
127.67
127.87
127.96
127.92
127.73
127.46
127.13
126.79
126.46
126.14
125.86
125.62
125.44
125.34
125.30
125.31
125.35
125.44
125.58
125.75
125.93
126.12
126.27
126.38
126.43
126.45
126.43
126.32
126.10
125.79
125.41
125.02
124.75
124.63
124.66
124.82
125.04
125.35
125.74
126.19
126.65
127.10
127.57
128.06
128.56
129.04
129.48
129.73
129.78
129.61
129.30
128.91
128.47
128.04
127.63
127.25
127.00
126.89
126.93
127.06
127.26
127.44
127.57
127.63
127.64
127.61
127.45
127.15
126.72
126.22
125.70
125.27
124.97
124.81
124.76
124.80
124.94
125.17
125.49
125.85
126.21
126.51
126.72
126.82
126.86
126.83
126.85
126.94
127.11
127.33
127.58
127.72
127.72
127.58
127.35
127.05
126.79
126.60
126.48
126.42
126.42
126.39
126.32
126.21
126.06
125.90
125.87
126.01
126.32
126.73
127.14
127.50
127.78
127.99
128.13
128.12
127.95
127.61
127.19
126.72
126.46
126.46
126.76
127.25
127.85
128.33
128.62
128.69
128.59
128.38
128.11
127.81
127.50
127.20
126.93
126.66
126.40
126.14
125.90
125.68
125.52
125.42
125.38
125.38
125.42
125.53
125.71
125.96
126.25
126.54
126.90
127.34
127.84
128.36
128.86
129.25
129.49
129.59
129.57
129.47
129.30
129.06
128.79
128.51
128.22
127.91
127.56
127.18
126.79
126.43
126.09
125.80
125.56
125.35
125.22
125.15
125.15
125.20
125.27
125.39
125.54
125.73
125.93
126.13
126.31
126.48
126.62
126.74
126.84
126.89
126.89
126.85
126.77
126.67
126.65
126.72
126.89
127.12
127.39
127.66
127.92
128.16
128.37
128.56
128.63
128.58
128.41
128.16
127.87
127.56
127.27
126.99
126.75
126.53
126.36
126.21
126.10
126.02
125.96
125.97
126.06
126.23
126.44
126.67
126.88
127.05
127.16
127.23
127.24
127.19
127.10
126.97
126.83
126.72
126.64
126.60
126.60
126.62
126.68
126.78
126.91
127.06
127.22
127.37
127.51
127.64
127.74
127.83
127.80
127.62
127.31
126.91
126.47
126.06
125.71
125.42
125.19
125.03
124.91
124.83
124.78
124.76
124.76
124.85
125.05
125.34
125.69
126.05
126.47
126.92
127.40
127.88
128.33
128.68
128.91
129.03
129.05
129.02
128.88
128.66
128.36
128.03
127.69
127.41
127.22
127.13
127.11
127.12
127.13
127.14
127.13
127.12
127.13
127.17
127.25
127.34
127.44
127.46
127.38
127.20
126.95
126.68
126.50
126.46
126.56
126.77
127.03
127.35
127.70
128.06
128.43
128.76
128.99
129.08
129.03
128.89
128.69
128.48
128.30
128.16
128.05
127.97
127.92
127.88
127.87
127.86
127.86
127.85
127.80
127.73
127.64
127.54
127.42
127.27
127.10
126.92
126.74
126.61
126.52
126.48
126.49
126.52
126.54
126.53
126.50
126.46
126.45
126.51
126.62
126.78
126.95
127.13
127.30
127.46
127.60
127.72
127.84
127.98
128.13
128.28
128.43
128.48
128.42
128.25
128.01
127.74
127.45
127.18
126.92
126.69
126.49
126.33
126.19
126.09
126.01
125.96
125.89
125.82
125.72
125.61
125.50
125.35
125.14
124.88
124.60
124.31
124.15
124.14
124.28
124.52
124.83
125.16
125.49
125.80
126.08
126.33
126.54
126.71
126.84
126.95
127.02
127.05
127.02
126.95
126.85
126.79
126.78
126.84
126.95
127.08
127.14
127.10
126.97
126.77
126.53
126.32
126.13
125.99
125.90
125.84
125.94
126.21
126.66
127.20
127.79
128.24
128.50
128.55
128.45
128.25
128.06
127.95
127.92
127.96
128.04
128.07
128.02
127.88
127.68
127.45
127.21
126.98
126.76
126.57
126.41
126.27
126.16
126.07
126.01
125.96
125.93
125.92
125.91
125.91
125.91
125.92
125.93
125.94
125.95
125.96
125.97
125.98
125.99
125.99
126.02
126.08
126.17
126.28
126.40
126.48
126.53
126.53
126.51
126.47
126.46
126.52
126.63
126.79
126.96
127.11
127.22
127.29
127.32
127.33
127.34
127.37
127.43
127.50
127.57
127.57
127.47
127.26
127.00
126.71
126.50
126.39
126.39
126.49
126.63
126.78
126.91
127.00
127.07
127.11
127.08
126.98
126.80
126.58
126.34
126.12
125.96
125.84
125.77
125.73
125.80
125.97
126.26
126.61
126.98
127.29
127.53
127.66
127.72
127.70
127.60
127.45
127.27
127.07
126.87
126.69
126.53
126.38
126.26
126.22
126.25
126.37
126.54
126.74
126.89
126.98
126.99
126.94
126.86
126.80
126.81
126.87
126.98
127.11
127.24
127.38
127.51
127.63
127.73
127.87
128.05
128.29
128.54
128.80
129.04
129.27
129.46
129.63
129.76
129.84
129.87
129.84
129.77
129.69
129.56
129.41
129.22
129.03
128.83
128.65
128.49
128.36
128.24
128.15
128.10
128.10
128.15
128.23
128.27
128.26
128.19
128.07
127.93
127.84
127.81
127.85
127.94
128.06
128.20
128.33
128.47
128.59
128.69
128.73
128.69
128.57
128.41
128.22
127.99
127.74
127.47
127.20
126.95
126.78
126.69
126.70
126.78
126.90
126.99
127.03
127.00
126.92
126.82
126.71
126.59
126.47
126.37
126.28
126.22
126.21
126.25
126.31
126.40
126.49
126.58
126.66
126.74
126.81
126.87
126.92
126.95
126.98
127.00
127.02
127.03
127.03
127.04
127.06
127.12
127.20
127.30
127.41
127.47
127.45
127.37
127.23
127.07
126.88
126.65
126.41
126.16
125.92
125.66
125.35
125.02
124.67
124.34
124.09
123.94
123.89
123.91
123.99
124.12
124.30
124.52
124.75
124.98
125.19
125.39
125.56
125.70
125.81
125.98
126.23
126.54
126.90
127.26
127.52
127.67
127.68
127.60
127.46
127.33
127.25
127.24
127.27
127.33
127.38
127.41
127.41
127.39
127.32
127.22
127.08
126.93
126.77
126.57
126.31
126.01
125.69
125.38
125.19
125.16
125.29
125.52
125.82
126.17
126.55
126.95
127.34
127.70
127.95
128.05
128.02
127.89
127.69
127.49
127.31
127.17
127.06
126.98
126.90
126.81
126.70
126.59
126.48
126.35
126.20
126.03
125.86
125.69
125.61
125.65
125.80
126.02
126.29
126.59
126.91
127.26
127.59
127.90
128.09
128.16
128.09
127.93
127.71
127.49
127.30
127.15
127.04
126.99
126.99
127.04
127.13
127.24
127.31
127.31
127.24
127.13
126.98
126.83
126.68
126.54
126.41
126.30
126.18
126.04
125.89
125.74
125.59
125.51
125.51
125.59
125.71
125.87
126.10
126.39
126.73
127.09
127.44
127.69
127.82
127.81
127.71
127.54
127.45
127.47
127.62
127.85
128.13
128.37
128.55
128.64
128.67
128.66
128.56
128.38
128.13
127.84
127.54
127.32
127.22
127.25
127.36
127.52
127.58
127.50
127.26
126.91
126.54
126.19
125.87
125.61
125.39
125.21
125.08
124.98
124.92
124.87
124.80
124.67
124.50
124.29
124.08
123.98
124.02
124.21
124.49
124.82
125.11
125.34
125.48
125.55
125.58
125.67
125.86
126.16
126.52
126.90
127.18
127.31
127.28
127.14
126.92
126.72
126.57
126.48
126.45
126.46
126.52
126.63
126.78
126.95
127.12
127.19
127.11
126.90
126.59
126.24
125.92
125.68
125.53
125.44
125.42
125.54
125.80
126.22
126.71
127.15
127.49
127.70
127.81
127.85
127.83
127.77
127.69
127.59
127.49
127.40
127.31
127.23
127.17
127.11
127.01
126.86
126.66
126.43
126.19
125.96
125.74
125.55
125.39
125.26
125.20
125.23
125.35
125.52
125.72
125.87
125.96
125.97
125.93
125.84
125.74
125.63
125.52
125.41
125.32
125.29
125.33
125.45
125.62
125.81
125.98
126.11
126.20
126.25
126.27
126.33
126.43
126.58
126.77
126.96
127.18
127.42
127.67
127.92
128.04
128.02
127.84
127.57
127.24
126.91
126.62
126.39
126.20
126.06
126.04
126.14
126.36
126.66
127.00
127.26
127.41
127.45
127.39
127.28
127.13
126.97
126.80
126.64
126.50
126.42
126.43
126.51
126.65
126.82
126.90
126.85
126.66
126.39
126.07
125.76
125.49
125.28
125.11
124.99
124.96
125.02
125.17
125.37
125.60
125.83
126.06
126.27
126.45
126.61
126.85
127.19
127.63
128.12
128.61
129.03
129.35
129.56
129.67
129.72
129.71
129.67
129.60
129.52
129.44
129.36
129.28
129.21
129.15
129.08
128.98
128.86
128.73
128.60
128.47
128.36
128.26
128.18
128.11
128.03
127.94
127.82
127.69
127.56
127.50
127.51
127.59
127.73
127.89
127.96
127.90
127.70
127.42
127.09
126.81
126.59
126.46
126.40
126.38
126.38
126.37
126.35
126.31
126.27
126.20
126.10
125.97
125.83
125.68
125.63
125.67
125.83
126.06
126.32
126.49
126.52
126.41
126.21
126.00
125.83
125.72
125.65
125.63
125.63
125.65
125.68
125.72
125.77
125.86
126.02
126.23
126.48
126.73
126.98
127.20
127.40
127.58
127.72
127.78
127.76
127.65
127.48
127.29
127.05
126.79
126.52
126.24
125.98
125.72
125.46
125.20
124.95
124.73
124.61
124.62
124.75
124.96
125.22
125.58
126.02
126.55
127.10
127.64
128.04
128.27
128.30
128.20
128.02
127.89
127.85
127.95
128.12
128.34
128.48
128.50
128.38
128.16
127.87
127.53
127.15
126.77
126.41
126.09
125.80
125.55
125.35
125.19
125.12
125.15
125.27
125.44
125.65
125.84
125.99
126.10
126.17
126.21
126.20
126.15
126.04
125.92
125.78
125.67
125.59
125.56
125.57
125.59
125.68
125.85
126.07
126.34
126.61
126.85
127.04
127.17
127.25
127.30
127.26
127.14
126.94
126.70
126.43
126.17
125.93
125.71
125.52
125.35
125.30
125.37
125.56
125.82
126.12
126.35
126.48
126.49
126.42
126.37
126.39
126.49
126.63
126.81
126.92
126.93
126.84
126.67
126.47
126.30
126.19
126.16
126.18
126.24
126.32
126.42
126.51
126.61
126.70
126.80
126.92
127.07
127.22
127.37
127.45
127.46
127.38
127.26
127.11
126.99
126.94
126.96
127.03
127.13
127.19
127.20
127.14
127.04
126.91
126.80
126.72
126.68
126.67
126.68
126.73
126.82
126.94
127.09
127.24
127.38
127.52
127.64
127.74
127.83
127.82
127.70
127.47
127.18
126.97
126.87
126.92
127.07
127.27
127.48
127.67
127.82
127.93
128.01
128.07
128.11
128.13
128.14
128.13
128.10
128.03
127.92
127.80
127.67
127.47
127.18
126.80
126.39
125.98
125.66
125.47
125.42
125.47
125.58
125.63
125.58
125.40
125.15
124.86
124.67
124.60
124.68
124.86
125.10
125.35
125.57
125.74
125.88
125.98
126.11
126.27
126.48
126.71
126.93
127.15
127.35
127.52
127.67
127.76
127.80
127.78
127.73
127.65
127.65
127.73
127.90
128.14
128.41
128.62
128.77
128.83
128.83
128.78
128.66
128.45
128.18
127.87
127.55
127.33
127.22
127.24
127.35
127.51
127.65
127.74
127.77
127.74
127.69
127.58
127.44
127.26
127.07
126.88
126.78
126.79
126.91
127.11
127.35
127.55
127.69
127.75
127.75
127.72
127.68
127.65
127.66
127.68
127.71
127.72
127.70
127.65
127.58
127.50
127.47
127.51
127.61
127.76
127.85
127.85
127.75
127.59
127.40
127.24
127.14
127.11
127.15
127.21
127.28
127.32
127.33
127.32
127.30
127.24
127.15
127.02
126.87
126.73
126.61
126.54
126.51
126.52
126.55
126.57
126.56
126.53
126.48
126.42
126.38
126.37
126.40
126.45
126.52
126.56
126.58
126.56
126.51
126.45
126.39
126.32
126.26
126.20
126.15
126.10
126.07
126.04
126.02
126.00
125.93
125.81
125.63
125.41
125.19
125.07
125.10
125.27
125.53
125.88
126.27
126.69
127.11
127.51
127.84
128.09
128.26
128.37
128.43
128.39
128.26
128.05
127.79
127.52
127.27
127.07
126.92
126.83
126.77
126.77
126.82
126.92
127.04
127.18
127.27
127.29
127.24
127.13
127.00
126.88
126.79
126.74
126.71
126.71
126.70
126.67
126.61
126.54
126.46
126.43
126.47
126.58
126.73
126.90
127.11
127.34
127.60
127.85
128.09
128.27
128.41
128.48
128.50
128.49
128.35
128.07
127.66
127.18
126.75
126.42
126.22
126.12
126.10
126.14
126.20
126.30
126.40
126.50
126.65
126.86
127.12
127.40
127.68
127.87
127.94
127.89
127.75
127.56
127.32
127.04
126.73
126.42
126.13
125.95
125.89
125.96
126.12
126.33
126.57
126.81
127.04
127.26
127.45
127.64
127.83
128.03
128.22
128.39
128.52
128.60
128.62
128.60
128.56
128.52
128.51
128.53
128.56
128.61
128.72
128.89
129.13
129.39
129.66
129.81
129.83
129.68
129.44
129.16
128.90
128.66
128.46
128.30
128.08
127.81
127.47
127.10
126.73
126.45
126.30
126.29
126.37
126.52
126.67
126.81
126.92
127.00
127.05
127.06
127.03
126.95
126.84
126.72
126.65
126.65
126.72
126.84
126.98
127.06
127.04
126.92
126.73
126.51
126.32
126.20
126.16
126.18
126.23
126.34
126.49
126.68
126.88
127.08
127.24
127.36
127.42
127.44
127.43
127.32
127.11
126.79
126.42
126.03
125.78
125.71
125.84
126.10
126.38
126.64
126.84
126.99
127.09
127.14
127.12
127.04
126.94
126.81
126.68
126.55
126.43
126.33
126.24
126.21
126.26
126.39
126.57
126.77
127.00
127.26
127.53
127.80
128.05
128.23
128.31
128.30
128.22
128.10
127.93
127.72
127.49
127.24
127.00
126.81
126.67
126.59
126.55
126.55
126.50
126.36
126.15
125.88
125.59
125.41
125.37
125.48
125.69
125.96
126.18
126.32
126.34
126.28
126.17
125.98
125.71
125.38
125.02
124.79
124.74
124.88
125.14
125.48
125.79
126.05
126.23
126.35
126.41
126.45
126.50
126.57
126.63
126.70
126.76
126.82
126.87
126.91
126.94
127.08
127.33
127.70
128.13
128.59
128.94
129.13
129.15
129.05
128.87
128.61
128.31
127.98
127.63
127.31
126.90
126.41
125.83
125.22
124.62
124.19
123.97
123.98
124.15
124.42
124.72
125.01
125.27
125.49
125.67
125.76
125.76
125.66
125.51
125.32
125.17
125.08
125.07
125.11
125.18
125.28
125.39
125.50
125.60
125.80
126.11
126.54
127.02
127.52
127.92
128.19
128.32
128.34
128.28
128.22
128.20
128.23
128.28
128.36
128.40
128.38
128.29
128.16
128.00
127.87
127.77
127.71
127.68
127.68
127.75
127.90
128.11
128.36
128.62
128.82
128.95
128.99
128.96
128.89
128.71
128.43
128.05
127.62
127.18
126.78
126.45
126.19
126.00
125.86
125.78
125.73
125.71
125.71
125.73
125.86
126.12
126.51
126.97
127.38
127.68
127.86
127.93
127.94
127.86
127.73
127.54
127.32
127.10
126.89
126.69
126.52
126.37
126.24
126.14
126.06
126.00
125.96
125.94
125.97
126.08
126.26
126.48
126.71
126.87
126.91
126.84
126.70
126.50
126.34
126.24
126.20
126.22
126.28
126.35
126.44
126.53
126.62
126.71
126.78
126.84
126.90
126.94
126.97
126.94
126.85
126.68
126.47
126.25
126.11
126.07
126.14
126.29
126.49
126.74
127.02
127.32
127.62
127.91
128.17
128.39
128.58
128.74
128.91
129.12
129.37
129.63
129.88
130.02
130.00
129.83
129.56
129.23
128.88
128.54
128.21
127.92
127.67
127.46
127.28
127.14
127.04
126.97
126.91
126.88
126.87
126.86
126.87
126.80
126.64
126.39
126.08
125.76
125.52
125.39
125.38
125.47
125.61
125.75
125.88
125.98
126.05
126.09
126.09
126.05
125.96
125.85
125.72
125.73
125.90
126.23
126.67
127.16
127.51
127.70
127.68
127.53
127.31
127.07
126.85
126.65
126.48
126.35
126.29
126.28
126.32
126.38
126.42
126.45
126.44
126.41
126.37
126.30
126.19
126.05
125.89
125.74
125.75
125.96
126.37
126.91
127.51
128.03
128.44
128.70
128.84
128.90
128.97
129.09
129.28
129.50
129.73
129.86
129.85
129.69
129.43
129.12
128.82
128.55
128.33
128.16
128.03
127.89
127.71
127.50
127.27
127.04
126.87
126.79
126.80
126.87
126.98
127.14
127.33
127.56
127.80
127.97
128.07
128.08
128.03
127.94
127.80
127.62
127.41
127.18
126.96
126.81
126.74
126.76
126.84
126.95
127.15
127.41
127.73
128.07
128.42
128.59
128.54
128.26
127.84
127.34
126.89
126.54
126.32
126.20
126.16
126.15
126.15
126.14
126.13
126.11
126.17
126.33
126.58
126.88
127.21
127.46
127.59
127.60
127.52
127.38
127.27
127.20
127.19
127.23
127.30
127.44
127.65
127.92
128.22
128.53
128.71
128.75
128.63
128.41
128.20
128.06
128.01
128.03
128.09
128.16
128.21
128.24
128.24
128.23
128.08
127.77
127.30
126.73
126.14
125.64
125.26
125.04
124.94
124.92
124.91
124.89
124.82
124.73
124.63
124.58
124.59
124.67
124.80
124.96
125.20
125.54
125.96
126.41
126.87
127.31
127.70
128.05
128.34
128.58
128.77
128.92
129.03
129.10
129.15
129.04
128.76
128.31
127.76
127.18
126.73
126.48
126.43
126.54
126.74
126.90
126.96
126.90
126.76
126.64
126.59
126.64
126.74
126.88
126.98
127.03
127.01
126.94
126.84
126.72
126.61
126.49
126.38
126.29
126.21
126.14
126.08
126.04
126.01
126.04
126.14
126.31
126.51
126.74
126.91
127.01
127.03
126.98
126.90
126.82
126.76
126.73
126.72
126.74
126.73
126.70
126.64
126.57
126.48
126.40
126.32
126.25
126.18
126.13
126.14
126.21
126.36
126.56
126.77
126.90
126.94
126.86
126.70
126.50
126.31
126.14
126.02
125.93
125.90
125.92
126.00
126.10
126.22
126.33
126.39
126.42
126.41
126.39
126.43
126.56
126.78
127.05
127.34
127.56
127.67
127.65
127.56
127.40
127.25
127.11
127.01
126.94
126.90
126.84
126.77
126.68
126.58
126.48
126.41
126.38
126.39
126.43
126.49
126.59
126.72
126.87
127.05
127.22
127.35
127.44
127.48
127.48
127.46
127.36
127.20
126.96
126.69
126.41
126.20
126.06
126.02
126.04
126.16
126.36
126.65
126.98
127.32
127.59
127.78
127.86
127.88
127.85
127.80
127.77
127.76
127.76
127.78
127.75
127.66
127.51
127.32
127.12
126.98
126.90
126.91
126.97
127.07
127.21
127.40
127.61
127.84
128.06
128.26
128.44
128.60
128.73
128.84
128.87
128.82
128.68
128.50
128.29
128.05
127.78
127.50
127.22
126.96
126.73
126.53
126.36
126.22
126.11
126.03
125.97
125.93
125.91
125.89
125.94
126.06
126.25
126.47
126.61
126.61
126.48
126.25
125.97
125.72
125.54
125.43
125.39
125.39
125.40
125.40
125.37
125.34
125.29
125.19
125.03
124.81
124.56
124.30
124.13
124.07
124.13
124.27
124.46
124.63
124.74
124.77
124.76
124.70
124.66
124.63
124.63
124.65
124.68
124.88
125.27
125.85
126.53
127.24
127.89
128.43
128.84
129.14
129.34
129.43
129.44
129.36
129.24
129.08
128.89
128.67
128.42
128.18
127.94
127.70
127.45
127.20
126.96
126.77
126.63
126.55
126.53
126.53
126.59
126.69
126.83
126.99
127.16
127.29
127.38
127.43
127.44
127.42
127.33
127.17
126.94
126.68
126.41
126.11
125.81
125.49
125.20
124.92
124.71
124.56
124.48
124.45
124.46
124.47
124.47
124.44
124.39
124.34
124.34
124.40
124.53
124.70
124.89
125.05
125.18
125.26
125.30
125.31
125.33
125.37
125.42
125.50
125.57
125.68
125.81
125.96
126.13
126.29
126.47
126.66
126.87
127.07
127.21
127.27
127.25
127.16
127.04
126.93
126.84
126.78
126.76
126.75
126.76
126.78
126.81
126.83
126.86
126.94
127.08
127.28
127.52
127.76
127.91
127.96
127.89
127.74
127.54
127.32
127.09
126.87
126.68
126.50
126.30
126.06
125.78
125.49
125.21
125.11
125.22
125.55
126.02
126.56
127.02
127.34
127.49
127.52
127.46
127.44
127.51
127.70
127.95
128.24
128.42
128.48
128.39
128.19
127.94
127.71
127.54
127.45
127.41
127.39
127.37
127.33
127.29
127.24
127.17
127.07
126.95
126.81
126.67
126.53
126.41
126.30
126.21
126.13
126.10
126.11
126.17
126.25
126.35
126.48
126.64
126.82
127.02
127.20
127.38
127.53
127.67
127.78
127.87
127.86
127.74
127.51
127.21
126.89
126.64
126.50
126.48
126.55
126.67
126.83
127.00
127.18
127.35
127.50
127.60
127.66
127.66
127.63
127.57
127.40
127.09
126.66
126.16
125.64
125.24
125.00
124.94
125.01
125.22
125.54
125.95
126.40
126.85
127.21
127.43
127.51
127.48
127.39
127.22
127.00
126.73