159.05
158.99
158.95
158.93
158.91
158.91
158.96
159.08
159.27
159.49
159.73
159.96
160.18
160.38
160.55
160.70
160.73
160.65
160.46
160.19
159.88
159.65
159.51
159.50
159.57
159.70
159.83
159.94
160.03
160.08
160.12
160.16
160.23
160.31
160.41
160.51
160.68
160.95
161.29
161.68
162.07
162.27
162.21
161.90
161.42
160.84
160.31
159.89
159.59
159.41
159.39
159.53
159.82
160.19
160.60
160.93
161.16
161.25
161.25
161.19
161.05
160.86
160.62
160.37
160.12
159.89
159.68
159.49
159.34
159.21
159.19
159.29
159.50
159.78
160.10
160.34
160.48
160.50
160.43
160.31
160.20
160.15
160.15
160.20
160.28
160.40
160.56
160.74
160.94
161.14
161.18
161.06
160.76
160.35
159.88
159.45
159.10
158.85
158.68
158.58
158.50
158.44
158.37
158.30
158.37
158.60
158.99
159.49
160.02
160.44
160.72
160.82
160.79
160.68
160.56
160.48
160.44
160.45
160.49
160.43
160.26
159.97
159.61
159.21
158.95
158.86
158.97
159.21
159.52
159.80
159.98
160.06
160.06
160.01
160.02
160.13
160.37
160.67
161.01
161.25
161.34
161.29
161.13
160.90
160.64
160.37
160.11
159.86
159.65
159.59
159.73
160.05
160.48
160.87
161.15
161.28
161.31
161.25
161.20
161.18
161.21
161.28
161.36
161.45
161.55
161.64
161.72
161.79
161.83
161.82
161.77
161.70
161.61
161.54
161.50
161.50
161.53
161.57
161.55
161.43
161.22
160.96
160.67
160.45
160.35
160.36
160.46
160.61
160.71
160.73
160.65
160.50
160.32
160.18
160.09
160.08
160.13
160.20
160.30
160.40
160.51
160.61
160.67
160.69
160.67
160.62
160.55
160.48
160.40
160.32
160.25
160.18
160.08
159.92
159.70
159.46
159.21
159.08
159.09
159.26
159.52
159.83
160.09
160.25
160.30
160.26
160.17
160.09
160.06
160.09
160.16
160.25
160.25
160.13
159.88
159.55
159.18
158.86
158.61
158.46
158.39
158.37
158.47
158.68
159.01
159.40
159.82
160.14
160.35
160.42
160.40
160.31
160.23
160.18
160.20
160.25
160.35
160.50
160.68
160.88
161.08
161.27
161.44
161.59
161.72
161.82
161.82
161.72
161.49
161.20
160.88
160.56
160.25
159.96
159.71
159.50
159.38
159.35
159.42
159.55
159.72
159.99
160.35
160.80
161.29
161.77
162.20
162.56
162.84
163.04
163.18
163.21
163.15
162.98
162.76
162.52
162.21
161.85
161.44
161.03
160.63
160.37
160.27
160.35
160.55
160.79
161.04
161.26
161.46
161.63
161.82
162.04
162.30
162.58
162.84
162.99
162.98
162.82
162.55
162.23
161.94
161.71
161.57
161.49
161.46
161.42
161.34
161.21
161.06
160.89
160.81
160.83
160.96
161.16
161.40
161.60
161.73
161.79
161.78
161.74
161.67
161.58
161.49
161.40
161.32
161.16
160.92
160.60
160.23
159.86
159.39
158.83
158.17
157.49
156.83
156.35
156.08
156.05
156.19
156.57
157.17
157.95
158.82
159.71
160.43
160.92
161.17
161.22
161.14
161.08
161.08
161.19
161.36
161.57
161.68
161.67
161.52
161.28
160.99
160.71
160.46
160.26
160.11
159.99
159.89
159.78
159.66
159.54
159.43
159.30
159.16
158.99
158.83
158.66
158.65
158.80
159.14
159.58
160.07
160.51
160.88
161.14
161.32
161.43
161.48
161.49
161.47
161.43
161.33
161.16
160.92
160.66
160.38
160.06
159.70
159.30
158.90
158.52
158.30
158.28
158.46
158.78
159.18
159.58
159.95
160.26
160.53
160.73
160.87
160.93
160.92
160.87
160.78
160.76
160.83
160.99
161.21
161.46
161.64
161.71
161.68
161.56
161.40
161.21
161.01
160.82
160.64
160.48
160.29
160.06
159.79
159.50
159.22
159.04
158.98
159.04
159.19
159.37
159.54
159.68
159.80
159.89
159.91
159.85
159.70
159.51
159.30
159.21
159.29
159.54
159.90
160.32
160.70
161.01
161.23
161.37
161.45
161.53
161.64
161.79
161.96
162.14
162.20
162.12
161.91
161.60
161.24
160.98
160.85
160.87
161.01
161.20
161.33
161.35
161.24
161.04
160.79
160.52
160.25
159.99
159.76
159.56
159.36
159.16
158.96
158.77
158.59
158.52
158.56
158.71
158.95
159.17
159.34
159.44
159.49
159.50
159.53
159.60
159.73
159.89
160.06
160.20
160.30
160.36
160.38
160.37
160.35
160.31
160.27
160.23
160.18
160.12
160.02
159.90
159.77
159.64
159.54
159.48
159.46
159.48
159.52
159.60
159.72
159.87
160.04
160.21
160.34
160.43
160.47
160.47
160.45
160.41
160.36
160.30
160.25
160.20
160.10
159.94
159.73
159.49
159.27
159.08
158.95
158.86
158.80
158.83
158.94
159.12
159.35
159.60
159.82
160.00
160.13
160.21
160.25
160.25
160.19
160.08
159.95
159.81
159.69
159.61
159.58
159.58
159.60
159.69
159.85
160.08
160.34
160.61
160.82
160.95
160.99
160.97
160.90
160.80
160.69
160.58
160.47
160.36
160.25
160.11
159.96
159.80
159.64
159.47
159.29
159.09
158.89
158.71
158.62
158.65
158.79
159.01
159.24
159.46
159.64
159.79
159.90
159.96
159.96
159.91
159.83
159.73
159.64
159.59
159.57
159.59
159.62
159.69
159.79
159.93
160.08
160.24
160.42
160.61
160.82
161.03
161.23
161.36
161.40
161.36
161.26
161.12
160.93
160.71
160.47
160.22
159.98
159.70
159.39
159.05
158.70
158.36
158.10
157.95
157.89
157.91
157.99
158.20
158.55
159.03
159.59
160.13
160.62
161.04
161.39
161.66
161.90
162.11
162.31
162.48
162.63
162.62
162.44
162.07
161.59
161.07
160.67
160.45
160.43
160.55
160.77
160.99
161.17
161.29
161.35
161.38
161.41
161.44
161.50
161.56
161.63
161.76
161.93
162.17
162.43
162.70
162.82
162.77
162.54
162.18
161.76
161.40
161.14
161.00
160.96
160.99
161.00
160.99
160.93
160.83
160.72
160.61
160.49
160.39
160.29
160.13
159.89
159.57
159.20
158.83
158.55
158.39
158.37
158.44
158.57
158.77
159.01
159.29
159.57
159.85
160.05
160.16
160.18
160.13
160.03
160.04
160.19
160.50
160.91
161.36
161.71
161.91
161.96
161.88
161.73
161.56
161.39
161.26
161.15
161.06
161.05
161.12
161.27
161.47
161.69
161.86
161.96
161.98
161.94
161.86
161.84
161.90
162.06
162.27
162.46
162.59
162.65
162.66
162.63
162.53
162.34
162.09
161.80
161.50
161.29
161.19
161.22
161.34
161.51
161.65
161.75
161.77
161.75
161.69
161.62
161.53
161.44
161.36
161.28
161.10
160.81
160.40
159.94
159.45
159.14
159.05
159.20
159.50
159.91
160.27
160.55
160.72
160.80
160.81
160.78
160.71
160.63
160.54
160.44
160.33
160.19
160.03
159.86
159.75
159.71
159.76
159.85
159.98
160.15
160.36
160.59
160.83
161.06
161.24
161.37
161.44
161.47
161.46
161.43
161.39
161.34
161.28
161.23
161.15
161.05
160.92
160.79
160.65
160.46
160.23
159.94
159.64
159.34
159.19
159.23
159.45
159.80
160.21
160.54
160.75
160.80
160.74
160.60
160.47
160.39
160.36
160.37
160.41
160.45
160.46
160.45
160.41
160.37
160.29
160.18
160.04
159.88
159.65
159.33
158.93
158.49
158.05
157.68
157.42
157.26
157.19
157.19
157.34
157.63
158.08
158.60
159.14
159.60
159.92
160.10
160.17
160.16
160.14
160.14
160.19
160.27
160.36
160.46
160.56
160.66
160.74
160.81
160.79
160.67
160.44
160.15
159.83
159.48
159.12
158.75
158.40
158.08
157.85
157.72
157.70
157.76
157.86
158.08
158.40
158.81
159.28
159.61
159.78
159.74
159.57
159.31
159.14
159.11
159.24
159.48
159.78
160.01
160.11
160.07
159.93
159.73
159.50
159.25
159.02
158.79
158.60
158.37
158.12
157.82
157.52
157.23
157.04
156.97
157.03
157.17
157.38
157.58
157.75
157.89
157.99
158.06
158.22
158.47
158.84
159.27
159.71
160.04
160.22
160.22
160.10
159.91
159.70
159.50
159.33
159.20
159.09
159.10
159.21
159.44
159.74
160.04
160.32
160.55
160.74
160.88
161.01
161.15
161.29
161.42
161.55
161.50
161.25
160.80
160.22
159.60
159.12
158.87
158.85
159.01
159.28
159.56
159.81
160.00
160.12
160.21
160.28
160.36
160.45
160.54
160.63
160.68
160.70
160.67
160.62
160.55
160.49
160.47
160.48
160.52
160.57
160.71
160.94
161.27
161.64
162.03
162.22
162.17
161.86
161.38
160.89
160.46
160.13
159.90
159.74
159.61
159.51
159.40
159.31
159.23
159.19
159.19
159.23
159.30
159.39
159.48
159.58
159.66
159.74
159.81
159.93
160.09
160.30
160.55
160.79
160.95
161.00
160.92
160.77
160.57
160.34
160.11
159.89
159.69
159.51
159.38
159.31
159.30
159.33
159.39
159.57
159.88
160.31
160.82
161.34
161.74
161.98
162.05
161.98
161.83
161.63
161.40
161.16
160.93
160.78
160.71
160.73
160.81
160.93
160.99
160.97
160.85
160.66
160.45
160.24
160.07
159.95
159.87
159.82
159.87
160.04
160.31
160.65
161.01
161.29
161.45
161.49
161.44
161.33
161.23
161.18
161.18
161.23
161.31
161.37
161.41
161.41
161.39
161.36
161.18
160.85
160.35
159.78
159.17
158.65
158.27
158.04
157.93
157.91
157.98
158.13
158.33
158.56
158.72
158.78
158.72
158.59
158.42
158.30
158.27
158.34
158.47
158.65
158.85
159.05
159.24
159.41
159.57
159.72
159.89
160.06
160.24
160.40
160.52
160.59
160.60
160.58
160.54
160.42
160.24
159.99
159.71
159.43
159.23
159.14
159.18
159.31
159.49
159.67
159.82
159.94
160.03
160.09
160.15
160.23
160.32
160.43
160.53
160.55
160.46
160.27
160.02
159.78
159.60
159.50
159.45
159.45
159.56
159.78
160.10
160.49
160.89
161.23
161.48
161.64
161.71
161.72
161.64
161.47
161.21
160.92
160.61
160.33
160.11
159.94
159.83
159.76
159.78
159.89
160.07
160.30
160.56
160.68
160.64
160.41
160.07
159.67
159.30
158.99
158.78
158.64
158.57
158.54
158.54
158.57
158.61
158.66
158.79
159.02
159.33
159.70
160.08
160.45
160.79
161.09
161.35
161.52
161.58
161.54
161.42
161.27
161.09
160.91
160.74
160.57
160.43
160.30
160.20
160.12
160.05
160.00
160.02
160.12
160.28
160.49
160.72
160.76
160.57
160.14
159.57
158.92
158.42
158.12
158.07
158.19
158.42
158.78
159.23
159.74
160.28
160.80
161.23
161.54
161.73
161.83
161.85
161.77
161.59
161.33
161.02
160.69
160.43
160.25
160.16
160.14
160.15
160.16
160.16
160.15
160.14
160.12
160.10
160.08
160.06
160.05
160.01
159.94
159.84
159.73
159.61
159.60
159.72
159.98
160.33
160.71
161.00
161.14
161.13
161.01
160.81
160.53
160.17
159.74
159.30
158.87
158.60
158.52
158.66
158.93
159.28
159.65
159.99
160.29
160.53
160.73
160.77
160.66
160.38
160.00
159.58
159.17
158.81
158.51
158.28
158.10
157.99
157.96
157.99
158.07
158.12
158.12
158.06
157.96
157.84
157.80
157.84
157.98
158.19
158.44
158.67
158.86
159.00
159.10
159.16
159.22
159.30
159.39
159.48
159.57
159.66
159.74
159.81
159.87
159.92
159.93
159.90
159.83
159.74
159.64
159.58
159.60
159.68
159.81
159.96
160.15
160.37
160.61
160.85
161.08
161.22
161.23
161.12
160.93
160.69
160.44
160.18
159.94
159.72
159.55
159.45
159.40
159.40
159.43
159.51
159.64
159.79
159.97
160.15
160.29
160.39
160.44
160.45
160.43
160.40
160.35
160.30
160.25
160.20
160.10
159.95
159.73
159.49
159.24
159.08
159.03
159.10
159.25
159.45
159.73
160.07
160.46
160.88
161.28
161.55
161.65
161.58
161.40
161.14
160.84
160.54
160.24
159.97
159.72
159.51
159.34
159.20
159.09
159.01
159.03
159.17
159.41
159.72
159.98
160.15
160.21
160.18
160.10
160.01
159.94
159.89
159.86
159.85
159.74
159.52
159.17
158.76
158.33
158.06
158.00
158.17
158.50
158.91
159.37
159.83
160.27
160.67
161.02
161.27
161.40
161.41
161.35
161.23
161.11
161.01
160.93
160.89
160.86
160.79
160.68
160.51
160.31
160.10
160.00
160.04
160.22
160.50
160.83
161.09
161.26
161.31
161.28
161.24
161.22
161.26
161.32
161.40
161.41
161.32
161.14
160.90
160.63
160.43
160.34
160.36
160.46
160.62
160.67
160.57
160.31
159.96
159.55
159.18
158.88
158.68
158.56
158.50
158.56
158.75
159.05
159.42
159.82
160.16
160.42
160.58
160.66
160.68
160.74
160.86
161.06
161.30
161.56
161.74
161.82
161.77
161.64
161.47
161.35
161.31
161.37
161.50
161.68
161.79
161.81
161.73
161.58
161.36
161.10
160.80
160.50
160.20
159.93
159.70
159.49
159.32
159.18
159.05
158.92
158.77
158.63
158.50
158.46
158.53
158.71
158.95
159.24
159.45
159.56
159.56
159.47
159.33
159.19
159.07
158.98
158.91
158.88
158.88
158.93
159.03
159.14
159.27
159.43
159.61
159.81
160.01
160.21
160.36
160.46
160.51
160.51
160.49
160.37
160.14
159.81
159.44
159.15
158.99
158.99
159.09
159.27
159.43
159.55
159.60
159.61
159.58
159.61
159.72
159.91
160.16
160.44
160.69
160.89
161.04
161.14
161.21
161.24
161.25
161.24
161.23
161.20
161.10
160.89
160.60
160.25
159.89
159.61
159.46
159.43
159.49
159.62
159.64
159.54
159.27
158.91
158.50
158.19
158.01
158.00
158.09
158.26
158.44
158.62
158.76
158.87
158.93
158.93
158.89
158.81
158.71
158.65
158.66
158.74
158.86
159.01
159.05
158.98
158.77
158.47
158.13
157.83
157.60
157.47
157.40
157.38
157.54
157.87
158.38
158.98
159.62
160.17
160.58
160.84
160.98
161.02
161.00
160.93
160.83
160.72
160.60
160.54
160.55
160.63
160.76
160.92
161.14
161.42
161.76
162.11
162.46
162.63
162.58
162.30
161.87
161.37
160.75
160.06
159.30
158.53
157.97
157.66
157.62
157.77
158.05
158.43
158.87
159.35
159.83
160.28
160.69
161.04
161.34
161.59
161.78
161.80
161.62
161.24
160.76
160.21
159.72
159.30
158.99
158.78
158.64
158.62
158.70
158.88
159.12
159.39
159.61
159.76
159.82
159.82
159.78
159.79
159.87
160.04
160.27
160.52
160.72
160.85
160.90
160.88
160.82
160.63
160.30
159.84
159.31
158.85
158.49
158.26
158.15
158.11
158.02
157.86
157.59
157.26
156.91
156.77
156.91
157.32
157.92
158.61
159.22
159.69
159.98
160.14
160.18
160.20
160.24
160.30
160.38
160.47
160.46
160.31
160.04
159.68
159.29
158.92
158.59
158.34
158.14
157.99
157.89
157.82
157.79
157.77
157.77
157.76
157.72
157.66
157.58
157.49
157.51
157.66
157.94
158.30
158.70
159.15
159.65
160.18
160.70
161.03
161.12
160.97
160.65
160.23
159.84
159.54
159.35
159.26
159.23
159.28
159.39
159.55
159.75
159.95
160.20
160.50
160.84
161.20
161.54
161.78
161.90
161.87
161.76
161.58
161.30
160.91
160.42
159.90
159.38
158.97
158.70
158.57
158.56
158.63
158.76
158.91
159.07
159.24
159.39
159.51
159.58
159.59
159.57
159.53
159.52
159.57
159.68
159.83
160.02
160.25
160.50
160.76
161.01
161.23
161.43
161.60
161.74
161.85
161.83
161.67
161.36
160.96
160.52
160.19
160.00
159.97
160.06
160.23
160.36
160.42
160.38
160.29
160.15
159.99
159.83
159.67
159.52
159.39
159.36
159.44
159.63
159.89
160.19
160.44
160.62
160.71
160.74
160.72
160.66
160.59
160.51
160.42
160.34
160.27
160.20
160.14
160.09
160.05
159.97
159.83
159.64
159.42
159.29
159.29
159.44
159.68
159.97
160.21
160.34
160.37
160.31
160.21
160.04
159.82
159.58
159.32
159.07
158.94
158.97
159.14
159.42
159.75
160.05
160.28
160.43
160.51
160.54
160.51
160.42
160.28
160.11
159.93
159.73
159.51
159.28
159.05
158.83
158.76
158.88
159.18
159.59
160.07
160.53
160.94
161.29
161.57
161.79
161.90
161.91
161.81
161.64
161.30
160.80
160.13
159.39
158.64
158.05
157.67
157.53
157.57
157.72
157.93
158.14
158.33
158.51
158.65
158.78
158.87
158.95
159.00
159.04
159.09
159.16
159.26
159.37
159.47
159.63
159.84
160.10
160.39
160.68
160.89
161.02
161.06
161.03
160.96
160.85
160.73
160.61
160.49
160.38
160.31
160.29
160.31
160.36
160.43
160.51
160.59
160.67
160.74
160.81
160.76
160.57
160.25
159.86
159.48
159.16
158.93
158.77
158.67
158.62
158.61
158.62
158.64
158.68
158.70
158.69
158.64
158.58
158.50
158.50
158.59
158.79
159.04
159.32
159.53
159.63
159.62
159.52
159.37
159.17
158.92
158.65
158.37
158.10
157.88
157.71
157.62
157.57
157.56
157.55
157.52
157.48
157.42
157.36
157.35
157.41
157.53
157.69
157.88
158.07
158.25
158.42
158.57
158.75
158.97
159.23
159.51
159.79
160.02
160.19
160.30
160.37
160.39
160.36
160.28
160.15
160.00
159.85
159.77
159.80
159.93
160.14
160.38
160.50
160.47
160.26
159.94
159.56
159.29
159.18
159.25
159.45
159.72
160.04
160.36
160.68
160.97
161.23
161.37
161.39
161.27
161.06
160.81
160.54
160.26
160.00
159.77
159.56
159.52
159.66
160.00
160.44
160.89
161.29
161.61
161.86
162.04
162.05
161.90
161.59
161.17
160.72
160.36
160.14
160.09
160.15
160.29
160.46
160.62
160.75
160.86
160.94
160.94
160.87
160.72
160.52
160.30
160.13
160.03
160.02
160.06
160.13
160.23
160.35
160.46
160.57
160.67
160.70
160.66
160.54
160.38
160.19
160.07
160.06
160.15
160.31
160.51
160.71
160.88
161.00
161.09
161.14
161.23
161.35
161.53
161.73
161.86
161.90
161.82
161.66
161.47
161.31
161.20
161.17
161.20
161.25
161.28
161.26
161.18
161.06
160.92
160.82
160.79
160.83
160.93
161.05
161.24
161.49
161.81
162.14
162.48
162.66
162.66
162.46
162.14
161.75
161.38
161.07
160.85
160.71
160.62
160.61
160.66
160.77
160.91
161.07
161.17
161.21
161.17
161.09
160.97
160.83
160.69
160.55
160.43
160.27
160.06
159.80
159.53
159.25
159.07
159.01
159.07
159.22
159.42
159.72
160.12
160.61
161.13
161.65
162.06
162.33
162.45
162.46
162.38
162.28
162.19
162.11
162.05
162.00
161.94
161.86
161.76
161.65
161.54
161.38
161.16
160.90
160.61
160.32
160.08
159.89
159.76
159.69
159.65
159.64
159.66
159.68
159.72
159.76
159.83
159.93
160.05
160.19
160.33
160.49
160.67
160.87
161.07
161.28
161.51
161.75
161.99
162.21
162.35
162.40
162.37
162.27
162.13
161.87
161.48
160.96
160.39
159.81
159.38
159.16
159.15
159.30
159.55
159.83
160.10
160.34
160.54
160.71
160.84
160.94
161.01
161.07
161.10
161.12
161.12
161.12
161.11
161.10
161.06
160.99
160.89
160.77
160.64
160.41
160.07
159.61
159.10
158.57
158.25
158.19
158.40
158.80
159.27
159.76
160.23
160.65
161.01
161.24
161.32
161.26
161.09
160.86
160.57
160.25
159.90
159.55
159.23
158.99
158.85
158.81
158.85
158.94
159.05
159.19
159.32
159.46
159.58
159.69
159.78
159.85
159.92
159.96
160.03
160.11
160.21
160.33
160.45
160.58
160.74
160.92
161.11
161.28
161.42
161.50
161.54
161.53
161.50
161.40
161.22
160.98
160.71
160.42
160.12
159.81
159.50
159.20
159.00
158.93
158.99
159.14
159.35
159.50
159.57
159.53
159.42
159.27
159.20
159.25
159.43
159.70
160.00
160.27
160.47
160.59
160.64
160.64
160.53
160.30
159.96
159.57
159.15
158.78
158.46
158.21
158.02
157.89
157.91
158.09
158.43
158.85
159.32
159.74
160.07
160.30
160.44
160.52
160.49
160.37
160.15
159.89
159.60
159.29
158.96
158.63
158.30
158.14
158.17
158.39
158.74
159.16
159.55
159.88
160.11
160.27
160.37
160.36
160.26
160.07
159.82
159.55
159.41
159.44
159.65
159.98
160.37
160.75
161.11
161.40
161.64
161.82
161.91
161.90
161.78
161.61
161.40
161.10
160.71
160.24
159.74
159.24
158.85
158.60
158.50
158.50
158.59
158.70
158.81
158.89
158.96
159.00
159.04
159.06
159.07
159.08
159.07
159.04
158.98
158.88
158.77
158.64
158.52
158.41
158.31
158.22
158.26
158.43
158.74
159.13
159.56
159.94
160.23
160.42
160.54
160.59
160.54
160.39
160.17
159.89
159.60
159.33
159.11
158.96
158.85
158.78
158.77
158.82
158.91
159.04
159.18
159.34
159.54
159.75
159.97
160.17
160.31
160.36
160.33
160.23
160.10
159.94
159.79
159.63
159.49
159.37
159.21
159.00
158.75
158.49
158.30
158.22
158.26
158.38
158.55
158.72
158.87
158.98
159.06
159.11
159.11
159.07
158.98
158.87
158.74
158.61
158.49
158.38
158.28
158.20
158.21
158.32
158.55
158.84
159.15
159.40
159.53
159.54
159.47
159.34
159.26
159.25
159.34
159.49
159.68
159.80
159.83
159.75
159.60
159.42
159.31
159.33
159.49
159.73
160.02
160.25
160.39
160.41
160.35
160.23
160.09
159.92
159.76
159.61
159.47
159.34
159.24
159.15
159.08
159.00
158.91
158.79
158.67
158.55
158.51
158.58
158.76
159.00
159.28
159.57
159.84
160.10
160.33
160.52
160.66
160.73
160.74
160.71
160.65
160.60
160.58
160.58
160.60
160.64
160.66
160.65
160.61
160.55
160.48
160.40
160.33
160.26
160.19
160.14
160.07
159.97
159.86
159.73
159.60
159.40
159.11
158.75
158.34
158.10
158.05
158.23
158.56
158.97
159.40
159.79
160.14
160.42
160.65
160.83
160.97
161.07
161.13
161.17
161.16
161.10
161.01
160.88
160.75
160.62
160.49
160.38
160.28
160.19
160.12
160.07
160.02
159.99
159.97
160.06
160.29
160.64
161.07
161.53
161.79
161.81
161.57
161.16
160.65
160.20
159.88
159.71
159.66
159.70
159.77
159.84
159.90
159.95
159.99
160.01
160.03
160.04
160.05
160.10
160.21
160.39
160.60
160.82
161.01
161.16
161.25
161.30
161.33
161.27
161.13
160.93
160.68
160.41
160.26
160.25
160.38
160.62
160.91
161.15
161.29
161.32
161.28
161.17
161.01
160.81
160.56
160.31
160.06
159.78
159.46
159.10
158.74
158.39
158.18
158.13
158.25
158.48
158.78
159.13
159.52
159.92
160.31
160.68
160.95
161.12
161.18
161.16
161.05
160.88
160.66
160.42
160.18
159.97
159.81
159.71
159.65
159.63
159.69
159.83
160.04
160.30
160.57
160.80
160.99
161.13
161.22
161.27
161.26
161.20
161.10
160.96
160.82
160.65
160.45
160.24
160.02
159.82
159.57
159.29
158.98
158.65
158.33
158.19
158.28
158.59
159.04
159.57
160.10
160.58
161.00
161.34
161.62
161.81
161.91
161.93
161.90
161.72
161.40
160.93
160.40
159.84
159.38
159.05
158.87
158.80
158.82
158.92
159.09
159.31
159.56
159.81
159.91
159.84
159.59
159.22
158.79
158.47
158.32
158.35
158.52
158.77
159.09
159.45
159.85
160.24
160.61
160.86
160.98
160.95
160.83
160.65
160.41
160.12
159.81
159.49
159.19
159.00
158.93
158.99
159.14
159.34
159.58
159.82
160.05
160.26
160.45
160.50
160.41
160.16
159.82
159.56
159.44
159.50
159.67
159.91
160.04
159.99
159.74
159.37
158.92
158.57
158.34
158.27
158.31
158.43
158.57
158.71
158.82
158.90
158.97
158.99
158.97
158.90
158.80
158.69
158.66
158.72
158.88
159.11
159.37
159.51
159.48
159.28
158.96
158.58
158.34
158.28
158.44
158.74
159.13
159.52
159.90
160.21
160.48
160.69
160.78
160.73
160.55
160.29
160.09
160.00
160.04
160.18
160.37
160.59
160.82
161.05
161.25
161.44
161.55
161.57
161.50
161.37
161.20
160.94
160.59
160.15
159.68
159.20
158.80
158.51
158.33
158.24
158.21
158.32
158.55
158.90
159.31
159.74
160.10
160.38
160.56
160.65
160.68
160.67
160.62
160.56
160.48
160.40
160.38
160.42
160.54
160.70
160.88
161.01
161.08
161.07
161.00
160.82
160.53
160.14
159.70
159.24
158.83
158.49
158.22
158.02
157.88
157.84
157.90
158.05
158.27
158.51
158.73
158.92
159.05
159.14
159.20
159.28
159.40
159.57
159.77
159.97
160.14
160.27
160.34
160.38
160.38
160.36
160.33
160.29
160.25
160.20
160.08
159.87
159.57
159.22
158.86
158.61
158.51
158.58
158.75
158.99
159.30
159.64
160.01
160.37
160.71
160.92
160.95
160.82
160.58
160.27
159.94
159.60
159.27
158.98
158.75
158.58
158.49
158.45
158.46
158.49
158.54
158.60
158.66
158.72
158.89
159.17
159.57
160.04
160.52
160.89
161.10
161.13
161.04
160.87
160.70
160.57
160.51
160.49
160.50
160.46
160.33
160.12
159.86
159.58
159.24
158.86
158.44
158.02
157.61
157.40
157.42
157.68
158.09
158.59
159.04
159.39
159.62
159.74
159.82
159.87
159.91
159.94
159.97
159.94
159.84
159.67
159.46
159.24
159.04
158.89
158.79
158.73
158.70
158.80
159.05
159.43
159.89
160.38
160.80
161.14
161.37
161.51
161.58
161.57
161.50
161.36
161.20
161.02
160.78
160.50
160.16
159.81
159.47
159.15
158.87
158.62
158.42
158.25
158.25
158.44
158.82
159.31
159.85
160.36
160.83
161.22
161.53
161.78
161.91
161.92
161.83
161.67
161.41
161.08
160.68
160.26
159.84
159.42
159.01
158.62
158.26
157.93
157.77
157.77
157.94
158.23
158.58
158.92
159.24
159.50
159.71
159.87
159.99
160.08
160.13
160.16
160.18
160.15
160.08
159.98
159.85
159.72
159.59
159.46
159.35
159.25
159.17
159.13
159.14
159.19
159.27
159.36
159.46
159.56
159.65
159.74
159.81
159.76
159.58
159.27
158.87
158.60
158.51
158.63
158.90
159.25
159.59
159.88
160.09
160.23
160.32
160.33
160.29
160.19
160.05
159.90
159.75
159.60
159.46
159.35
159.24
159.21
159.26
159.38
159.56
159.76
159.94
160.08
160.18
160.23
160.26
160.32
160.42
160.58
160.77
160.96
161.08
161.09
160.98
160.80
160.58
160.28
159.93
159.52
159.11
158.70
158.43
158.33
158.40
158.58
158.85
159.17
159.54
159.92
160.31
160.64
160.90
161.09
161.22
161.30
161.34
161.35
161.34
161.31
161.28
161.26
161.28
161.33
161.40
161.48
161.59
161.73
161.90
162.08
162.25
162.35
162.38
162.33
162.22
162.08
161.82
161.43
160.92
160.35
159.78
159.36
159.14
159.14
159.29
159.54
159.72
159.76
159.64
159.42
159.13
158.90
158.75
158.72
158.76
158.86
159.02
159.22
159.45
159.70
159.97
160.26
160.55
160.83
161.09
161.24
161.27
161.17
160.98
160.74
160.45
160.14
159.80
159.47
159.15
158.85
158.55
158.25
157.98
157.74
157.53
157.35
157.21
157.10
157.02
157.01
157.09
157.24
157.45
157.67
157.93
158.20
158.49
158.78
159.04
159.41
159.90
160.52
161.19
161.86
162.45
162.92
163.25
163.47
163.60
163.60
163.49
163.28
163.02
162.61
162.08
161.44
160.75
160.07
159.53
159.18
159.04
159.04
159.14
159.29
159.44
159.58
159.70
159.80
159.88
159.94
159.99
160.02
160.05
160.03
159.98
159.89
159.78
159.66
159.60
159.60
159.68
159.80
159.95
160.25
160.70
161.29
161.96
162.65
163.15
163.41
163.41
163.23
162.93
162.54
162.09
161.60
161.13
160.68
160.33
160.09
159.98
159.95
159.99
160.01
160.00
159.94
159.85
159.88
160.05
160.38
160.80
161.27
161.64
161.86
161.92
161.86
161.71
161.49
161.22
160.91
160.59
160.28
160.10
160.08
160.22
160.47
160.77
161.06
161.28
161.42
161.49
161.52
161.51
161.48
161.43
161.37
161.31
161.20
161.03
160.80
160.55
160.29
160.01
159.72
159.42
159.14
158.88
158.65
158.46
158.30
158.17
158.07
158.00
157.94
157.91
157.89
158.05
158.39
158.93
159.58
160.28
160.80
161.10
161.14
161.00
160.75
160.42
160.06
159.70
159.36
159.04
158.82
158.70
158.69
158.75
158.86
158.97
159.06
159.12
159.16
159.18
159.18
159.17
159.16
159.14
159.12
159.12
159.16
159.23
159.32
159.42
159.44
159.37
159.19
158.95
158.67
158.42
158.20
158.04
157.93
157.85
157.83
157.87
157.95
158.07
158.20
158.28
158.30
158.24
158.13
158.05
158.01
158.04
158.12
158.21
158.48
158.94
159.59
160.33
161.10
161.82
162.45
162.98
163.40
163.73
163.87
163.82
163.57
163.21
162.79
162.31
161.82
161.32
160.85
160.42
160.07
159.80
159.63
159.53
159.48
159.48
159.50
159.55
159.60
159.66
159.75
159.86
160.00
160.16
160.31
160.48
160.66
160.87
161.07
161.26
161.38
161.42
161.37
161.26
161.09
160.87
160.62
160.36
160.10
159.81
159.48
159.12
158.75
158.40
158.24
158.30
158.59
159.04
159.56
160.05
160.48
160.80
161.04
161.21
161.37
161.54
161.74
161.94
162.14
162.22
162.16
161.95
161.64
161.28
160.89
160.47
160.04
159.63
159.26
158.98
158.82
158.77
158.79
158.88
159.05
159.30
159.62
159.98
160.33
160.70
161.06
161.42
161.76
162.01
162.15
162.19
162.16
162.07
161.90
161.65
161.34
160.99
160.64
160.44
160.43
160.61
160.91
161.29
161.57
161.70
161.64
161.46
161.20
160.93
160.67
160.46
160.29
160.15
160.04
159.97
159.92
159.89
159.87
159.87
159.87
159.88
159.89
159.91
159.95
160.02
160.13
160.24
160.37
160.46
160.52
160.53
160.51
160.46
160.36
160.18
159.94
159.67
159.39
159.10
158.79
158.48
158.18
158.02
158.01
158.16
158.42
158.74
159.03
159.26
159.41
159.49
159.52
159.51
159.48
159.43
159.38
159.32
159.39
159.62
160.02
160.51
161.04
161.46
161.73
161.83
161.80
161.69
161.57
161.48
161.45
161.45
161.49
161.49
161.43
161.32
161.17
161.00
160.85
160.75
160.69
160.66
160.66
160.68
160.71
160.74
160.78
160.82
160.91
161.06
161.27
161.51
161.70
161.82
161.87
161.85
161.79
161.69
161.53
161.34
161.14
160.94
160.72
160.48
160.24
160.00
159.79
159.56
159.34
159.11
158.89
158.69
158.53
158.44
158.40
158.41
158.45
158.50
158.57
158.63
158.70
158.77
158.88
159.04
159.26
159.51
159.76
160.00
160.23
160.43
160.60
160.74
160.82
160.85
160.83
160.77
160.68
160.64
160.66
160.74
160.87
161.01
161.22
161.49
161.82
162.16
162.42
162.56
162.58
162.51
162.38
162.11
161.70
161.16
160.56
159.95
159.44
159.08
158.87
158.79
158.79
158.89
159.05
159.28
159.52
159.77
160.02
160.24
160.43
160.60
160.74
160.80
160.77
160.66
160.49
160.29
160.11
159.96
159.86
159.80
159.77
159.67
159.51
159.26
158.96
158.65
158.37
158.14
157.97
157.85
157.78
157.79
157.89
158.08
158.31
158.56
158.81
159.06
159.28
159.47
159.63
159.77
159.87
159.95
160.01
160.11
160.25
160.44
160.66
160.88
161.05
161.13
161.13
161.07
160.97
160.77
160.47
160.07
159.63
159.18
158.80
158.52
158.34
158.26
158.24
158.27
158.32
158.40
158.49
158.57
158.66
158.74
158.80
158.86
158.91
158.92
158.89
158.83
158.74
158.63
158.61
158.68
158.85
159.09
159.35
159.66
159.98
160.31
160.64
160.94
161.21
161.44
161.63
161.78
161.79
161.65
161.36
160.97
160.55
160.19
159.94
159.83
159.81
159.86
159.98
160.16
160.39
160.63
160.87
161.08
161.23
161.33
161.37
161.39
161.38
161.35
161.31
161.27
161.22
161.15
161.06
160.93
160.79
160.66
160.50
160.32
160.12
159.93
159.74
159.54
159.33
159.12
158.91
158.71
158.69
158.89
159.29
159.83
160.35
160.79
161.11
161.33
161.46
161.48
161.38
161.19
160.94
160.66
160.32
159.93
159.50
159.07
158.65
158.38
158.28
158.35
158.54
158.81
159.03
159.17
159.21
159.17
159.08
158.96
158.82
158.68
158.55
158.43
158.32
158.22
158.15
158.08
158.04
158.00
157.98
157.96
157.95
157.95
158.05
158.29
158.65
159.08
159.54
159.89
160.08
160.11
160.01
159.84
159.62
159.38
159.14
158.90
158.83
158.93
159.22
159.63
160.09
160.52
160.87
161.12
161.29
161.40
161.45
161.46
161.45
161.41
161.36
161.23
161.01
160.69
160.32
159.94
159.62
159.39
159.27
159.21
159.22
159.19
159.09
158.90
158.68
158.43
158.23
158.10
158.06
158.09
158.15
158.32
158.60
158.97
159.40
159.83
160.20
160.48
160.64
160.73
160.75
160.75
160.75
160.76
160.78
160.76
160.67
160.52
160.34
160.13
159.91
159.66
159.39
159.14
158.89
158.76
158.74
158.85
159.04
159.28
159.49
159.63
159.70
159.71
159.68
159.67
159.72
159.81
159.94
160.09
160.22
160.31
160.36
160.37
160.36
160.36
160.38
160.43
160.49
160.56
160.58
160.54
160.43
160.27
160.10
160.02
160.07
160.27
160.55
160.88
161.09
161.14
161.00
160.75
160.37
159.90
159.36
158.80
158.26
157.82
157.49
157.28
157.18
157.15
157.28
157.57
158.01
158.53
159.09
159.55
159.88
160.07
160.14
160.13
160.09
160.05
160.01
159.99
159.97
159.91
159.79
159.61
159.40
159.17
159.06
159.09
159.26
159.53
159.85
160.21
160.60
161.01
161.40
161.75
161.99
162.09
162.05
161.91
161.71
161.56
161.49
161.52
161.63
161.77
161.86
161.86
161.76
161.60
161.42
161.27
161.14
161.05
160.98
160.91
160.82
160.71
160.60
160.49
160.39
160.29
160.21
160.15
160.09
160.02
159.93
159.82
159.69
159.57
159.48
159.43
159.43
159.46
159.50
159.64
159.88
160.22
160.60
160.99
161.27
161.40
161.36
161.21
160.98
160.74
160.52
160.34
160.20
160.08
159.97
159.86
159.73
159.60
159.48
159.48
159.61
159.88
160.24
160.56
160.79
160.91
160.95
160.92
160.83
160.68
160.49
160.27
160.05
159.87
159.73
159.65
159.61
159.61
159.57
159.49
159.35
159.18
159.00
158.87
158.82
158.84
158.92
159.03
159.11
159.13
159.09
159.00
158.88
158.94
159.21
159.71
160.34
161.04
161.57
161.89
161.96
161.85
161.62
161.35
161.07
160.82
160.60
160.41
160.39
160.56
160.91
161.38
161.74
161.93
161.90
161.73
161.46
161.14
160.80
160.47
160.16
159.88
159.58
159.26
158.92
158.57
158.25
158.03
157.95
158.00
158.14
158.34
158.54
158.72
158.86
158.97
159.04
159.07
159.04
158.97
158.86
158.74
158.67
158.67
158.74
158.85
158.99
159.25
159.64
160.14
160.70
161.26
161.65
161.80
161.71
161.44
161.07
160.73
160.46
160.31
160.23
160.22
160.20
160.15
160.05
159.93
159.79
159.65
159.52
159.40
159.30
159.26
159.30
159.42
159.59
159.78
159.98
160.18
160.36
160.52
160.66
160.75
160.78
160.76
160.71
160.64
160.52
160.38
160.20
160.01
159.83
159.60
159.33
159.01
158.68
158.36
158.17
158.14
158.27
158.50
158.80
159.13
159.46
159.77
160.05
160.31
160.49
160.61
160.66
160.66
160.62
160.54
160.41
160.24
160.06
159.85
159.62
159.37
159.12
158.88
158.73
158.66
158.68
158.77
158.89
158.99
159.03
159.00
158.93
158.83
158.77
158.76
158.83
158.93
159.07
159.13
159.10
158.97
158.77
158.53
158.31
158.13
158.00
157.90
157.84
157.86
157.96
158.14
158.37
158.61
158.88
159.17
159.48
159.77
160.04
160.25
160.40
160.49
160.52
160.52
160.48
160.44
160.38
160.32
160.26
160.23
160.24
160.29
160.36
160.36
160.28
160.10
159.86
159.59
159.35
159.14
158.99
158.89
158.82
158.81
158.85
158.94
159.06
159.20
159.33
159.47
159.59
159.69
159.79
159.91
160.09
160.31
160.56
160.81
161.00
161.10
161.11
161.06
160.97
160.88
160.81
160.77
160.76
160.76
160.75
160.71
160.65
160.57
160.49
160.43
160.40
160.42
160.46
160.52
160.50
160.40
160.20
159.94
159.74
159.62
159.61
159.68
159.80
159.92
160.02
160.09
160.14
160.16
160.20
160.25
160.33
160.42
160.51
160.55
160.52
160.42
160.27
160.10
160.00
160.00
160.11
160.28
160.50
160.67
160.79
160.83
160.81
160.75
160.65
160.50
160.31
160.12
159.92
159.67
159.39
159.06
158.72
158.39
158.19
158.15
158.27
158.50
158.80
159.04
159.20
159.24
159.21
159.12
159.11
159.20
159.41
159.70
159.97
160.19
160.33
160.41
160.45
160.48
160.51
160.56
160.62
160.68
160.77
160.88
161.02
161.17
161.32
161.41
161.42
161.35
161.23
161.08
160.90
160.67
160.43
160.18
159.95
159.76
159.62
159.55
159.52
159.53
159.56
159.60
159.66
159.71
159.76
159.71
159.52
159.21
158.81
158.39
158.04
157.81
157.71
157.71
157.78
157.95
158.20
158.53
158.89
159.20
159.44
159.58
159.65
159.66
159.66
159.67
159.69
159.72
159.76
159.80
159.83
159.87
159.90
159.93
159.90
159.80
159.64
159.44
159.22
159.05
158.96
158.95
159.00
159.09
159.20
159.32
159.44
159.56
159.66
159.78
159.91
160.06
160.22
160.37
160.49
160.55
160.57
160.55
160.51
160.40
160.22
159.98
159.70
159.41
159.14
158.89
158.66
158.47
158.33
158.26
158.25
158.28
158.35
158.42
158.51
158.59
158.68
158.75
158.84
158.96
159.09
159.24
159.38
159.48
159.54
159.56
159.54
159.50
159.44
159.38
159.31
159.25
159.19
159.14
159.10
159.07
159.04
159.02
159.03
159.07
159.15
159.26
159.37
159.48
159.59
159.68
159.77
159.84
159.90
159.94
159.98
160.01
160.02
160.09
160.21
160.39
160.60
160.83
161.05
161.25
161.43
161.59
161.67
161.67
161.57
161.42
161.24
161.10
161.02
161.02
161.07
161.16
161.21
161.21
161.14
161.04
160.90
160.68
160.37
159.98
159.54
159.09
158.73
158.46
158.29
158.22
158.21
158.30
158.48
158.74
159.04
159.36
159.72
160.13
160.56
161.00
161.41
161.70
161.86
161.87
161.78
161.62
161.34
160.95
160.47
159.94
159.42
159.08
158.98
159.12
159.42
159.72
159.95
160.05
160.07
160.03
159.97
159.91
159.88
159.87
159.86
159.84
159.79
159.72
159.62
159.53
159.48
159.51
159.61
159.75
159.91
160.04
160.09
160.07
160.00
159.90
159.78
159.65
159.53
159.42
159.31
159.14
158.90
158.57
158.20
157.83
157.60
157.56
157.71
157.99
158.35
158.72
159.06
159.35
159.58
159.77
159.94
160.10
160.27
160.42
160.56
160.62
160.61
160.52
160.37
160.16
159.92
159.65
159.37
159.10
158.88
158.71
158.62
158.57
158.56
158.57
158.61
158.65
158.70
158.75
158.72
158.60
158.37
158.08
157.77
157.51
157.33
157.24
157.21
157.24
157.35
157.54
157.81
158.11
158.43
158.73
159.01
159.26
159.48
159.66
159.88
160.16
160.51
160.89
161.27
161.57
161.78
161.89
161.91
161.88
161.76
161.55
161.27
160.95
160.60
160.23
159.85
159.48
159.14
158.85
158.59
158.39
158.22
158.09
157.97
157.84
157.71
157.58
157.46
157.51
157.76
158.21
158.79
159.41
159.96
160.39
160.67
160.83
160.90
160.95
161.02
161.12
161.23
161.36
161.42
161.42
161.34
161.22
161.06
160.87
160.65
160.41
160.16
159.93
159.72
159.53
159.37
159.24
159.13
159.02
158.91
158.78
158.64
158.52
158.48
158.55
158.73
158.97
159.18
159.29
159.31
159.25
159.14
159.11
159.19
159.39
159.68
160.00
160.28
160.49
160.61
160.66
160.66
160.63
160.57
160.50
160.42
160.34
160.27
160.21
160.15
160.10
160.06
160.06
160.09
160.17
160.26
160.37
160.53
160.75
161.02
161.32
161.62
161.79
161.82
161.69
161.45
161.16
160.86
160.59
160.37
160.20
160.07
159.89
159.65
159.35
159.00
158.74
158.58
158.54
158.59
158.71
158.80
158.85
158.84
158.79
158.71
158.70
158.77
158.94
159.17
159.43
159.62
159.70
159.67
159.55
159.39
159.21
159.01
158.82
158.64
158.48
158.51
158.73
159.18
159.75
160.37
160.98
161.52
161.98
162.36
162.66
162.78
162.72
162.47
162.12
161.70
161.24
160.75
160.27
159.81
159.39
159.04
158.79
158.62
158.52
158.48
158.48
158.50
158.55
158.61
158.69
158.81
158.96
159.11
159.27
159.37
159.39
159.33
159.22
159.07
158.91
158.75
158.60
158.46
158.34
158.32
158.40
158.60
158.87
159.17
159.40
159.53
159.53
159.46
159.32
159.21
159.15
159.15
159.20
159.28
159.39
159.55
159.74
159.93
160.13
160.34
160.56
160.80
161.02
161.24
161.42
161.59
161.72
161.83
161.92
161.88
161.70
161.37
160.96
160.62
160.41
160.34
160.38
160.50
160.61
160.68
160.69
160.66
160.61
160.51
160.37
160.20
160.02
159.84
159.69
159.59
159.55
159.54
159.56
159.67
159.89
160.21
160.58
160.98
161.25
161.38
161.34
161.19
160.96
160.70
160.43
160.16
159.91
159.68
159.54
159.50
159.54
159.66
159.81
159.97
160.15
160.31
160.47
160.60
160.67
160.65
160.55
160.39
160.19
159.94
159.66
159.37
159.10
158.85
158.63
158.44
158.29
158.16
158.12
158.16
158.29
158.47
158.68
158.95
159.28
159.65
160.04
160.42
160.71
160.91
160.99
161.00
160.96
160.85
160.68
160.48
160.26
160.03
159.82
159.63
159.46
159.32
159.20
159.14
159.12
159.16
159.23
159.32
159.42
159.52
159.62
159.71
159.78
159.80
159.74
159.60
159.42
159.22
159.01
158.81
158.63
158.47
158.33
158.21
158.12
158.05
158.00
157.94
157.85
157.75
157.64
157.53
157.58
157.83
158.28
158.84
159.46
159.95
160.26
160.35
160.29
160.13
159.95
159.80
159.71
159.66
159.65
159.68
159.76
159.88
160.03
160.18
160.28
160.31
160.26
160.15
160.02
159.87
159.72
159.58
159.45
159.33
159.20
159.06
158.91
158.75
158.60
158.49
158.43
158.41
158.44
158.45
158.46
158.43
158.39
158.35
158.35
158.41
158.54
158.71
158.89
159.06
159.18
159.26
159.30
159.31
159.28
159.20
159.08
158.94
158.79
158.78
158.93
159.25
159.67
160.15
160.58
160.94
161.19
161.35
161.45
161.44
161.33
161.13
160.87
160.59
160.34
160.13
159.98
159.87
159.80
159.77
159.75
159.76
159.77
159.79
159.80
159.77
159.71
159.62
159.56
159.53
159.53
159.55
159.60
159.67
159.79
159.93
160.09
160.25
160.35
160.37
160.31
160.20
160.06
159.93
159.83
159.77
159.74
159.73
159.77
159.85
159.96
160.10
160.24
160.44
160.68
160.98
161.30
161.61
161.82
161.91
161.88
161.75
161.57
161.36
161.14
160.92
160.72
160.54
160.44
160.43
160.50
160.63
160.80
160.90
160.91
160.81
160.65
160.44
160.28
160.17
160.15
160.17
160.26
160.40
160.59
160.79
161.00
161.12
161.13
161.02
160.84
160.61
160.42
160.29
160.24
160.24
160.29
160.35
160.44
160.52
160.61
160.69
160.79
160.91
161.06
161.21
161.36
161.41
161.37
161.21
160.98
160.71
160.43
160.16
159.91
159.68
159.49
159.40
159.45
159.61
159.85
160.14
160.39
160.56
160.66
160.69
160.68
160.60
160.48
160.31
160.13
159.96
159.84
159.76
159.71
159.70
159.65
159.56
159.41
159.23
159.03
158.93
158.92
159.03
159.21
159.43
159.59
159.66
159.61
159.50
159.34
159.21
159.13
159.12
159.17
159.24
159.28
159.26
159.19
159.07
158.93
158.76
158.55
158.33
158.10
157.88
157.73
157.67
157.70
157.79
157.91
158.09
158.30
158.54
158.78
159.02
159.29
159.60
159.94
160.30
160.61
160.86
161.04
161.17
161.25
161.29
161.31
161.30
161.28
161.25
161.19
161.10
160.97
160.83
160.69
160.56
160.43
160.32
160.23
160.15
160.08
160.04
160.00
159.97
159.96
159.95
159.95
159.95
159.95
159.95
159.99
160.05
160.15
160.26
160.38
160.44
160.43
160.35
160.22
160.07
159.93
159.82
159.76
159.72
159.71
159.78
159.91
160.12
160.37
160.63
160.80
160.87
160.81
160.68
160.55
160.46
160.42
160.42
160.46
160.43
160.32
160.12
159.87
159.59
159.28
158.96
158.63
158.31
158.02
157.86
157.87
158.04
158.32
158.66
159.02
159.38
159.72
160.03
160.29
160.46
160.53
160.50
160.39
160.25
160.13
160.07
160.07
160.13
160.21
160.31
160.42
160.53
160.63
160.72
160.72
160.61
160.39
160.12
159.81
159.55
159.37
159.27
159.24
159.26
159.32
159.39
159.48
159.56
159.65
159.73
159.80
159.86
159.90
159.89
159.81
159.65
159.45
159.24
159.10
159.07
159.15
159.30
159.50
159.66
159.77
159.81
159.79
159.73
159.79
159.99
160.34
160.78
161.26
161.64
161.87
161.93
161.87
161.73
161.51
161.24
160.93
160.60
160.29
160.11
160.09
160.23
160.47
160.78
161.03
161.19
161.24
161.21
161.13
160.98
160.78
160.55
160.30
160.04
159.75
159.46
159.18
158.92
158.79
158.82
159.01
159.31
159.66
160.03
160.39
160.73
161.04
161.31
161.40
161.29
160.99
160.56
160.08
159.62
159.24
158.97
158.77
158.65
158.61
158.64
158.74
158.87
159.03
159.19
159.34
159.49
159.61
159.73
159.79
159.81
159.78
159.71
159.63
159.57
159.53
159.53
159.56
159.60
159.67
159.79
159.93
160.09
160.19
160.23
160.19
160.10
159.98
159.86
159.78
159.73
159.71
159.72
159.79
159.93
160.14
160.38
160.64
160.76
160.71
160.48
160.13
159.72
159.44
159.36
159.50
159.78
160.15
160.46
160.65
160.69
160.63
160.50
160.39
160.31
160.29
160.32
160.38
160.45
160.53
160.61
160.69
160.76
160.77
160.71
160.57
160.39
160.19
159.96
159.71
159.44
159.18
158.96
158.79
158.68
158.63
158.61
158.61
158.64
158.68
158.72
158.76
158.86
159.02
159.23
159.48
159.73
159.98
160.20
160.41
160.58
160.72
160.84
160.93
160.99
161.04
161.07
161.09
161.10
161.10
161.09
161.08
161.02
160.89
160.70
160.48
160.24
160.04
159.88
159.77
159.71
159.69
159.79
160.03
160.42
160.88
161.37
161.74
161.97
162.02
161.95
161.79
161.62
161.45
161.30
161.19
161.09
161.03
160.98
160.94
160.92
160.91
160.91
160.91
160.92
160.93
160.94
160.95
160.96
160.97
160.98
160.98
160.99
160.99
161.00
161.00
160.98
160.92
160.83
160.72
160.61
160.45
160.23
159.95
159.66
159.36
159.05
158.74
158.43
158.14
157.87
157.66
157.52
157.45
157.43
157.44
157.56
157.79
158.12
158.51
158.91
159.28
159.59
159.83
160.01
160.16
160.29
160.43
160.55
160.66
160.70
160.67
160.56
160.39
160.21
160.01
159.82
159.64
159.48
159.34
159.31
159.39
159.58
159.85
160.15
160.41
160.59
160.69
160.72
160.71
160.66
160.59
160.51
160.42
160.34
160.35
160.45
160.66
160.93
161.24
161.38
161.33
161.06
160.66
160.18
159.75
159.43
159.23
159.13
159.11
159.14
159.21
159.30
159.40
159.50
159.60
159.69
159.77
159.84
159.87
159.86
159.80
159.72
159.63
159.53
159.43
159.34
159.25
159.18
159.18
159.24
159.38
159.57
159.77
159.96
160.10
160.20
160.25
160.28
160.26
160.19
160.07
159.94
159.79
159.65
159.51
159.39
159.28
159.19
159.20
159.31
159.54
159.83
160.14
160.33
160.35
160.19
159.90
159.55
159.30
159.20
159.28
159.48
159.76
160.04
160.31
160.53
160.71
160.88
161.05
161.21
161.37
161.52
161.51
161.33
160.98
160.51
160.00
159.51
159.07
158.70
158.41
158.18
157.96
157.73
157.47
157.21
156.97
156.88
156.97
157.24
157.64
158.10
158.57
159.04
159.47
159.85
160.18
160.40
160.51
160.50
160.42
160.28
160.20
160.20
160.29
160.45
160.64
160.83
160.98
161.08
161.15
161.19
161.18
161.13
161.03
160.90
160.74
160.55
160.33
160.11
159.89
159.64
159.35
159.02
158.68
158.35
158.02
157.70
157.38
157.08
156.82
156.69
156.73
156.93
157.24
157.60
157.90
158.10
158.19
158.18
158.11
158.03
157.96
157.92
157.89
157.87
157.90
157.96
158.06
158.18
158.31
158.43
158.55
158.66
158.75
158.83
158.92
159.03
159.16
159.29
159.42
159.52
159.57
159.58
159.55
159.51
159.45
159.38
159.31
159.25
159.14
158.97
158.75
158.50
158.25
158.00
157.78
157.58
157.41
157.27
157.21
157.23
157.35
157.51
157.71
157.86
157.95
157.96
157.92
157.84
157.82
157.88
158.04
158.25
158.50
158.72
158.91
159.04
159.13
159.19
159.11
158.89
158.53
158.09
157.61
157.33
157.28
157.50
157.90
158.40
158.86
159.23
159.47
159.62
159.69
159.68
159.59
159.45
159.27
159.23
159.39
159.74
160.21
160.75
161.24
161.66
161.97
162.18
162.33
162.33
162.19
161.93
161.59
161.21
160.74
160.21
159.60
158.99
158.40
157.91
157.55
157.31
157.19
157.14
157.24
157.47
157.81
158.23
158.67
158.99
159.17
159.17
159.06
158.87
158.70
158.56
158.49
158.47
158.48
158.43
158.31
158.11
157.85
157.57
157.42
157.44
157.65
157.97
158.33
158.69
159.01
159.29
159.52
159.71
159.85
159.97
160.05
160.10
160.10
160.06
159.98
159.86
159.74
159.61
159.49
159.38
159.28
159.20
159.07
158.90
158.68
158.44
158.19
158.03
157.99
158.06
158.22
158.42
158.57
158.63
158.59
158.47
158.31
158.13
157.94
157.76
157.59
157.44
157.39
157.46
157.64
157.89
158.18
158.51
158.86
159.22
159.57
159.89
160.14
160.33
160.44
160.50
160.54
160.57
160.62
160.68
160.74
160.63
160.33
159.84
159.24
158.59
158.05
157.67
157.47
157.41
157.46
157.68
158.07
158.60
159.21
159.84
160.40
160.85