212.42
212.07
211.60
211.03
210.42
209.80
209.41
209.29
209.45
209.81
210.29
210.76
211.19
211.54
211.80
212.00
212.14
212.22
212.28
212.30
212.29
212.28
212.25
212.22
212.19
212.15
212.17
212.26
212.41
212.60
212.71
212.69
212.53
212.29
211.99
211.71
211.45
211.25
211.10
210.99
210.80
210.52
210.14
209.70
209.25
208.92
208.75
208.75
208.87
209.06
209.23
209.31
209.31
209.23
209.11
209.24
209.66
210.40
211.33
212.33
213.18
213.79
214.12
214.24
214.21
214.09
213.94
213.78
213.63
213.49
213.31
213.09
212.82
212.54
212.26
211.97
211.67
211.37
211.09
210.84
210.48
210.00
209.40
208.74
208.38
208.38
208.79
209.46
210.28
211.08
211.79
212.35
212.77
213.08
213.27
213.35
213.33
213.24
213.12
213.02
212.98
213.01
213.08
213.18
213.13
212.91
212.48
211.95
211.36
210.83
210.38
210.05
209.81
209.65
209.70
209.94
210.39
210.94
211.55
212.11
212.57
212.92
213.17
213.33
213.40
213.39
213.31
213.18
213.03
212.84
212.62
212.38
212.14
212.10
212.29
212.73
213.32
213.98
214.45
214.64
214.53
214.21
213.76
213.27
212.80
212.37
211.99
211.67
211.50
211.47
211.58
211.79
212.05
212.29
212.47
212.57
212.60
212.60
212.54
212.43
212.27
212.09
211.91
211.74
211.57
211.43
211.30
211.20
211.12
211.05
211.00
210.97
210.95
211.02
211.18
211.45
211.77
212.12
212.30
212.28
212.04
211.65
211.18
210.77
210.45
210.25
210.16
210.13
210.16
210.23
210.32
210.42
210.65
211.03
211.57
212.18
212.81
213.32
213.65
213.80
213.81
213.72
213.59
213.46
213.34
213.23
213.15
213.11
213.12
213.17
213.25
213.35
213.29
213.04
212.61
212.05
211.45
210.97
210.68
210.60
210.67
210.85
211.06
211.27
211.46
211.62
211.75
211.96
212.28
212.69
213.16
213.64
213.95
214.03
213.87
213.55
213.14
212.63
212.05
211.43
210.81
210.31
209.95
209.76
209.69
209.71
209.85
210.08
210.41
210.77
211.15
211.46
211.67
211.79
211.83
211.81
211.84
211.93
212.11
212.33
212.58
212.72
212.73
212.59
212.35
212.06
211.77
211.51
211.31
211.15
211.03
210.97
210.97
211.02
211.11
211.22
211.29
211.29
211.23
211.12
210.98
210.91
210.93
211.06
211.25
211.48
211.56
211.45
211.14
210.70
210.19
209.83
209.66
209.72
209.94
210.23
210.54
210.84
211.11
211.34
211.54
211.71
211.84
211.94
212.01
211.99
211.85
211.60
211.28
210.94
210.57
210.19
209.80
209.43
209.10
208.89
208.81
208.88
209.03
209.25
209.49
209.75
209.99
210.21
210.41
210.56
210.64
210.67
210.65
210.60
210.51
210.38
210.21
210.03
209.85
209.65
209.43
209.21
208.98
208.77
208.67
208.68
208.81
209.01
209.29
209.62
209.98
210.33
210.67
211.01
211.34
211.66
211.95
212.22
212.39
212.46
212.44
212.34
212.20
212.01
211.79
211.53
211.27
211.02
210.79
210.59
210.42
210.27
210.16
210.17
210.34
210.65
211.04
211.48
211.89
212.26
212.55
212.78
212.95
213.10
213.24
213.38
213.51
213.63
213.65
213.56
213.37
213.10
212.80
212.45
212.04
211.59
211.13
210.70
210.31
209.96
209.67
209.43
209.32
209.34
209.50
209.75
210.04
210.43
210.91
211.46
212.04
212.60
213.01
213.25
213.30
213.21
213.03
212.74
212.36
211.92
211.45
210.99
210.57
210.18
209.85
209.57
209.35
209.25
209.29
209.46
209.72
210.02
210.26
210.40
210.42
210.36
210.24
210.10
209.94
209.77
209.62
209.48
209.35
209.24
209.16
209.09
209.03
208.97
208.88
208.78
208.66
208.54
208.49
208.50
208.59
208.73
209.03
209.49
210.11
210.80
211.51
212.14
212.66
213.04
213.30
213.47
213.43
213.18
212.73
212.16
211.53
210.91
210.32
209.78
209.30
208.90
208.60
208.40
208.28
208.25
208.26
208.33
208.46
208.63
208.83
209.03
209.24
209.48
209.72
209.96
210.19
210.20
209.97
209.49
208.86
208.16
207.53
207.02
206.66
206.42
206.29
206.34
206.57
206.97
207.47
208.00
208.51
208.96
209.33
209.63
209.91
210.19
210.48
210.77
211.04
211.22
211.31
211.31
211.23
211.12
210.97
210.82
210.67
210.53
210.40
210.32
210.28
210.30
210.34
210.41
210.52
210.66
210.83
211.01
211.19
211.25
211.18
210.95
210.64
210.28
209.93
209.62
209.37
209.18
209.03
209.12
209.45
210.03
210.76
211.55
212.26
212.84
213.25
213.53
213.70
213.69
213.54
213.24
212.85
212.43
212.03
211.69
211.41
211.19
211.13
211.25
211.53
211.91
212.34
212.63
212.71
212.57
212.29
211.91
211.44
210.89
210.31
209.72
209.16
208.84
208.80
209.05
209.49
210.03
210.60
211.15
211.62
212.03
212.37
212.64
212.85
213.00
213.11
213.18
213.17
213.07
212.89
212.66
212.41
212.16
211.93
211.71
211.52
211.36
211.15
210.87
210.53
210.15
209.77
209.51
209.41
209.48
209.67
209.89
210.12
210.33
210.51
210.67
210.79
210.89
210.97
211.02
211.06
211.08
211.09
211.10
211.09
211.09
211.08
211.07
211.05
211.04
211.03
211.03
211.02
211.01
211.01
211.00
210.97
210.91
210.82
210.72
210.60
210.54
210.55
210.64
210.77
210.93
211.10
211.26
211.42
211.56
211.68
211.76
211.78
211.76
211.70
211.62
211.51
211.36
211.19
211.00
210.81
210.64
210.49
210.35
210.24
210.20
210.24
210.37
210.54
210.74
210.95
211.15
211.34
211.50
211.65
211.87
212.20
212.63
213.11
213.60
214.00
214.26
214.38
214.38
214.32
214.22
214.14
214.07
214.01
213.98
213.95
213.94
213.93
213.93
213.93
213.83
213.61
213.26
212.84
212.40
211.82
211.12
210.30
209.45
208.61
208.12
208.06
208.43
209.10
209.94
210.77
211.51
212.11
212.58
212.93
213.18
213.34
213.44
213.49
213.62
213.89
214.29
214.78
215.29
215.65
215.84
215.82
215.65
215.39
215.00
214.50
213.91
213.29
212.68
212.16
211.76
211.49
211.33
211.26
211.22
211.19
211.16
211.13
211.10
211.19
211.39
211.73
212.14
212.59
212.94
213.18
213.29
213.29
213.23
213.14
213.06
213.00
212.96
212.93
212.97
213.08
213.26
213.48
213.71
213.84
213.83
213.67
213.42
213.11
212.78
212.46
212.15
211.88
211.69
211.60
211.61
211.70
211.83
211.95
212.06
212.13
212.17
212.19
212.19
212.19
212.17
212.15
212.13
212.05
211.92
211.72
211.49
211.25
211.15
211.21
211.46
211.83
212.25
212.43
212.29
211.80
211.10
210.28
209.61
209.17
209.02
209.07
209.26
209.52
209.79
210.04
210.27
210.47
210.69
210.95
211.23
211.53
211.81
211.94
211.89
211.65
211.28
210.93
210.64
210.46
210.37
210.33
210.24
210.05
209.76
209.40
209.03
208.76
208.64
208.69
208.84
209.06
209.43
209.93
210.55
211.23
211.90
212.43
212.78
212.93
212.93
212.83
212.69
212.54
212.40
212.29
212.19
212.14
212.14
212.18
212.26
212.35
212.39
212.38
212.29
212.16
212.01
211.93
211.95
212.07
212.25
212.48
212.66
212.78
212.83
212.81
212.76
212.65
212.51
212.32
212.12
211.95
211.82
211.73
211.69
211.68
211.66
211.62
211.56
211.49
211.42
211.23
210.93
210.51
210.03
209.53
209.15
208.93
208.89
208.97
209.14
209.38
209.67
210.01
210.35
210.67
211.00
211.32
211.64
211.93
212.19
212.48
212.78
213.11
213.45
213.76
213.94
213.97
213.83
213.57
213.26
212.95
212.66
212.43
212.24
212.10
211.88
211.58
211.18
210.72
210.26
210.00
209.99
210.26
210.69
210.99
211.05
210.82
210.41
209.88
209.41
209.06
208.86
208.78
208.80
209.00
209.40
209.98
210.65
211.36
211.96
212.43
212.74
212.91
212.99
213.01
213.02
213.02
213.02
213.02
212.94
212.76
212.49
212.17
211.83
211.52
211.26
211.06
210.92
210.83
210.88
211.08
211.43
211.87
212.34
212.74
213.01
213.15
213.19
213.15
212.93
212.52
211.94
211.27
210.58
210.03
209.68
209.57
209.61
209.72
209.84
209.93
210.00
210.04
210.05
210.01
209.93
209.82
209.70
209.66
209.72
209.88
210.11
210.37
210.69
211.07
211.49
211.92
212.33
212.65
212.87
212.98
213.00
212.96
212.91
212.87
212.84
212.84
212.84
212.80
212.70
212.54
212.34
212.13
211.87
211.56
211.21
210.85
210.49
210.24
210.12
210.14
210.25
210.42
210.68
211.01
211.40
211.82
212.22
212.44
212.44
212.20
211.81
211.36
210.90
210.48
210.10
209.78
209.57
209.47
209.48
209.57
209.71
209.90
210.14
210.40
210.67
210.93
211.14
211.30
211.39
211.44
211.44
211.37
211.22
211.00
210.73
210.46
210.24
210.10
210.05
210.06
210.13
210.22
210.32
210.43
210.54
210.64
210.78
210.97
211.22
211.48
211.75
211.92
211.98
211.92
211.77
211.57
211.40
211.29
211.25
211.26
211.28
211.29
211.29
211.27
211.24
211.18
211.09
210.97
210.83
210.69
210.71
210.93
211.36
211.90
212.51
213.01
213.36
213.53
213.57
213.52
213.26
212.82
212.19
211.48
210.74
210.02
209.35
208.76
208.25
207.83
207.57
207.48
207.55
207.73
207.97
208.23
208.46
208.65
208.81
208.92
209.09
209.32
209.63
209.97
210.32
210.60
210.79
210.88
210.90
210.86
210.74
210.53
210.25
209.93
209.69
209.55
209.52
209.59
209.71
209.75
209.69
209.51
209.24
208.94
208.81
208.90
209.24
209.73
210.30
210.87
211.40
211.86
212.24
212.54
212.76
212.88
212.92
212.90
212.83
212.64
212.31
211.84
211.31
210.77
210.42
210.33
210.52
210.89
211.37
211.95
212.60
213.29
213.98
214.62
214.93
214.85
214.38
213.66
212.79
211.88
210.98
210.13
209.37
208.71
208.35
208.30
208.57
209.05
209.68
210.39
211.13
211.86
212.54
212.96
213.08
212.90
212.51
211.99
211.47
211.00
210.62
210.31
210.09
209.95
209.89
209.92
209.99
210.09
210.19
210.26
210.29
210.30
210.29
210.32
210.41
210.55
210.73
210.92
211.09
211.21
211.29
211.33
211.34
211.35
211.38
211.44
211.51
211.58
211.66
211.73
211.79
211.85
211.89
211.88
211.80
211.64
211.45
211.23
211.07
210.98
210.97
211.02
211.16
211.38
211.68
212.01
212.35
212.67
212.97
213.24
213.46
213.65
213.61
213.33
212.79
212.10
211.35
210.77
210.45
210.41
210.58
210.88
211.23
211.58
211.90
212.19
212.43
212.66
212.88
213.09
213.29
213.46
213.54
213.49
213.33
213.09
212.81
212.52
212.23
211.96
211.72
211.52
211.29
211.04
210.75
210.46
210.17
210.02
210.02
210.17
210.43
210.75
211.18
211.69
212.29
212.90
213.47
213.96
214.36
214.68
214.92
215.01
214.95
214.75
214.47
214.14
213.90
213.79
213.83
213.97
214.18
214.37
214.52
214.59
214.60
214.59
214.54
214.48
214.41
214.34
214.28
214.21
214.16
214.11
214.07
214.04
213.96
213.83
213.64
213.42
213.19
212.83
212.33
211.70
211.01
210.30
209.64
209.03
208.49
208.04
207.66
207.47
207.47
207.66
207.97
208.30
208.59
208.82
208.99
209.11
209.24
209.40
209.59
209.81
210.02
210.20
210.32
210.39
210.42
210.42
210.45
210.52
210.66
210.82
211.00
211.23
211.52
211.85
212.19
212.53
212.74
212.80
212.69
212.46
212.18
211.94
211.79
211.75
211.79
211.88
211.95
211.98
211.94
211.87
211.77
211.77
211.88
212.13
212.46
212.82
213.04
213.05
212.84
212.49
212.06
211.62
211.21
210.86
210.57
210.33
210.15
210.02
209.92
209.86
209.98
210.31
210.84
211.49
212.19
212.77
213.20
213.43
213.51
213.49
213.48
213.51
213.61
213.76
213.93
213.89
213.60
213.04
212.33
211.55
210.81
210.17
209.66
209.26
208.97
208.85
208.89
209.09
209.38
209.73
210.06
210.36
210.61
210.80
210.94
211.02
211.04
210.99
210.90
210.80
210.81
210.98
211.31
211.74
212.22
212.62
212.91
213.06
213.11
212.93
212.51
211.87
211.10
210.30
209.61
209.09
208.78
208.63
208.59
208.64
208.75
208.89
209.05
209.21
209.34
209.43
209.47
209.47
209.44
209.48
209.60
209.82
210.08
210.37
210.77
211.27
211.88
212.52
213.16
213.52
213.54
213.21
212.64
211.95
211.43
211.20
211.29
211.60
212.06
212.62
213.23
213.86
214.47
215.03
215.32
215.29
214.93
214.36
213.68
213.08
212.65
212.41
212.34
212.34
212.40
212.47
212.54
212.62
212.67
212.68
212.65
212.60
212.53
212.45
212.37
212.30
212.23
212.17
212.01
211.74
211.35
210.90
210.42
210.12
210.04
210.19
210.50
210.91
211.36
211.81
212.25
212.65
213.00
213.35
213.72
214.09
214.46
214.80
215.05
215.19
215.23
215.19
215.10
215.00
214.92
214.87
214.84
214.83
214.85
214.92
215.03
215.15
215.18
215.08
214.85
214.53
214.17
213.84
213.54
213.30
213.12
212.99
212.81
212.58
212.28
211.95
211.61
211.48
211.58
211.95
212.47
213.08
213.43
213.42
213.01
212.36
211.56
210.94
210.60
210.60
210.84
211.22
211.59
211.87
212.02
212.07
212.05
211.95
211.79
211.58
211.35
211.12
210.89
210.69
210.51
210.36
210.23
210.29
210.56
211.03
211.63
212.29
212.84
213.23
213.44
213.51
213.40
213.13
212.72
212.23
211.71
211.37
211.24
211.35
211.62
212.00
212.31
212.51
212.58
212.53
212.42
212.27
212.09
211.91
211.74
211.57
211.40
211.22
211.03
210.84
210.66
210.58
210.61
210.76
210.99
211.25
211.56
211.89
212.24
212.57
212.88
213.08
213.15
213.08
212.92
212.71
212.44
212.14
211.81
211.48
211.17
211.00
210.99
211.14
211.40
211.72
211.99
212.16
212.22
212.20
212.17
212.17
212.21
212.29
212.37
212.44
212.48
212.48
212.46
212.42
212.42
212.48
212.60
212.76
212.94
212.96
212.79
212.42
211.92
211.36
211.05
211.08
211.47
212.09
212.84
213.48
213.93
214.14
214.18
214.09
213.96
213.85
213.78
213.75
213.73
213.66
213.50
213.26
212.97
212.66
212.36
212.07
211.81
211.59
211.40
211.25
211.13
211.03
210.97
210.92
210.87
210.80
210.71
210.60
210.61
210.74
211.00
211.35
211.73
212.02
212.16
212.15
212.02
211.83
211.70
211.68
211.79
211.98
212.23
212.55
212.93
213.36
213.80
214.23
214.49
214.56
214.41
214.13
213.76
213.30
212.78
212.21
211.64
211.10
210.71
210.51
210.51
210.63
210.85
211.14
211.49
211.86
212.24
212.60
212.90
213.13
213.28
213.37
213.42
213.37
213.24
213.03
212.77
212.50
212.23
211.97
211.74
211.54
211.45
211.48
211.64
211.87
212.15
212.42
212.65
212.84
212.97
213.07
213.05
212.92
212.67
212.35
212.00
211.68
211.40
211.18
211.02
210.91
210.91
211.04
211.29
211.61
211.96
212.26
212.49
212.62
212.68
212.68
212.68
212.67
212.69
212.72
212.76
212.85
213.00
213.21
213.46
213.71
213.91
214.02
214.04
214.01
213.93
213.82
213.70
213.58
213.47
213.33
213.18
213.01
212.84
212.68
212.47
212.22
211.93
211.62
211.32
211.11
211.03
211.08
211.22
211.41
211.57
211.68
211.73
211.72
211.67
211.71
211.86
212.13
212.48
212.85
213.15
213.34
213.40
213.37
213.27
213.11
212.90
212.65
212.38
212.12
211.96
211.92
212.00
212.16
212.37
212.61
212.85
213.08
213.29
213.47
213.69
213.93
214.21
214.51
214.79
214.90
214.79
214.46
213.99
213.55
213.21
213.02
212.94
212.94
213.02
213.17
213.37
213.60
213.84
213.96
213.94
213.77
213.50
213.18
212.78
212.33
211.84
211.34
210.86
210.48
210.22
210.08
210.02
210.04
210.16
210.36
210.65
210.97
211.31
211.64
211.94
212.21
212.44
212.63
212.70
212.65
212.47
212.21
211.92
211.52
211.05
210.50
209.92
209.37
209.12
209.23
209.72
210.46
211.32
212.18
212.96
213.61
214.14
214.46
214.54
214.42
214.14
213.78
213.41
213.06
212.76
212.51
212.30
212.20
212.19
212.29
212.44
212.64
212.87
213.14
213.42
213.71
213.97
214.11
214.09
213.92
213.64
213.30
212.91
212.50
212.08
211.67
211.29
210.96
210.68
210.44
210.25
210.11
210.11
210.26
210.57
210.97
211.41
211.83
212.20
212.50
212.74
212.92
212.95
212.81
212.51
212.11
211.66
211.23
210.85
210.54
210.30
210.21
210.30
210.57
210.93
211.35
211.68
211.88
211.91
211.84
211.68
211.57
211.52
211.57
211.68
211.83
211.99
212.16
212.33
212.48
212.61
212.62
212.48
212.20
211.84
211.43
211.17
211.12
211.28
211.60
212.00
212.29
212.39
212.28
212.03
211.69
211.39
211.17
211.06
211.04
211.07
211.20
211.41
211.69
212.02
212.35
212.62
212.80
212.89
212.90
212.86
212.76
212.61
212.41
212.21
211.99
211.79
211.61
211.45
211.31
211.09
210.77
210.35
209.87
209.38
209.02
208.82
208.79
208.89
209.08
209.28
209.48
209.64
209.78
209.88
210.02
210.19
210.41
210.65
210.88
211.09
211.23
211.33
211.37
211.39
211.48
211.68
212.00
212.39
212.79
213.12
213.33
213.40
213.38
213.29
213.10
212.83
212.49
212.12
211.75
211.37
210.99
210.61
210.26
209.95
209.68
209.46
209.28
209.13
209.19
209.46
209.94
210.55
211.21
211.78
212.18
212.40
212.48
212.46
212.42
212.39
212.41
212.45
212.51
212.58
212.65
212.72
212.78
212.83
212.75
212.50
212.09
211.58
211.03
210.70
210.64
210.89
211.34
211.90
212.43
212.87
213.19
213.40
213.53
213.49
213.27
212.89
212.41
211.90
211.49
211.23
211.14
211.18
211.30
211.43
211.52
211.55
211.55
211.57
211.64
211.75
211.90
212.07
212.18
212.22
212.18
212.09
211.97
211.89
211.86
211.91
212.00
212.11
212.19
212.20
212.15
212.05
211.93
211.81
211.73
211.69
211.68
211.69
211.65
211.57
211.43
211.25
211.06
210.95
210.94
211.05
211.23
211.45
211.71
212.00
212.31
212.62
212.91
213.15
213.32
213.42
213.47
213.48
213.41
213.25
213.03
212.76
212.48
212.25
212.11
212.06
212.07
212.10
212.13
212.15
212.15
212.14
212.10
212.03
211.93
211.80
211.67
211.49
211.26
210.97
210.67
210.37
210.14
209.99
209.95
209.97
210.04
210.01
209.84
209.52
209.10
208.64
208.48
208.67
209.25
210.07
211.01
211.81
212.36
212.62
212.67
212.56
212.34
212.07
211.76
211.45
211.16
210.95
210.83
210.81
210.85
210.95
210.94
210.79
210.48
210.08
209.63
209.31
209.16
209.21
209.40
209.50
209.47
209.26
208.94
208.56
208.29
208.18
208.25
208.45
208.72
209.06
209.45
209.85
210.25
210.62
210.82
210.83
210.63
210.29
209.88
209.68
209.75
210.14
210.73
211.42
211.99
212.36
212.50
212.46
212.30
212.14
212.04
212.02
212.06
212.14
212.16
212.10
211.94
211.73
211.49
211.24
211.00
210.78
210.58
210.41
210.30
210.24
210.24
210.28
210.35
210.43
210.52
210.61
210.69
210.66
210.49
210.19
209.81
209.39
209.08
208.91
208.90
209.00
209.19
209.46
209.82
210.24
210.68
211.12
211.55
211.97
212.37
212.74
213.07
213.24
213.24
213.07
212.78
212.43
212.14
211.94
211.86
211.86
211.92
212.02
212.15
212.28
212.41
212.53
212.59
212.57
212.48
212.33
212.16
212.13
212.30
212.66
213.15
213.70
214.10
214.29
214.25
214.05
213.64
213.05
212.32
211.51
210.71
210.03
209.51
209.18
208.98
208.90
208.98
209.22
209.58
210.02
210.49
210.97
211.46
211.94
212.39
212.79
213.11
213.34
213.48
213.55
213.58
213.56
213.52
213.47
213.40
213.33
213.22
213.04
212.81
212.55
212.29
212.03
211.80
211.59
211.42
211.27
211.18
211.15
211.17
211.23
211.31
211.41
211.51
211.60
211.69
211.77
211.78
211.72
211.59
211.41
211.37
211.51
211.85
212.31
212.82
213.33
213.79
214.17
214.49
214.74
214.95
215.14
215.32
215.49
215.63
215.59
215.34
214.88
214.30
213.66
213.05
212.49
212.02
211.64
211.34
211.03
210.69
210.31
209.92
209.54
209.33
209.31
209.49
209.81
210.20
210.52
210.71
210.76
210.70
210.56
210.52
210.61
210.85
211.19
211.58
211.95
212.28
212.55
212.77
212.93
213.05
213.13
213.18
213.20
213.10
212.87
212.49
212.05
211.57
211.10
210.66
210.26
209.91
209.62
209.41
209.28
209.23
209.23
209.28
209.29
209.26
209.17
209.05
208.90
208.83
208.86
209.00
209.20
209.43
209.68
209.93
210.16
210.36
210.54
210.69
210.81
210.91
210.98
211.03
211.14
211.34
211.61
211.94
212.27
212.44
212.40
212.14
211.73
211.25
210.79
210.40
210.10
209.89
209.75
209.66
209.62
209.61
209.62
209.71
209.86
210.08
210.34
210.61
210.98
211.46
212.03
212.65
213.26
213.70
213.93
213.93
213.78
213.53
213.37
213.38
213.58
213.90
214.29
214.57
214.70
214.65
214.47
214.21
213.83
213.35
212.78
212.18
211.58
211.08
210.70
210.45
210.30
210.24
210.26
210.35
210.51
210.70
210.90
211.10
211.29
211.46
211.60
211.73
211.83
211.91
211.97
212.02
212.02
211.98
211.90
211.80
211.68
211.67
211.79
212.04
212.38
212.75
212.98
213.00
212.80
212.46
212.04
211.66
211.37
211.20
211.13
211.12
211.32
211.74
212.37
213.11
213.89
214.47
214.79
214.80
214.61
214.29
213.91
213.53
213.18
212.87
212.61
212.37
212.14
211.92
211.71
211.53
211.43
211.41
211.49
211.62
211.79
212.00
212.24
212.50
212.76
213.01
213.27
213.53
213.79
214.03
214.18
214.20
214.10
213.92
213.69
213.44
213.18
212.94
212.72
212.53
212.40
212.32
212.30
212.33
212.38
212.48
212.61
212.78
212.97
213.15
213.22
213.15
212.93
212.62
212.26
212.08
212.12
212.41
212.86
213.39
213.80
214.02
214.01
213.84
213.57
213.22
212.81
212.38
211.95
211.54
211.25
211.10
211.10
211.20
211.37
211.46
211.45
211.32
211.09
210.83
210.65
210.60
210.69
210.88
210.93
210.81
210.46
209.98
209.43
209.04
208.89
209.01
209.30
209.71
210.19
210.72
211.27
211.80
212.29
212.56
212.59
212.36
211.97
211.49
210.99
210.51
210.10
209.76
209.47
209.38
209.50
209.82
210.27
210.79
211.21
211.50
211.62
211.62
211.53
211.63
211.97
212.58
213.36
214.20
214.81
215.10
215.03
214.71
214.24
213.70
213.17
212.69
212.25
211.88
211.47
210.99
210.45
209.88
209.44
209.15
209.06
209.09
209.22
209.45
209.78
210.19
210.62
211.05
211.48
211.91
212.32
212.69
213.03
213.31
213.55
213.74
213.89
214.00
214.10
214.21
214.33
214.44
214.56
214.63
214.67
214.65
214.61
214.55
214.50
214.48
214.49
214.53
214.58
214.61
214.62
214.58
214.53
214.47
214.34
214.16
213.91
213.64
213.36
213.04
212.67
212.28
211.88
211.50
211.31
211.35
211.63
212.06
212.46
212.77
212.95
213.02
213.02
213.07
213.21
213.45
213.76
214.10
214.30
214.33
214.18
213.90
213.55
213.17
212.79
212.42
212.09
211.80
211.53
211.27
211.02
210.79
210.59
210.41
210.27
210.15
210.06
210.00
210.14
210.51
211.12
211.86
212.65
213.23
213.51
213.47
213.20
212.79
212.43
212.20
212.13
212.18
212.32
212.47
212.62
212.75
212.85
212.93
212.99
213.03
213.06
213.08
213.03
212.92
212.73
212.51
212.28
212.12
212.08
212.15
212.29
212.49
212.71
212.93
213.14
213.34
213.51
213.60
213.61
213.53
213.39
213.22
213.17
213.27
213.54
213.91
214.34
214.70
214.96
215.09
215.12
215.08
214.94
214.72
214.41
214.07
213.72
213.36
212.99
212.62
212.28
211.97
211.65
211.31
210.95
210.59
210.26
210.01
209.86
209.82
209.85
209.93
210.05
210.18
210.32
210.45
210.57
210.68
210.77
210.85
210.91
211.04
211.25
211.54
211.88
212.23
212.49
212.63
212.64
212.56
212.42
212.36
212.40
212.57
212.81
213.10
213.33
213.46
213.47
213.40
213.27
213.17
213.12
213.13
213.18
213.26
213.22
213.04
212.69
212.25
211.77
211.31
210.91
210.57
210.31
210.11
209.96
209.86
209.80
209.76
209.75
209.73
209.69
209.63
209.55
209.60
209.80
210.16
210.63
211.13
211.53
211.78
211.86
211.82
211.69
211.43
211.05
210.57
210.04
209.51
209.14
208.96
209.00
209.19
209.47
209.77
210.07
210.32
210.54
210.71
210.83
210.87
210.86
210.80
210.72
210.57
210.36
210.08
209.78
209.47
209.28
209.24
209.36
209.58
209.87
210.24
210.67
211.15
211.64
212.11
212.49
212.75
212.90
212.95
212.94
212.98
213.13
213.38
213.70
213.91
213.97
213.85
213.62
213.31
212.92
212.47
211.96
211.45
210.96
210.59
210.37
210.30
210.34
210.46
210.68
210.98
211.36
211.76
212.16
212.54
212.89
213.19
213.44
213.65
213.65
213.44
212.99
212.41
211.77
211.09
210.41
209.76
209.15
208.60
208.19
207.92
207.79
207.76
207.80
208.03
208.45
209.03
209.71
210.41
211.04
211.56
211.95
212.23
212.41
212.51
212.56
212.56
212.53
212.48
212.42
212.36
212.29
212.23
212.13
211.96
211.74
211.50
211.24
211.00
210.78
210.58
210.41
210.27
210.34
210.65
211.21
211.91
212.68
213.34
213.83
214.14
214.29
214.33
214.36
214.44
214.57
214.74
214.93
214.98
214.87
214.59
214.20
213.76
213.33
212.94
212.62
212.36
212.16
212.06
212.07
212.18
212.36
212.57
212.71
212.76
212.70
212.57
212.44
212.36
212.34
212.35
212.40
212.33
212.12
211.75
211.29
210.79
210.38
210.08
209.92
209.86
209.88
210.12
210.57
211.23
212.00
212.81
213.47
213.92
214.13
214.16
214.07
213.84
213.50
213.08
212.62
212.15
211.74
211.40
211.14
210.95
210.82
210.71
210.61
210.50
210.40
210.31
210.37
210.58
210.97
211.46
211.99
212.39
212.61
212.62
212.49
212.27
211.99
211.69
211.39
211.10
210.82
210.53
210.25
209.99
209.75
209.60
209.54
209.57
209.68
209.82
209.87
209.81
209.62
209.34
209.03
208.96
209.21
209.81
210.60
211.51
212.33
212.99
213.45
213.76
213.93
214.05
214.16
214.28
214.41
214.53
214.56
214.48
214.29
214.04
213.75
213.65
213.76
214.13
214.64
215.23
215.66
215.86
215.80
215.55
215.18
214.68
214.06
213.36
212.63
211.93
211.30
210.79
210.38
210.08
209.86
209.71
209.63
209.59
209.58
209.65
209.80
210.02
210.28
210.56
210.83
211.08
211.30
211.50
211.66
211.82
211.98
212.15
212.31
212.46
212.55
212.55
212.46
212.33
212.16
212.06
212.06
212.16
212.33
212.53
212.70
212.81
212.85
212.82
212.76
212.68
212.59
212.49
212.39
212.31
212.07
211.66
211.07
210.38
209.67
209.05
208.58
208.27
208.09
208.01
208.04
208.15
208.32
208.54
208.82
209.16
209.55
209.95
210.35
210.68
210.95
211.14
211.26
211.34
211.40
211.46
211.53
211.61
211.68
211.75
211.81
211.86
211.91
211.94
212.05
212.25
212.53
212.86
213.21
213.41
213.44
213.27
212.98
212.62
212.23
211.83
211.46
211.12
210.82
210.62
210.53
210.54
210.63
210.76
210.92
211.09
211.26
211.42
211.56
211.68
211.78
211.87
211.93
211.85
211.60
211.18
210.66
210.10
209.67
209.44
209.40
209.52
209.74
210.06
210.47
210.95
211.45
211.93
212.22
212.28
212.09
211.74
211.30
210.89
210.57
210.37
210.26
210.22
210.27
210.38
210.54
210.73
210.94
211.11
211.24
211.31
211.35
211.36
211.40
211.48
211.63
211.80
211.98
212.09
212.09
211.98
211.80
211.57
211.33
211.09
210.86
210.66
210.48
210.38
210.37
210.45
210.59
210.71
210.79
210.79
210.76
210.69
210.69
210.77
210.95
211.18
211.44
211.73
212.05
212.37
212.68
212.97
213.05
212.87
212.43
211.83
211.15
210.48
209.87
209.34
208.89
208.53
208.36
208.38
208.59
208.92
209.31
209.78
210.31
210.88
211.45
211.98
212.44
212.80
213.06
213.24
213.36
213.45
213.52
213.60
213.68
213.75
213.92
214.21
214.61
215.07
215.55
215.83
215.86
215.63
215.21
214.64
213.97
213.23
212.49
211.78
211.22
210.82
210.61
210.54
210.56
210.71
210.96
211.30
211.68
212.08
212.37
212.55
212.59
212.53
212.41
212.30
212.24
212.23
212.27
212.34
212.34
212.25
212.07
211.84
211.57
211.38
211.30
211.33
211.44
211.60
211.92
212.40
213.04
213.75
214.48
215.04
215.40
215.51
215.46
215.30
215.08
214.86
214.66
214.49
214.34
214.16
213.95
213.69
213.43
213.11
212.75
212.35
211.94
211.55
211.12
210.63
210.10
209.56
209.04
208.63
208.33
208.15
208.08
208.07
208.25
208.62
209.16
209.80
210.48
211.16
211.84
212.48
213.06
213.57
213.85
213.86
213.61
213.19
212.67
212.08
211.47
210.85
210.27
209.73
209.46
209.46
209.77
210.26
210.85
211.47
212.05
212.56
212.99
213.35
213.64
213.86
214.02
214.13
214.20
214.24
214.26
214.25
214.24
214.19
214.10
213.98
213.85
213.71
213.62
213.61
213.68
213.80
213.94
213.97
213.84
213.55
213.15
212.70
212.30
211.98
211.75
211.60
211.52
211.46
211.41
211.35
211.29
211.24
211.16
211.05
210.92
210.78
210.64
210.56
210.56
210.63
210.76
210.91
211.05
211.16
211.23
211.26
211.27
211.40
211.67
212.09
212.59
213.12
213.52
213.73
213.73
213.58
213.34
213.13
212.99
212.94
212.97
213.01
213.06
213.08
213.10
213.10
213.21
213.43
213.78
214.19
214.64
214.86
214.81
214.46
213.93
213.29
212.77
212.45
212.36
212.44
212.63
212.76
212.77
212.62
212.38
212.09
211.77
211.45
211.15
210.88
210.64
210.39
210.11
209.80
209.49
209.19
209.00
208.93
208.99
209.14
209.35
209.63
209.99
210.40
210.82
211.24
211.62
211.96
212.26
212.51
212.79
213.11
213.50
213.90
214.30
214.53
214.57
214.41
214.11
213.74
213.33
212.92
212.53
212.18
211.86
211.73
211.80
212.07
212.48
212.94
213.28
213.41
213.33
213.09
212.76
212.49
212.32
212.30
212.37
212.51
212.63
212.71
212.73
212.70
212.65
212.63
212.66
212.75
212.89
213.04
213.20
213.35
213.49
213.62
213.73
213.82
213.89
213.95
213.99
214.02
213.99
213.89
213.71
213.50
213.27
213.04
212.83
212.63
212.46
212.34
212.28
212.28
212.31
212.38
212.37
212.28
212.10
211.86
211.59
211.37
211.22
211.16
211.16
211.21
211.26
211.29
211.30
211.29
211.26
211.31
211.45
211.69
211.97
212.28
212.51
212.63
212.63
212.54
212.39
212.27
212.20
212.19
212.23
212.29
212.35
212.39
212.39
212.37
212.34
212.30
212.25
212.21
212.17
212.13
212.07
211.98
211.87
211.74
211.69
211.74
211.90
212.12
212.38
212.67
212.99
213.31
213.64
213.93
214.09
214.09
213.93
213.65
213.32
213.04
212.86
212.79
212.81
212.89
212.81
212.54
212.06
211.45
210.78
210.30
210.07
210.11
210.35
210.72
211.12
211.52
211.87
212.18
212.45
212.58
212.57
212.43
212.20
211.93
211.71
211.58
211.57
211.64
211.76
211.89
211.99
212.07
212.12
212.14
212.29
212.58
213.01
213.53
213.87
213.95
213.74
213.35
212.83
212.32
211.87
211.50
211.22
211.01
210.89
210.85
210.88
210.97
211.08
211.21
211.34
211.47
211.59
211.69
211.81
211.94
212.09
212.24
212.39
212.55
212.73
212.92
213.12
213.30
213.46
213.61
213.73
213.83
213.91
213.86
213.68
213.35
212.94
212.50
212.14
211.89
211.77
211.76
211.81
211.91
212.04
212.19
212.33
212.47
212.64
212.87
213.14
213.43
213.69
213.90
214.05
214.16
214.22
214.18
214.02
213.74
213.40
213.04
212.78
212.66
212.71
212.86
213.08
213.26
213.36
213.35
213.28
213.16
212.96
212.68
212.35
211.99
211.63
211.27
210.90
210.55
210.21
209.92
209.77
209.78
209.96
210.25
210.60
210.95
211.26
211.52
211.73
211.89
211.95
211.92
211.79
211.61
211.39
211.17
210.95
210.74
210.56
210.40
210.35
210.41
210.60
210.86
211.20
211.62
212.10
212.59
213.06
213.25
213.12
212.65
211.96
211.16
210.46
209.93
209.61
209.47
209.45
209.51
209.64
209.80
209.98
210.16
210.30
210.40
210.45
210.46
210.44
210.48
210.61
210.82
211.09
211.38
211.59
211.69
211.67
211.57
211.41
211.34
211.37
211.53
211.78
212.07
212.38
212.68
212.96
213.22
213.44
213.54
213.52
213.37
213.13
212.83
212.48
212.10
211.72
211.37
211.18
211.18
211.39
211.73
212.14
212.47
212.68
212.74
212.69
212.56
212.44
212.36
212.34
212.36
212.41
212.39
212.29
212.10
211.86
211.58
211.42
211.38
211.50
211.71
211.99
212.31
212.67
213.05
213.41
213.76
213.90
213.82
213.51
213.05
212.51
212.02
211.64
211.39
211.25
211.19
211.25
211.41
211.66
211.96
212.28
212.54
212.72
212.81
212.83
212.72
212.48
212.13
211.72
211.28
210.85
210.46
210.10
209.79
209.53
209.45
209.58
209.90
210.34
210.85
211.30
211.63
211.83
211.93
211.95
211.99
212.09
212.26
212.47
212.70
212.93
213.15
213.35
213.52
213.67
213.74
213.72
213.61
213.45
213.26
213.09
212.95
212.86
212.80
212.77
212.65
212.43
212.09
211.68
211.26
210.81
210.36
209.92
209.51
209.14
208.95
208.97
209.20
209.56
210.00
210.47
210.93
211.37
211.76
212.15
212.56
212.97
213.37
213.73
213.95
214.00
213.87
213.63
213.32
212.98
212.63
212.30
212.00
211.74
211.51
211.33
211.18
211.07
210.99
210.96
210.98
211.05
211.15
211.26
211.38
211.50
211.61
211.71
211.79
211.94
212.17
212.48
212.83
213.20
213.41
213.45
213.29
213.00
212.64
212.30
212.02
211.82
211.69
211.62
211.48
211.25
210.91
210.52
210.20
209.97
209.86
209.85
209.90
210.00
210.12
210.25
210.38
210.51
210.62
210.72
210.81
210.88
210.93
210.90
210.75
210.51
210.20
209.87
209.70
209.73
209.97
210.36
210.83
211.25
211.57
211.76
211.85
211.88
211.95
212.11
212.38
212.71
213.06
213.41
213.74
214.04
214.30
214.52
214.57
214.42
214.08
213.63
213.12
212.72
212.50
212.48
212.60
212.81
212.97
213.03
212.97
212.81
212.48
211.96
211.28
210.52
209.75
209.17
208.83
208.76
208.89
209.14
209.48
209.84
210.21
210.57
210.90
211.19
211.43
211.63
211.79
211.92
211.90
211.74
211.42
211.02
210.57
210.12
209.69
209.30
208.96
208.67
208.64
208.91
209.48
210.22
211.05
211.77
212.29
212.59
212.72
212.71
212.64
212.55
212.45
212.36
212.28
212.07
211.72
211.22
210.65
210.05
209.68
209.60
209.84
210.27
210.75
211.20
211.55
211.82
212.02
212.16
212.25
212.30
212.32
212.31
212.37
212.52
212.75
213.03
213.34
213.61
213.84
214.01
214.12
214.20
214.19
214.09
213.91
213.68
213.43
213.13
212.77
212.38
211.97
211.58
211.30
211.16
211.16
211.26
211.42
211.56
211.66
211.69
211.68
211.63
211.59
211.57
211.58
211.61
211.65
211.75
211.92
212.14
212.40
212.53
212.50
212.30
211.98
211.59
211.24
210.95
210.75
210.62
210.55
210.61
210.79
211.09
211.45
211.84
212.07
212.10
211.89
211.54
211.11
210.83
210.76
210.93
211.28
211.71
212.20
212.69
213.15
213.58
213.95
214.19
214.28
214.22
214.06
213.84
213.53
213.15
212.72
212.27
211.84
211.46
211.16
210.94
210.79
210.69
210.56
210.37
210.12
209.82
209.52
209.36
209.37
209.58
209.90
210.19
210.38
210.44
210.41
210.31
210.38
210.68
211.23
211.92
212.68
213.25
213.57
213.61
213.44
213.14
212.81
212.51
212.28
212.10
211.96
211.87
211.82
211.79
211.78
211.78
211.77
211.74
211.67
211.59
211.50
211.47
211.50
211.60
211.74
211.91
211.96
211.84
211.56
211.17
210.72
210.40
210.25
210.29
210.46
210.72
210.91
211.00
210.95
210.82
210.63
210.35
210.01
209.60
209.18
208.82
208.55
208.39
208.31
208.29
208.34
208.45
208.61
208.79
208.99
209.26
209.61
210.04
210.49
210.95
211.35
211.68
211.93
212.10
212.22
212.19
211.99
211.64
211.20
210.72
210.32
210.04
209.89
209.84
209.87
209.88
209.82
209.68
209.49
209.28
209.14
209.11
209.18
209.33
209.53
209.77
210.04
210.34
210.64
210.92
211.17
211.40
211.59
211.74
211.86
211.95
212.02
212.07
212.10
212.19
212.37
212.63
212.94
213.27
213.60
213.90
214.17
214.40
214.60
214.67
214.63
214.45
214.20
213.91
213.62
213.38
213.19
213.04
212.94
212.87
212.83
212.81
212.81
212.81
212.72
212.51
212.18
211.77
211.34
210.97
210.68
210.50
210.39
210.35
210.47
210.74
211.15
211.65
212.18
212.62
212.93
213.10
213.17
213.15
213.04
212.88
212.66
212.42
212.17
211.94
211.73
211.54
211.37
211.22
211.05
210.88
210.71
210.56
210.50
210.55
210.72
210.96
211.24
211.52
211.81
212.07
212.30
212.50
212.51
212.30
211.87
211.31
210.68
210.05
209.44
208.89
208.40
207.98
207.79
207.86
208.18
208.67
209.24
209.78
210.26
210.63
210.91
211.11
211.41
211.84
212.41
213.06
213.72
214.23
214.53
214.61
214.52
214.33
214.04
213.69
213.30
212.91
212.53
212.10
211.62
211.09
210.55
210.23
210.16
210.38
210.77
211.27
211.69
211.96
212.05
212.00
211.85
211.60
211.26
210.85
210.40
209.96
209.61
209.35
209.20
209.14
209.15
209.25
209.44
209.71
210.02
210.35
210.64
210.87
211.04
211.16
211.24
211.30
211.37
211.46
211.54
211.63
211.63
211.53
211.32
211.05
210.76
210.51
210.33
210.24
210.22
210.25
210.28
210.30
210.30
210.29
210.36
210.56
210.88
211.27
211.69
211.98
212.09
212.00
211.77
211.47
211.15
210.85
210.60
210.39
210.22
210.12
210.08
210.10
210.16
210.25
210.36
210.46
210.57
210.66
210.75
210.93
211.22
211.62
212.09
212.57
212.82
212.80
212.47
211.95
211.31
210.83
210.57
210.56
210.75
211.05
211.34
211.56
211.69
211.74
211.74
211.67
211.55
211.38
211.19
210.99
210.80
210.62
210.46
210.33
210.19
210.04
209.88
209.72
209.57
209.46
209.40
209.39
209.42
209.47
209.64
209.93
210.36
210.85
211.37
211.90
212.42
212.92
213.39
213.80
214.07
214.19
214.16
214.02
213.82
213.57
213.32
213.07
212.84
212.64
212.56
212.64
212.88
213.21
213.59
213.85
213.95
213.86
213.65
213.36
213.08
212.85
212.70
212.61
212.57
212.62
212.75
212.97
213.22
213.50
213.69
213.78
213.74
213.63
213.48
213.34
213.23
213.13
213.06
212.87
212.55
212.08
211.53
210.96
210.50
210.21
210.11
210.13
210.25
210.40
210.55
210.68
210.79
210.87
211.02
211.24
211.55
211.89
212.24
212.59
212.90
213.18
213.42
213.62
213.70
213.65
213.48
213.22
212.92
212.53
212.05
211.50
210.93
210.37
210.15
210.32
210.90
211.74
212.72
213.55
214.15
214.45
214.53
214.45
214.29
214.10
213.90
213.72
213.31
212.65
211.72
210.66
209.56
208.70
208.17
208.01
208.10
208.38
208.77
209.21
209.67
210.12
210.53
210.87
211.13
211.31
211.41
211.47
211.42
211.29
211.08
210.82
210.54
210.23
209.91
209.58
209.27
208.98
208.76
208.60
208.51
208.47
208.47
208.58
208.80
209.13
209.51
209.91
210.22
210.41
210.47
210.44
210.34
210.27
210.28
210.38
210.53
210.72
210.97
211.29
211.65
212.03
212.32
212.50
212.54
212.49
212.37
212.19
211.96
211.69
211.41
211.14
211.03
211.09
211.34
211.72
212.15
212.51
212.73
212.79
212.73
212.60
212.46
212.31
212.20
212.10
212.03
212.01
212.03
212.10
212.19
212.30
212.39
212.45
212.46
212.44
212.41
212.44
212.57
212.78
213.05
213.34
213.53
213.58
213.47
213.27
213.01
212.79
212.67
212.65
212.71
212.80
212.88
212.95
212.99
213.03
213.08
213.15
213.24
213.35
213.46
213.51
213.49
213.40
213.26
213.10
213.00
213.00
213.11
213.29
213.50
213.68
213.79
213.83
213.81
213.76
213.70
213.67
213.66
213.68
213.70
213.71
213.69
213.64
213.57
213.49
213.49
213.58
213.78
214.03
214.32
214.52
214.63
214.62
214.52
214.37
214.14
213.84
213.47
213.09
212.70
212.29
211.85
211.39
210.94
210.55
210.23
210.00
209.83
209.73
209.72
209.81
209.99
210.22
210.48
210.61
210.58
210.36
210.03
209.63
209.27
208.98
208.77
208.64
208.56
208.54
208.54
208.57
208.61
208.66
208.77
208.94
209.16
209.42
209.69
209.84
209.84
209.69
209.45
209.14
208.95
208.91
209.05
209.30
209.62
209.92
210.16
210.32
210.42
210.46
210.52
210.62
210.76
210.92
211.09
211.24
211.34
211.39
211.41
211.34
211.20
210.98
210.72
210.45
210.37
210.52
210.92
211.47
212.09
212.74
213.37
213.95
214.47
214.91
215.12
215.08
214.77
214.30
213.74
213.21
212.74
212.37
212.09
211.89
211.76
211.68
211.64
211.63
211.64
211.65
211.63
211.58
211.51
211.44
211.42
211.46
211.58
211.73
211.91
212.04
212.10
212.08
212.01
211.91
211.82
211.75
211.71
211.70
211.71
211.79
211.93
212.14
212.39
212.54
212.57
212.45
212.23
211.96
211.70
211.46
211.27
211.12
211.01
210.93
210.88
210.85
210.84
210.84
210.82
210.78
210.70
210.62
210.52
210.35
210.09
209.74
209.35
208.95
208.62
208.38
208.25
208.19
208.20
208.35
208.66
209.10
209.62
210.16
210.64
211.03
211.29
211.46
211.56
211.60
211.59
211.55
211.50
211.43
211.34
211.21
211.06
210.90
210.73
210.66
210.70
210.84
211.06
211.21
211.25
211.16
210.98
210.75
210.46
210.15
209.81
209.48
209.17
208.97
208.89
208.96
209.11
209.32
209.63
210.05
210.55
211.09
211.62
211.98
212.15
212.09
211.89
211.60
211.22
210.80
210.36
209.92
209.51
209.22
209.08
209.08
209.18
209.35
209.53
209.69
209.83
209.93
210.00
210.11
210.26
210.45
210.68
210.90
211.04
211.06
210.97
210.80
210.75
210.86
211.15
211.57
212.04
212.45
212.76
212.93
213.00
212.99
212.94
212.85
212.74
212.63
212.51
212.38
212.22
212.05
211.87
211.70
211.65
211.74
211.98
212.31
212.68
212.93
213.02
212.92
212.69
212.39
212.08
211.79
211.54
211.34
211.18
211.11
211.14
211.26
211.43
211.64
211.83
211.99
212.10
212.17
212.21
212.18
212.06
211.87
211.64
211.39
211.16
210.98
210.86
210.78
210.71
210.63
210.55
210.46
210.37
210.21
209.97
209.64
209.26
208.88
208.67
208.68
208.91
209.30
209.76
210.21
210.59
210.88
211.09
211.23
211.37
211.53
211.72
211.92
212.12
212.39
212.73
213.14
213.58
214.02
214.41
214.72
214.96
215.13
215.24
215.20
215.00
214.64
214.20
213.72
213.16
212.53
211.84
211.16
210.51
210.08
209.91
210.01
210.29
210.69
211.09
211.45
211.73
211.94
212.22
212.61
213.12
213.68
214.25
214.56
214.54
214.18
213.60
212.89
212.30
211.89
211.71
211.72
211.84
212.04
212.29
212.55
212.81
213.06
213.23
213.31
213.30
213.22
213.10
212.95
212.80
212.65
212.51
212.39
212.31
212.27
212.29
212.34
212.41
212.59
212.91
213.35
213.85
214.37
214.82
215.17
215.41
215.56
215.63
215.57
215.37
215.05
214.67
214.26
213.87
213.54
213.29
213.09
212.89
212.68
212.44
212.20
211.96
211.75
211.55
211.39
211.26
211.15
211.12
211.17
211.30
211.49
211.70
211.73
211.54
211.11
210.53
209.89
209.33
208.93
208.70
208.61
208.62
208.79
209.08
209.50
209.98
210.48
210.88
211.16
211.29
211.31
211.26
211.10
210.85
210.52
210.16
209.79
209.51
209.36
209.34
209.41
209.55
209.80
210.17
210.63
211.13
211.63
212.19
212.80
213.45
214.10
214.49
214.58
214.35
213.90
213.32
212.79
212.38
212.12
211.99
211.95
211.87
211.72
211.46
211.15
210.82
210.55
210.35
210.25
210.21
210.23
210.40
210.70
211.15
211.66
212.20
212.68
213.06
213.32
213.48
213.57
213.50
213.26
212.87
212.38
211.86
211.35
210.86
210.42
210.03
209.71
209.52
209.48
209.59
209.80
210.06
210.29
210.47
210.56
210.60
210.60
210.56
210.51
210.44
210.37
210.38
210.49
210.70
210.97
211.27
211.57
211.86
212.12
212.35
212.55
212.71
212.84
212.94
213.01
213.06
213.12
213.19
213.29
213.40
213.50
213.49
213.36
213.08
212.72
212.33
212.11
212.13
212.40
212.84
213.37
213.82
214.15
214.32
214.37
214.33
214.21
214.01
213.77
213.51
213.24
213.04
212.93
212.90
212.94
213.03
212.98
212.76
212.35
211.84
211.48
211.37
211.53
211.89
212.36
212.83
213.25
213.58
213.84
214.03
214.08
213.99
213.77
213.46
213.12
212.79
212.50
212.28
212.10
211.98
211.97
212.08
212.32
212.63
212.98
213.27
213.49
213.62
213.67
213.68
213.62
213.50
213.34
213.16
212.96
212.83
212.78
212.80
212.88
213.00
213.16
213.36
213.59
213.82
214.05
214.15
214.11
213.91
213.62
213.27
212.88
212.47
212.05
211.64
211.22
210.77
210.31
209.87
209.46
209.22
209.20
209.38
209.70
210.10
210.51
210.89
211.22
211.49
211.70
211.90
212.08
212.26
212.42
212.57
212.66
212.71
212.71
212.66
212.60
212.50
212.36
212.19
212.00
211.82
211.73
211.75
211.88
212.09
212.33
212.62
212.94
213.27
213.59
213.90
214.06
214.07
213.91
213.64
213.31
213.01
212.77
212.62
212.53
212.49
212.52
212.61
212.74
212.90
212.97
212.91
212.71
212.43
212.10
211.86
211.76
211.81
211.96
212.17
212.31
212.34
212.24
212.04
211.80
211.48
211.09
210.66
210.21
209.78
209.46
209.28
209.25
209.32
209.46
209.64
209.83
210.04
210.23
210.41
210.56
210.69
210.80
210.89
210.96
211.03
211.12
211.23
211.35
211.47
211.56
211.60
211.60
211.56
211.51
211.34
211.04
210.61
210.12
209.61
209.19
208.90
208.76
208.72
208.80
208.95
209.17
209.42
209.68
209.82
209.83
209.68
209.43
209.13
208.99
209.07
209.39
209.85
210.40
210.85
211.13
211.21
211.15
210.99
210.88
210.86
210.97
211.15
211.37
211.59
211.78
211.92
212.03
212.10
212.17
212.25
212.35
212.45
212.55
212.67
212.82
212.98
213.15
213.31
213.33
213.18
212.85
212.41
211.92
211.40
210.86
210.33
209.84
209.58
209.59
209.89
210.38
210.96
211.61
212.29
212.97
213.60
214.17
214.43
214.34
213.88
213.19
212.37
211.68
211.18
210.93
210.86
210.93
210.98
210.96
210.85
210.67
210.45
210.14
209.75
209.27
208.76
208.25
208.04
208.19
208.71
209.46
210.34
211.07
211.57
211.78
211.78
211.63
211.51
211.50
211.63
211.84
212.11
212.29
212.35
212.26
212.08
211.84
211.66
211.56
211.57
211.65
211.78
211.94
212.10
212.27
212.42
212.56
212.68
212.78
212.87
212.93
212.98
213.02
213.04
213.06
213.06
213.01
212.89
212.71
212.49
212.26
212.13
212.15
212.31
212.56
212.87
213.02
212.94
212.63
212.16
211.61
211.11
210.71
210.45
210.30
210.23
210.38
210.76
211.36
212.08
212.85
213.50
213.99
214.28
214.41
214.43
214.36
214.25
214.10
213.93
213.77
213.53
213.22
212.83
212.40
212.05
211.82
211.72
211.72
211.79
211.85
211.87
211.84
211.77
211.68
211.61
211.57
211.56
211.58
211.62
211.66
211.71
211.76
211.81
211.85
211.92
212.01
212.13
212.25
212.38
212.43
212.37
212.20
211.96
211.69
211.52
211.48
211.58
211.79
212.05
212.25
212.37
212.38
212.31
212.20
212.00
211.72
211.39
211.02
210.66
210.40
210.26
210.25
210.34
210.50
210.58
210.55
210.39
210.15
210.01
210.00
210.15
210.41
210.73
211.05
211.34
211.57
211.76
211.91
212.07
212.26
212.48
212.72
212.96
213.12
213.21
213.20
213.13
213.03
212.87
212.67
212.44
212.21
211.98
211.68
211.32
210.89
210.43
209.98
209.72
209.69
209.89
210.26
210.71
211.18
211.62
212.00
212.32
212.58
212.81
213.03
213.23
213.41
213.57
213.49
213.14
212.51
211.73
210.87
210.14
209.61
209.31
209.19
209.07
208.89
208.61
208.27
207.92
207.62
207.40
207.28
207.23
207.24
207.37
207.61
207.96
208.37
208.80
209.16
209.44
209.60
209.69
209.71
209.82
210.06
210.43
210.89
211.37
211.80
212.13
212.36
212.50
212.58
212.54
212.41
212.19
211.91
211.62
211.49
211.56
211.84
212.27
212.76
213.07
213.12
212.88
212.45
211.92
211.49
211.25
211.22
211.35
211.59
211.77
211.86
211.82
211.70
211.55
211.40
211.28
211.17
211.09
211.08
211.15
211.30
211.50
211.71
211.93
212.14
212.34
212.51
212.66
212.83
213.04
213.29
213.56
213.83
213.97
213.96
213.80
213.54
213.22
212.90
212.62
212.39
212.20
212.06
211.88
211.64
211.33
210.99
210.64
210.39
210.26
210.27
210.36
210.51
210.67
210.82
210.93
211.01
211.06
211.10
211.12
211.13
211.13
211.12
211.11
211.09
211.08
211.06
211.05
211.04
211.03
211.02
211.01
211.03
211.09
211.17
211.28
211.39
211.58
211.86
212.22
212.62
213.03
213.34
213.53
213.58
213.53
213.41
213.36
213.41
213.59
213.84
214.13
214.30
214.31
214.14
213.86
213.50
213.09
212.65
212.21
211.77
211.38
211.02
210.72
210.47
210.27
210.12
210.08
210.17
210.39
210.68
211.01
211.21
211.25
211.10
210.83
210.54
210.29
210.09
209.95
209.85
209.85
209.93
210.10
210.32
210.56
210.81
211.05
211.27
211.46
211.62
211.65
211.53
211.25
210.89
210.48
210.24
210.24
210.49
210.91
211.42
211.81
212.01
211.99
211.82
211.55
211.28
211.04
210.88
210.77
210.70
210.62
210.50
210.34
210.15
209.96
209.67
209.27
208.76
208.20
207.64
207.24
207.04
207.05
207.22
207.49
207.87
208.32
208.84
209.37
209.80
210.10
210.26
210.29
210.25
210.26
210.36
210.57
210.85
211.16
211.32
211.27
211.02
210.62
210.15
209.76
209.50
209.39
209.41
209.50
209.70
209.99
210.36
210.75
211.15
211.37
211.37
211.13
210.75
210.28
209.85
209.52
209.32
209.21
209.18
209.17
209.17
209.16
209.15
209.13
209.24
209.51
209.94
210.45
211.00
211.58
212.15
212.70
213.21
213.67
214.08
214.46
214.81
215.12
215.35
215.51
215.60
215.63
215.61
215.54
215.42
215.27
215.09
214.90
214.67
214.40
214.07
213.74
213.41
212.97
212.41
211.73
211.00
210.27
209.75
209.48
209.47
209.66
209.97
210.16
210.17
209.95
209.58
209.14
208.84
208.77
208.94
209.28
209.71
210.19
210.68
211.15
211.57
211.95
212.18
212.27
212.22
212.06
211.84
211.66
211.57
211.59
211.67
211.80
211.90
211.95
211.94
211.88
211.79
211.68
211.57
211.46
211.36
211.19
210.94
210.61
210.24
209.86
209.60
209.49
209.55
209.72
209.97
210.30
210.70
211.16
211.63
212.09
212.38
212.47
212.35
212.08
211.73
211.37
211.03
210.73
210.48
210.29
210.13
210.02
209.94
209.88
209.85
209.89
210.00
210.19
210.42
210.66
210.85
210.96
210.99
210.96
210.88
210.76
210.59
210.39
210.17
209.95
209.81
209.74
209.76
209.84
209.99
210.18
210.42
210.67
210.91
211.04
211.01
210.84
210.56
210.23
209.96
209.79
209.73
209.76
209.84
209.91
209.94
209.91
209.84
209.74
209.72
209.78
209.94
210.17
210.42
210.71
211.03
211.35
211.66
211.96
212.19
212.36
212.46
212.50
212.50
212.40
212.19
211.87
211.49
211.09
210.75
210.50
210.35
210.28
210.27
210.33
210.45
210.61
210.80
211.00
211.08
211.03
210.83
210.54
210.28
210.10
210.02
210.01
210.06
210.12
210.17
210.19
210.20
210.20
210.21
210.24
210.31
210.39
210.49
210.60
210.75
210.91
211.09
211.26
211.32
211.23
211.00
210.67
210.30
209.92
209.55
209.21
208.90
208.64
208.50
208.50
208.63
208.85
209.12
209.62
210.37
211.35
212.45
213.57
214.46
215.04
215.29
215.29
215.11
214.90
214.72
214.60
214.55
214.29
213.79
213.02
212.11
211.14
210.21
209.38
208.67
208.08
207.61
207.30
207.15
207.14
207.24
207.40
207.59
207.81
208.02
208.22
208.41
208.75
209.29
210.03
210.86
211.72
212.44
212.98
213.30
213.46
213.49
213.46
213.40
213.34
213.28
213.22
213.06
212.78
212.39
211.93
211.45
211.01
210.64
210.34
210.11
209.95
209.76
209.51
209.21
208.88
208.55
208.36
208.36
208.56
208.88
209.32
209.86
210.45
211.06
211.64
212.02
212.15
212.01
211.71
211.29
210.99
210.85
210.93
211.15
211.45
211.61
211.57
211.30
210.88
210.38
209.95
209.66
209.52
209.51
209.57
209.65
209.69
209.68
209.64
209.58
209.58
209.67
209.86
210.11
210.38
210.61
210.76
210.83
210.83
210.79
210.63
210.37
210.01
209.59
209.16
208.93
208.95
209.23
209.68
210.23
210.66
210.89
210.90
210.75
210.61
210.53
210.55
210.65
210.78
210.95
211.11
211.28
211.44
211.57
211.75
211.96
212.22
212.50
212.77
213.00
213.18
213.29
213.36
213.38
213.25
212.94
212.46
211.88
211.27
210.70
210.19
209.77
209.43
209.18
209.01
208.94
208.94
209.00
209.10
209.24
209.42
209.63
209.85
210.07
210.13
210.03
209.74
209.33
208.87
208.56
208.44
208.55
208.81
209.16
209.56
209.97
210.37
210.73
211.08
211.42
211.73
212.03
212.28
212.61
213.02
213.52
214.05
214.59
214.87
214.87
214.55
214.03
213.40
212.78
212.22
211.76
211.40
211.12
210.92
210.79
210.71
210.66
210.65
210.55
210.35
210.03
209.64
209.23
208.93
208.77
208.78
208.91
209.11
209.32
209.52
209.69
209.82
209.92
210.00
210.05
210.09
210.11
210.12
210.06
209.94
209.75
209.53
209.29
209.16
209.16
209.32
209.57
209.96
210.46
211.05
211.68
212.30
212.79
213.14
213.32
213.38
213.34
213.33
213.37
213.48
213.64
213.83
213.86
213.70
213.34
212.86
212.31
211.80
211.38
211.06
210.84
210.69
210.54
210.39
210.21
210.01
209.82
209.73
209.74
209.87
210.08
210.32
210.59
210.85
211.09
211.31
211.50
211.58
211.54
211.37
211.13
210.85
210.60
210.43
210.33
210.30
210.32
210.34
210.35
210.34
210.31
210.30
210.32
210.37
210.44
210.52
210.60
210.67
210.75
210.81
210.86
210.91
210.95
210.98
211.00
211.01
211.05
211.11
211.20
211.31
211.42
211.53
211.63
211.72
211.80
211.87
211.97
212.13
212.34
212.57
212.82
212.97
213.01
212.93
212.77
212.57
212.34
212.11
211.89
211.68
211.51
211.35
211.23
211.13
211.05
210.99
211.01
211.10
211.26
211.47
211.70
211.95
212.23
212.52
212.80
212.98
213.04
212.97
212.82
212.62
212.42
212.24
212.10
212.00
211.93
211.78
211.52
211.15
210.73
210.28
209.93
209.70
209.61
209.62
209.70
209.93
210.31
210.83
211.41
212.02
212.38
212.46
212.22
211.78
211.21
210.61
210.04
209.53
209.09
208.73
208.59
208.71
209.07
209.59
210.19
210.73
211.16
211.46
211.64
211.74
211.82
211.91
212.03
212.17
212.26
212.28
212.23
212.12
211.99
211.90
211.87
211.90
211.99
212.10
212.18
212.19
212.14
212.04
211.92
211.86
211.90
212.03
212.23
212.47
212.69
212.87
213.01
213.10
213.16
213.23
213.30
213.38
213.48
213.57
213.71
213.91
214.16
214.43
214.70
214.99
215.29
215.59
215.87
216.13
216.07
215.63
214.81
213.76
212.62
211.64
210.94
210.56
210.42
210.46
210.52
210.53
210.46
210.33
210.30
210.41
210.68
211.05
211.46
211.78
211.96
211.99
211.90
211.73
211.63
211.63
211.76
211.97
212.23
212.45
212.60
212.68
212.70
212.67
212.59
212.47
212.30
212.11
211.92
211.76
211.65
211.60
211.58
211.59
211.51
211.32
211.01
210.63
210.22
209.93
209.78
209.79
209.92
210.12
210.31
210.45
210.52
210.55
210.54
210.45
210.28
210.04
209.76
209.48
209.38
209.52
209.91
210.46
210.85
210.98
210.80
210.42
209.92
209.57
209.46
209.62
209.97
210.43
210.89
211.30
211.62
211.87
212.05
212.22
212.42
212.64
212.86
213.08
213.15
213.05
212.75
212.35
211.89
211.49
211.20
211.04
210.97
210.99
211.07
211.23
211.43
211.65
211.88
212.05
212.14
212.14
212.08
211.98
211.80
211.56
211.25
210.91
210.57
210.25
209.96
209.70
209.49
209.31
209.17
209.06
208.98
208.93
209.00
209.21
209.56
209.99
210.45
210.89
211.26
211.57
211.80
211.98
211.99
211.85
211.54
211.13
210.68
210.38
210.28
210.41
210.70
211.07
211.39
211.58
211.64
211.59
211.47
211.33
211.21
211.11
211.03
210.98
210.91
210.83
210.73
210.62
210.51
210.38
210.23
210.06
209.88
209.71
209.58
209.49
209.46
209.47
209.50
209.63
209.86
210.19
210.57
210.97
211.30
211.55
211.69
211.75
211.84
211.97
212.17
212.41
212.66
212.83
212.89
212.83
212.69
212.51
212.19
211.74
211.17
210.55
209.93
209.49
209.30
209.36
209.59
209.94
210.32
210.69
211.02
211.30
211.54
211.70
211.79
211.81
211.78
211.72
211.67
211.63
211.63
211.64
211.68
211.77
211.92
212.15
212.40
212.66
212.81
212.82
212.68
212.43
212.13
211.86
211.65
211.52
211.46
211.44
211.43
211.42
211.38
211.34
211.26
211.16
211.02
210.87
210.72
210.60
210.52
210.50
210.51
210.54
210.56
210.56
210.52
210.47
210.41
210.35
210.29
210.23
210.17
210.12
210.08
210.05
210.03
210.01
209.99
210.01
210.06
210.15
210.25
210.37
210.46
210.51
210.51
210.49
210.45
210.58
210.93
211.49
212.18
212.92
213.55
214.02
214.29
214.41
214.42
214.33
214.15
213.91
213.64
213.28
212.84
212.33
211.79
211.27
210.78
210.34
209.96
209.64
209.39
209.24
209.20
209.28
209.42
209.60
209.75
209.84
209.86
209.83
209.76
209.78
209.91
210.17
210.50
210.87
211.21
211.51
211.74
211.92
212.05
212.11
212.11
212.05
211.95
211.83
211.86
212.08
212.49
213.02
213.61
213.99
214.09
213.89
213.49
212.97
212.37
211.72
211.07
210.45
209.89
209.53
209.39
209.49
209.74
210.07
210.42
210.74
211.04
211.30
211.62
212.03
212.53
213.07
213.60
214.02
214.30
214.43
214.44
214.37
214.25
214.10
213.93
213.77
213.61
213.52
213.51
213.58
213.71
213.87
213.88
213.71
213.33
212.84
212.29
211.86
211.61
211.56
211.66
211.85
211.96
211.95
211.79
211.52
211.20
210.92
210.69
210.55
210.47
210.45
210.49
210.58
210.73
210.89
211.07
211.19
211.24
211.20
211.12
211.05
211.03
211.06
211.14
211.24
211.40
211.63
211.91
212.22
212.54
212.70
212.69
212.48
212.15
211.75
211.32
210.89
210.50
210.14
209.83
209.62
209.52
209.53
209.61
209.74
209.80
209.74
209.55
209.29
208.98
208.71
208.51
208.39
208.35
208.35
208.49
208.78
209.21
209.71
210.24
210.73
211.15
211.50
211.76
211.96
212.00
211.86
211.56
211.16
210.71
210.30
209.98
209.75
209.60
209.52
209.49
209.49
209.52
209.57
209.68
209.85
210.09
210.36
210.63
210.85
210.98
211.02
210.99
210.92
210.95
211.13
211.45
211.87
212.34
212.88
213.50
214.17
214.85
215.49
215.91
216.08
215.98
215.70
215.30
214.85
214.38
213.92
213.50
213.12
212.85
212.70
212.66
212.70
212.80
212.86
212.84
212.72
212.55
212.35
212.16
212.01
211.90
211.83
211.79
211.83
211.94
212.13
212.36
212.51
212.53
212.41
212.20
211.93
211.77
211.77
211.94
212.22
212.57
212.81
212.89
212.80
212.58
212.29
212.02
211.80
211.66
211.58
211.54
211.60
211.74
211.95
212.22
212.50
212.64
212.61
212.40
212.07
211.67
211.36
211.17
211.14
211.22
211.37
211.48
211.52
211.46
211.35
211.20
211.05
210.93
210.85
210.81
210.78
210.78
210.79
210.81
210.83
210.91
211.05
211.25
211.48
211.73
211.97
212.19
212.39
212.57
212.71
212.80
212.83
212.81
212.75
212.67
212.50
212.23
211.87
211.46
211.05
210.67
210.36
210.12
209.95
209.83
209.86
210.05
210.40
210.83
211.31
211.83
212.40
212.99
213.56
214.10
214.47
214.64
214.63
214.48
214.24
214.01
213.82
213.69
213.62
213.59
213.54
213.45
213.31
213.14
212.96
212.89
212.95
213.16
213.46
213.53
213.32
212.78
212.03
211.19
210.40
209.74
209.23
208.86
208.61
208.56
208.71
209.05
209.49
209.99
210.45
210.83
211.10
211.29
211.40
211.38
211.23
210.94
210.59
210.20
209.97
209.95
210.15
210.49
210.92
211.39
211.85
212.29
212.70
213.05
213.26
213.33
213.26
213.08
212.85
212.51
212.07
211.54
210.98
210.43
210.08
209.96
210.09
210.39
210.80
211.25
211.72
212.16
212.58
212.83
212.92
212.82
212.60
212.31
212.09
211.98
212.01
212.14
212.33
212.47
212.54
212.50
212.39
212.24
212.07
211.89
211.72
211.56
211.42
211.38
211.45
211.64
211.89
212.18
212.27
212.11
211.66
211.05
210.35
209.63
208.93
208.28
207.70
207.21
206.88
206.72
206.73
206.86
207.06
207.36
207.74
208.18
208.64
209.09
209.45
209.71
209.85
209.90
209.89
209.92
210.01
210.18
210.39
210.60
210.78
210.92
211.02
211.09
211.17
211.25
211.34
211.45
211.55
211.70
211.90
212.15
212.43
212.70
212.94
213.12
213.25
213.32
213.35
213.36
213.34
213.31
213.27
213.23
213.19
213.15
213.12
213.09
213.06
213.06
213.11
213.18
213.28
213.38
213.49
213.59
213.69
213.77
213.84
213.92
214.03
214.15
214.28
214.42
214.57
214.73
214.92
215.11
215.29
215.32
215.17
214.85
214.42
214.01
213.69
213.48
213.36
213.31
213.34
213.43
213.58
213.76
213.96
214.10
214.16
214.14
214.07
213.96
213.70
213.28
212.70
212.05
211.37
210.77
210.28
209.92
209.68
209.52
209.63
210.00
210.63
211.42
212.27
212.85
213.08
212.91
212.48
211.89
211.34
210.93
210.69
210.60
210.61
210.77
211.07
211.49
211.97
212.47
212.88
213.15
213.29
213.31
213.26
213.15
213.02
212.87
212.72
212.47
212.11
211.63
211.11
210.57
210.06
209.59
209.18
208.83
208.53
208.41
208.46
208.68
209.02
209.41
209.85
210.32
210.78
211.23
211.64
211.97
212.22
212.38
212.47
212.51
212.54
212.57
212.61
212.67
212.72
212.72
212.65
212.52
212.34
212.15
211.98
211.85
211.76
211.72
211.70
211.70
211.72
211.75
211.78
211.82
211.80
211.71
211.56
211.38
211.25
211.22
211.29
211.43
211.61
211.79
211.94
212.04
212.12
212.16
212.24
212.36
212.53
212.73
212.94
213.22
213.58
214.01
214.48
214.94
215.13
215.01
214.54
213.87
213.08
212.42
211.96
211.75
211.72
211.82
211.90
211.91
211.81
211.65
211.45
211.04
210.42
209.59
208.65
207.69
206.99
206.60
206.56
206.77
207.15
207.64
208.21
208.81
209.40
209.95
210.45
210.88
211.24
211.54
211.69
211.69
211.55
211.31
211.02
210.71
210.40
210.11
209.85
209.62
209.45
209.35
209.31
209.32
209.37
209.43
209.51
209.59
209.66
209.74
209.72
209.61
209.38
209.10
208.79
208.64
208.69
208.95
209.35
209.82
210.27
210.66
210.94
211.14
211.28
211.44
211.65
211.92
212.22
212.53
212.77
212.92
212.98
212.97
212.91
212.85
212.80
212.77
212.77
212.78
212.74
212.65
212.50
212.31
212.24
212.33
212.59
212.95
213.37
213.64
213.72
213.57
213.28
212.90
212.58
212.39
212.33
212.39
212.51
212.65
212.78
212.88
212.96
213.02
213.05
213.08
213.09
213.10
213.09
212.95
212.66
212.20
211.66
211.08
210.59
210.23
210.02
209.92
209.91
210.02
210.22
210.52
210.85
211.21
211.44
211.53
211.46
211.27
211.02
210.77
210.53
210.34
210.19
210.07
209.98
209.92
209.89
209.87
209.89
209.95
210.04
210.16
210.29
210.29
210.12
209.78
209.35
208.86
208.42
208.06
207.81
207.64
207.54
207.55
207.66
207.86
208.12
208.40
208.68
208.95
209.19
209.41
209.59
209.74
209.86
209.95
210.01
210.06
210.25
210.61
211.15
211.79
212.46
213.01
213.40
213.60
213.65
213.60
213.53
213.48
213.47
213.50
213.54
213.62
213.74
213.89
214.05
214.22
214.38
214.52
214.65
214.75
214.82
214.83
214.79
214.73
214.64
214.55
214.45
214.36
214.28
214.20
214.28
214.51
214.92
215.42
215.96
216.32
216.43
216.27
215.93
215.49
214.93
214.31
213.64
212.98
212.35
211.84
211.47
211.23
211.11
211.07
211.20
211.49
211.94
212.47
213.03
213.37
213.42
213.17
212.72
212.15
211.64
211.24
211.01
210.90
210.88
210.95
211.10
211.30
211.54
211.78
211.96
212.06
212.08
212.03
211.94
211.83
211.71
211.58
211.47
211.41
211.43
211.53
211.68
211.85
211.98
212.05
212.04
211.97
211.88
211.76
211.64
211.52
211.41
211.31
211.12
210.82
210.40
209.93
209.44
209.02
208.70
208.49
208.37
208.32
208.35
208.44
208.59
208.77
208.96
209.18
209.42
209.67
209.91
210.14
210.32
210.45
210.51
210.53
210.51
210.52
210.59
210.71
210.86
210.97
211.03
211.01
210.95
210.85
210.87
211.04
211.37
211.79
212.26
212.74
213.19
213.61
213.97
214.28
214.49
214.57
214.55
214.46
214.31
214.14
213.95
213.78
213.61
213.46
213.25
212.97
212.62
212.23
211.84
211.52
211.29
211.17
211.13
211.15
211.34
211.71
212.26
212.89
213.55
213.96
214.05
213.79
213.30
212.67
212.11
211.70
211.48
211.41
211.45
211.48
211.46
211.36
211.23
211.20
211.32
211.59
211.97
212.40
212.84
213.26
213.65
213.99
214.29
214.37
214.23
213.84
213.32
212.72
212.20
211.83
211.64
211.57
211.60
211.59
211.50
211.30
211.04
210.75
210.50
210.33
210.24
210.23
210.25
210.39
210.64
211.00
211.41
211.83
212.22
212.55
212.80
212.99
213.12
213.13
213.00
212.76
212.44
212.08
211.86
211.80
211.93
212.19
212.52
212.88
213.25
213.60
213.92
214.07
214.02
213.78
213.40
212.96
212.49
212.03
211.59
211.20
210.87
210.53
210.19
209.83
209.48
209.16
208.92
208.79
208.76
208.81
208.90
209.16
209.59
210.18
210.85
211.54
212.10
212.49
212.68
212.73
212.67
212.56
212.45
212.34
212.25
212.17
212.19
212.31
212.54
212.83
213.15
213.45
213.70
213.89
214.03
214.13
214.22
214.31
214.41
214.51
214.61
214.56
214.35
213.98
213.50
213.06
212.70
212.47
212.34
212.28
212.25
212.23
212.20
212.17
212.14
212.17
212.26
212.41
212.61
212.82
212.95
212.97
212.89
212.73
212.52
212.24
211.90
211.51
211.10
210.70
210.41
210.25
210.23
210.31
210.46
210.62
210.76
210.88
210.97
211.03
211.15
211.35
211.63
211.95
212.29
212.56
212.75
212.84
212.86
212.83
212.74
212.59
212.40
212.20
211.99
211.90
211.95
212.14
212.43
212.59
212.54
212.27
211.85
211.35
211.01
210.89
211.02
211.33
211.74
212.07
212.26
212.27
212.15
211.96
211.74
211.54
211.37
211.23
211.12
211.01
210.89
210.76
210.63
210.50
210.41
210.37
210.37
210.41
210.46
210.67
211.03
211.54
212.14
212.77
213.30
213.70
213.94
214.06
214.09
213.99
213.79
213.51
213.17
212.82
212.64
212.66
212.91
213.30
213.75
214.20
214.60
214.97
215.27
215.40
215.31
215.02
214.61
214.12
213.48
212.70
211.79
210.85
209.93
209.26
208.90
208.86
209.06
209.41
209.79
210.15
210.45
210.69
210.87
211.00
211.10
211.16
211.20
211.21
211.18
211.11
211.00
210.87
210.74
210.71
210.81
211.05
211.38
211.75
212.10
212.41
212.66
212.85
212.99
213.04
212.99
212.85
212.65
212.42
212.19
211.96
211.75
211.56
211.43
211.35
211.33
211.35
211.40
211.44
211.46
211.45
211.42
211.37
211.37
211.43
211.56
211.73
211.91
211.94
211.77
211.40
210.91
210.35
209.92
209.66
209.60
209.69
209.87
210.14
210.47
210.84
211.21
211.57
212.00
212.52
213.12
213.75
214.36
214.88
215.28
215.54
215.70
215.77
215.64
215.32
214.81
214.20
213.54
212.92
212.37
211.91
211.54
211.25
211.06
210.96
210.95
211.00
211.09
211.20
211.32
211.44
211.55
211.60
211.58
211.48
211.33
211.15
210.97
210.79
210.62
210.47
210.33
210.28
210.30
210.41
210.57
210.76
210.91
210.99
210.99
210.94
210.85
210.67
210.38
210.00
209.57
209.14
208.74
208.41
208.16
207.97
207.85
207.87
208.06
208.40
208.83
209.30
209.75
210.14
210.46
210.72
210.91
211.13
211.40
211.73
212.08
212.43
212.62
212.63
212.44
212.13
211.66
211.07
210.38
209.67
208.97
208.41
208.00
207.77
207.67
207.68
207.88
208.29
208.88
209.56
210.28
210.90
211.39
211.70
211.89
211.97
212.05
212.18
212.36
212.58
212.81
213.06
213.32
213.60
213.87
214.12
214.23
214.19
213.99
213.69
213.34
213.05
212.85
212.78
212.79
212.87
212.95
213.03
213.08
213.11
213.13
213.05
212.88
212.60
212.27
211.91
211.61
211.40
211.28
211.24
211.22
211.21
211.19
211.17
211.14
211.12
211.09
211.07
211.05
211.04
211.00
210.93
210.83
210.72
210.60
210.46
210.30
210.11
209.92
209.74
209.52
209.26
208.96
208.64
208.33
208.12
208.03
208.08
208.21
208.40
208.62
208.85
209.07
209.27
209.45
209.66
209.91
210.19
210.49
210.78
211.02
211.20
211.31
211.38
211.40
211.29
211.04
210.65
210.17
209.68
209.40
209.39
209.69
210.18
210.62
210.93
211.04
211.00
210.88
210.84
210.96
211.26
211.67
212.14
212.67
213.25
213.85
214.45
215.00
215.30
215.33
215.06
214.60
214.04
213.45
212.90
212.40
211.99
211.64
211.36
211.15
210.99
210.88
210.81
210.82
210.92
211.10
211.33
211.58
211.64
211.48
211.07
210.52
209.88
209.29
208.77
208.37
208.07
207.86
207.85
208.05
208.45
208.98
209.49
209.91
210.21
210.41
210.52
210.55
210.50
210.39
210.23
210.06
210.09
210.38
210.93
211.65
212.43
213.17
213.82
214.33
214.73
215.02
215.20
215.27
215.25
215.18
215.06
214.84
214.52
214.11
213.65
213.19
212.83
212.60
212.52
212.54
212.63
212.71
212.76
212.75
212.71
212.64
212.53
212.38
212.21
212.02
211.83
211.71
211.67
211.71
211.81
211.94
212.17
212.49
212.91
213.37
213.72
213.93
213.97
213.90
213.74
213.57
213.40
213.27
213.15
213.07
212.98
212.88
212.76
212.63
212.51
212.35
212.13
211.87
211.58
211.30
210.98
210.62
210.23
209.83
209.46
209.17
208.99
208.92
208.92
208.98
209.08
209.20
209.32
209.45
209.56
209.70
209.84
210.01
210.18
210.34
210.65
211.13
211.77
212.51
213.26
213.91
214.41
214.74
214.93
215.01
214.96
214.80
214.53
214.21
213.84
213.44
213.03
212.64
212.27
212.06
212.01
212.13
212.38
212.69
212.89
212.95
212.83
212.60
212.30
211.93
211.54
211.12
210.72
210.35
210.06
209.89
209.83
209.85
209.92
210.17
210.58
211.16
211.83
212.52
213.03
213.30
213.32
213.15
212.87
212.57
212.30
212.10
211.95
211.85
211.79
211.75
211.74
211.75
211.77
211.71
211.57
211.33
211.04
210.73
210.47
210.29
210.20
210.18
210.13
210.02
209.84
209.61
209.37
209.23
209.23
209.37
209.62
209.91
210.23
210.55
210.85
211.13
211.36
211.54
211.64
211.68
211.68
211.63
211.78
212.17
212.80
213.58
214.41
215.16
215.77
216.21
216.51
216.69
216.62
216.30
215.73
215.03
214.27
213.51
212.79
212.14
211.56
211.08
210.84
210.87
211.16
211.63
212.19
212.76
213.29
213.75
214.15
214.47
214.53
214.32
213.84
213.19
212.56
212.04
211.67
211.43
211.29
211.23
211.23
211.27
211.34
211.42
211.54
211.68
211.86
212.04
212.22
212.36
212.45
212.49
212.49
212.47
212.48
212.54
212.66
212.82
212.99
212.98
212.75
212.27
211.66
210.98
210.43
210.06
209.90
209.90
210.02
210.18
210.34
210.50
210.63
210.75
210.87
211.00
211.14
211.29
211.43
211.64
211.93
212.29
212.69
213.10
213.35
213.41
213.27
213.00
212.68
212.35
212.05
211.78
211.55
211.41
211.37
211.43
211.56
211.72
211.83
211.84
211.76
211.60
211.41
211.25
211.15
211.13
211.16
211.22
211.18
210.99
210.65
210.21
209.73
209.25
208.79
208.38
208.01
207.70
207.66
207.92
208.48
209.22
210.04
210.78
211.36
211.75
211.98
212.09
212.19
212.32
212.50
212.70
212.92
212.99
212.89
212.62
212.23
211.84
211.50
211.23
211.03
210.89
210.85
210.91
211.06
211.27
211.51
211.79
212.09
212.40
212.70
212.98
213.13
213.12
212.94
212.66
212.32
212.10
212.02
212.13
212.36
212.66
212.81
212.76
212.46
212.01
211.49
211.04
210.72
210.57
210.54
210.59
210.74
210.94
211.20
211.47
211.75
211.93
211.99
211.93
211.78
211.58
211.36
211.13
210.91
210.71
210.52
210.48
210.58
210.83
211.18
211.60
212.06
212.55
213.01
213.45
213.84
214.17
214.45
214.67
214.85
214.82
214.57
214.09
213.49
212.83
212.26
211.85
211.63
211.55
211.56
211.60
211.62
211.60
211.56
211.49
211.42
211.35
211.28
211.22
211.16
211.04
210.82
210.52
210.18
209.82
209.50
209.23
209.04
208.89
208.80
208.77
208.81
208.89
209.01
209.15
209.42
209.85
210.42
211.07
211.73
212.34
212.87
213.31
213.65
213.88
214.01
214.04
214.01
213.94
213.73
213.38
212.90
212.36
211.80
211.37
211.09
211.01
211.05
211.19
211.40
211.68
212.00
212.33
212.65
212.87
212.96
212.92
212.79
212.60
212.44
212.33
212.29
212.29
212.34
212.46
212.65
212.91
213.21
213.51
213.72
213.82
213.79
213.67
213.50
213.30
213.09
212.89
212.69
212.52
212.38
212.25
212.15
212.07
212.01
211.97
211.94
211.93
211.92
212.03
212.26
212.62
213.06
213.52
213.95
214.32
214.62
214.84
215.01
215.13
215.20
215.25
215.26
215.26
215.16
214.97
214.67
214.32
213.95
213.64
213.42
213.29
213.24
213.24
213.32
213.44
213.61
213.81
214.01
214.04
213.87
213.50
212.99
212.43
211.90
211.45
211.12
210.88
210.71
210.70
210.82
211.08
211.41
211.79
212.06
212.19
212.17
212.04
211.84
211.65
211.51
211.44
211.42
211.44
211.48
211.54
211.60
211.67
211.73
211.79
211.85
211.89
211.93
212.01
212.15
212.35
212.57
212.81
213.03
213.24
213.43
213.60
213.73
213.68
213.42
212.95
212.36
211.71
211.11
210.60
210.21
209.93
209.74
209.72
209.89
210.22
210.66
211.14
211.53
211.77
211.85
211.80
211.67
211.52
211.37
211.25
211.15
211.07
211.04
211.05
211.12
211.21
211.31
211.40
211.45
211.46
211.44
211.54
211.78
212.18
212.66
213.17
213.52
213.66
213.56
213.30
212.95
212.64
212.45
212.40
212.45
212.57
212.64
212.65
212.57
212.43
212.25
212.06
211.87
211.69
211.53
211.39
211.16
210.83
210.40
209.91
209.41
209.04
208.84
208.81
208.90
209.08
209.23
209.31
209.29
209.21
209.09
209.06
209.13
209.34
209.63
209.96
210.25
210.46
210.58
210.64
210.73
210.87
211.08
211.33
211.60
211.81
211.94
211.98
211.95
211.88
211.76
211.60
211.40
211.18
210.97
210.90
211.00
211.29
211.69
212.15
212.56
212.91
213.15
213.32
213.42
213.52
213.64
213.80
213.97
214.15
214.24
214.22
214.09
213.89
213.65
213.44
213.30
213.24
213.24
213.28
213.37
213.51
213.68
213.88
214.08
214.16
214.10
213.89
213.59
213.24
213.04
213.03
213.23
213.58
213.81
213.87
213.70
213.39
212.99
212.60
212.27
212.02
211.85
211.73
211.64
211.56
211.47
211.38
211.30
211.28
211.33
211.45
211.62
211.82
212.02
212.21
212.38
212.54
212.68
212.73
212.71
212.60
212.44
212.25
212.05
211.85
211.67
211.50
211.36
211.32
211.40
211.59
211.85
212.15
212.44
212.68
212.86
213.00
213.10
213.24
213.45
213.73
214.05
214.38
214.61
214.73
214.72
214.62
214.34
213.86
213.22
212.48
211.73
211.03
210.42
209.91
209.51
209.20
208.95
208.73
208.54
208.38
208.24
208.27
208.48
208.86
209.35
209.89
210.33
210.62
210.73
210.72
210.62
210.60
210.70
210.94
211.28
211.66
212.00
212.26
212.43
212.53
212.57
212.59
212.62
212.66
212.70
212.75
212.80
212.84
212.88
212.91
212.94
212.91
212.81
212.65
212.45
212.23
211.95
211.63
211.26
210.89
210.55
210.27
210.06
209.91
209.80
209.74
209.72
209.71
209.72
209.75
209.75
209.73
209.67
209.59
209.51
209.48
209.51
209.61
209.76
209.92
210.10
210.27
210.43
210.57
210.69
210.88
211.13
211.46
211.83
212.20
212.48
212.64
212.66
212.59
212.45
212.25
212.00
211.72
211.43
211.16
211.03
211.09
211.34
211.71
212.15
212.58
212.97
213.30
213.57
213.78
213.91
213.97
213.96
213.90
213.76
213.54
213.25
212.92
212.59
212.36
212.24
212.25
212.35
212.51
212.70
212.91
213.11
213.30
213.47
213.69
213.99
214.36
214.76
215.16
215.32
215.21
214.79
214.20
213.50
212.82
212.22
211.74
211.36
211.08
210.93
210.90
211.00
211.18
211.40
211.64
211.88
212.11
212.31
212.50
212.60
212.61
212.53
212.40
212.23
211.99
211.69
211.33
210.96
210.60
210.41
210.45
210.72
211.14
211.53
211.83
212.00
212.06
212.05
212.01
211.97
211.94
211.93
211.92
211.89
211.84
211.76
211.66
211.55
211.45
211.36
211.27
211.19
211.13
211.13
211.21
211.36
211.55
211.76
212.00
212.26
212.54
212.81
213.07
213.19
213.16
212.96
212.67
212.32
212.04
211.85
211.77
211.79
211.87
211.98
212.11
212.25
212.39
212.52
212.61
212.66
212.65
212.61
212.47
212.23
211.89
211.49
211.08
210.79
210.65
210.68
210.82
211.04
211.22
211.31
211.31
211.24
211.13
210.96
210.75
210.51
210.26
210.02
209.77
209.51
209.25
209.00
208.77
208.73
208.90
209.30
209.82
210.42
210.97
211.44
211.80
212.06
212.24
212.41
212.58
212.78
212.99
213.18
213.31
213.36
213.32
213.22
213.09
212.96
212.86
212.80
212.77
212.76
212.79
212.86
212.98
213.11
213.25
213.39
213.52
213.64
213.74
213.72
213.56
213.25
212.87
212.44
211.96
211.44
210.89
210.35
209.85
209.37
208.92
208.50
208.13
207.81
207.59
207.49
207.50
207.59
207.72
207.99
208.40
208.93
209.51
210.11
210.61
210.96
211.16
211.23
211.22
211.25
211.37
211.59
211.88
212.19
212.48
212.72
212.91
213.04
213.14
213.27
213.48
213.75
214.07
214.39
214.60
214.65
214.55
214.35
214.16
214.03
213.99
214.02
214.09
214.03
213.80
213.38
212.85
212.27
211.59
210.81
209.95
209.09
208.26
207.78
207.69
208.02
208.62
209.39
210.22
211.06
211.86
212.59
213.23
213.59
213.63
213.36
212.88
212.29
211.67
211.08
210.56
210.11
209.73
209.56
209.61
209.89
210.30
210.78
211.16
211.38
211.40
211.29
211.09
210.86
210.65
210.46
210.30
210.18
210.11
210.09
210.13
210.20
210.30
210.40
210.50
210.60
210.70
210.75
210.76
210.73
210.66
210.59
210.61
210.75
211.02
211.37
211.76
212.15
212.52
212.86
213.16
213.42
213.60
213.71
213.75
213.73
213.69
213.59
213.45
213.27
213.08
212.89
212.79
212.80
212.92
213.12
213.35
213.53
213.61
213.58
213.48
213.32
213.17
213.04
212.95
212.89
212.85
212.81
212.75
212.66
212.57
212.47
212.41
212.38
212.39
212.43
212.44
212.40
212.29
212.14
211.98
211.76
211.49
211.16
210.82
210.48
210.25
210.13
210.15
210.27
210.44
210.62
210.78
210.90
210.99
211.05
211.04
210.95
210.79
210.57
210.34
210.37
210.72
211.41
212.30
213.28
214.00
214.38
214.35
214.05
213.57
213.04
212.53
212.10
211.73
211.44
211.18
210.95
210.74
210.55
210.39
210.28
210.23
210.24
210.28
210.38
210.52
210.70
210.89
211.09
211.11
210.94
210.55
210.04
209.46
209.03
208.81
208.83
209.01
209.29
209.64
210.01
210.37
210.71
211.02
211.13
211.01
210.66
210.17
209.60
209.11
208.77
208.59
208.54
208.59
208.75
209.01
209.35
209.73
210.12
210.46
210.75
210.96
211.11
211.21
211.32
211.47
211.65
211.85
212.05
212.24
212.41
212.57
212.70
212.81
212.87
212.88
212.83
212.76
212.62
212.40
212.12
211.81
211.50
211.31
211.26
211.38
211.60
211.88
212.09
212.17
212.11
211.96
211.75
211.51
211.26
211.02
210.79
210.59
210.47
210.45
210.51
210.63
210.79
210.97
211.15
211.32
211.48
211.61
211.76
211.91
212.08
212.24
212.40
212.46
212.41
212.25
212.02
211.74
211.46
211.18
210.93
210.70
210.50
210.31
210.11
209.92
209.74
209.57
209.61
209.88
210.40
211.06
211.63
212.02
212.19
212.19
212.07
211.99
211.98
212.08
212.26
212.47
212.76
213.11
213.51
213.92
214.32
214.47
214.34
213.91
213.30
212.58
211.94
211.44
211.12
210.95
210.88
210.86
210.87
210.89
210.90
210.92
210.78
210.45
209.92
209.29
208.62
208.04
207.59
207.30
207.13
207.06
207.14
207.36
207.71
208.13
208.58
209.02
209.44
209.82
210.14
210.42
210.72
211.07
211.47
211.89
212.18
212.33
212.31
212.17
211.95
211.83
211.85
212.03
212.32
212.66
213.05
213.47
213.90
214.31
214.69
214.98
215.15
215.21
215.18
215.11
214.83
214.35
213.68
212.90
212.10
211.39
210.84
210.46
210.22
210.10
210.14
210.33
210.67
211.08
211.52
211.91
212.22
212.42
212.54
212.59
212.63
212.66
212.70
212.74
212.78
212.85
212.95
213.07
213.21
213.35
213.40
213.35
213.18
212.95
212.58
212.08
211.45
210.77
210.10
209.59
209.30
209.24
209.34
209.56
209.73
209.82
209.78
209.66
209.48
209.39
209.41
209.56
209.80
210.08
210.36
210.60
210.79
210.93
211.04
211.21
211.49
211.87
212.30
212.75
213.08
213.25
213.25
213.13
212.93
212.72
212.51
212.34
212.21
212.10
212.10
212.21
212.44
212.74
213.07
213.19
213.05
212.63
212.03
211.48
211.05
210.80
210.69
210.69
210.78
210.95
211.18
211.43
211.70
211.82
211.77
211.53
211.17
210.75
210.39
210.13
210.00
209.96
209.98
209.95
209.82
209.58
209.27
208.94
208.73
208.70
208.85
209.12
209.47
209.79
210.06
210.24
210.36
210.42
210.44
210.43
210.40
210.36
210.31
210.26
210.21
210.16
210.12
210.09
210.11
210.20
210.36
210.56
210.78
211.08
211.45
211.91
212.39
212.68
212.73
212.51
212.12
211.62
211.18
210.87
210.71
210.67
210.71
210.75
210.77
210.74
210.68
210.60
210.57
210.60
210.69
210.82
210.98
211.23
211.56
211.98
212.43
212.89
213.24
213.46
213.54
213.51
213.41
213.26
213.09
212.92
212.74
212.58
212.44
212.31
212.21
212.13
212.06
211.88
211.56
211.09
210.54
209.97
209.54
209.31
209.29
209.42
209.65
209.85
209.99
210.04
210.01
210.08
210.26
210.59
211.01
211.46
211.88
212.25
212.55
212.79
212.96
212.98
212.83
212.53
212.12
211.67
211.19
210.69
210.20
209.74
209.32
209.06
208.99
209.10
209.33
209.63
209.89
210.07
210.13
210.12
210.05
210.08
210.24
210.55
210.96
211.41
211.72
211.87
211.82
211.63
211.36
211.07
210.79
210.56
210.37
210.21
210.12
210.09
210.11
210.18
210.27
210.42
210.64
210.92
211.23
211.38
211.33
211.07
210.66
210.18
209.68
209.18
208.72
208.30
207.94
207.90
208.23
208.92
209.84
210.87
211.97
213.09
214.20
215.22
216.15
216.79
217.11
217.12
216.91
216.55
216.11
215.63
215.16
214.71
214.31
214.01
213.82
213.76
213.78
213.86
213.79
213.52
213.04
212.43
211.77
211.27
210.98
210.94
211.07
211.32
211.64
211.99
212.35
212.68
212.99
213.12
213.06
212.80
212.42
212.05
211.74
211.54
211.43
211.38
211.32
211.24
211.12
210.97
210.82
210.69
210.61
210.57
210.56
210.58
210.51
210.33
210.02
209.65
209.24
208.95
208.79
208.80
208.93
209.13
209.37
209.62
209.87
210.11
210.33
210.51
210.67
210.79
210.89
210.97
211.03
211.06
211.08
211.10
211.10
211.12
211.17
211.25
211.35
211.45
211.52
211.56
211.56
211.52
211.55
211.66
211.87
212.12
212.40
212.63
212.78
212.85
212.85
212.80
212.78
212.81
212.89
213.00
213.14
213.17
213.08
212.85
212.54
212.18
211.92
211.80
211.83
211.97
212.17
212.36
212.50
212.57
212.59
212.57
212.48
212.30
212.06
211.78
211.48
211.17
210.85
210.53
210.22
209.94
209.77
209.73
209.83
210.01
210.24
210.47
210.68
210.84
210.96
211.05
211.08
211.06
210.98
210.88
210.68
210.38
210.00
209.56
209.12
208.81
208.65
208.67
208.80
209.01
209.27
209.54
209.81
210.06
210.29
210.54
210.82
211.13
211.45
211.76
211.96
212.03
211.98
211.83
211.64
211.54
211.59
211.81
212.14
212.52
212.70
212.63
212.29
211.76
211.13
210.53
210.00
209.57
209.24
209.00
208.80
208.63
208.48
208.35
208.24
208.17
208.16
208.20
208.26
208.35
208.42
208.46
208.46
208.44
208.40
208.35
208.30
208.24
208.19
208.10
207.94
207.73
207.49
207.24
207.13
207.20
207.45
207.81
208.24
208.71
209.20
209.70
210.17
210.60
210.97
211.29
211.55
211.76
211.91
212.03
212.11
212.16
212.18
212.19
212.27
212.43
212.68
212.98
213.29
213.50
213.56
213.47
213.28
213.02
212.78
212.60
212.50
212.45
212.45
212.34
212.10
211.71
211.24
210.74
210.32
210.02
209.87
209.82
209.93
210.18
210.56
211.02
211.49
211.85
212.06
212.09
212.01
211.84
211.68
211.55
211.49
211.47
211.49
211.50
211.50
211.47
211.42
211.37
211.23
211.00
210.68
210.31
209.93
209.72
209.72
209.95
210.33
210.79
211.20
211.52
211.72
211.82
211.84
211.79
211.67
211.50
211.29
211.08
210.93
210.86
210.86
210.93
211.03
211.16
211.29
211.42
211.54
211.65
211.67
211.58
211.38
211.11
210.81
210.50
210.20
209.93
209.69
209.49
209.32
209.18
209.08
209.00
208.76
208.32
207.68
206.92
206.13
205.59
205.39
205.54
205.94
206.49
207.12
207.77
208.39
208.97
209.48
209.93
210.29
210.59
210.82
210.99
211.05
211.02
210.88
210.69
210.46
210.23
209.99
209.78
209.59
209.42
209.39
209.51
209.77
210.13
210.54
210.96
211.36
211.73
212.05
212.39
212.73
213.10
213.45
213.79
213.92
213.84
213.52
213.05
212.51
212.02
211.64
211.39
211.25
211.19
211.27
211.49
211.83
212.23
212.67
213.02
213.25
213.34
213.33
213.26
213.14
212.99
212.84
212.69
212.54
212.41
212.30
212.20
212.13
212.06
211.99
211.90
211.79
211.67
211.55
211.43
211.33
211.24
211.17
211.10
211.08
211.10
211.16
211.25
211.35
211.51
211.73
212.00
212.30
212.50
212.55
212.45
212.25
211.99
211.68
211.33
210.96
210.59
210.25
209.97
209.77
209.63
209.56
209.53
209.54
209.57
209.61
209.66
209.71
209.87
210.15
210.55
211.02
211.51
211.82
211.91
211.77
211.47
211.07
210.71
210.43
210.27
210.19
210.18
210.35
210.71
211.24
211.86
212.52
213.01
213.27
213.28
213.11
212.83
212.56
212.35
212.24
212.20
212.22
212.30
212.44
212.61
212.81
213.01
213.21
213.39
213.54
213.68
213.79
213.88
213.95
214.00
214.04
213.87
213.48
212.87
212.12
211.32
210.64
210.13
209.81
209.66
209.62
209.72
209.94
210.26
210.63
211.01
211.28
211.40
211.36
211.20
210.97
210.74
210.52
210.33
210.19
210.08
210.07
210.19
210.42
210.72
211.05
211.28
211.37
211.31
211.14
210.91
210.70
210.54
210.46
210.42
210.43
210.36
210.19
209.89
209.53
209.22
209.01
208.91
208.90
208.95
209.13
209.41
209.81
210.25
210.71
211.18
211.65
212.10
212.52
212.90
213.24
213.57
213.87
214.14
214.38
214.39
214.15
213.66
213.01
212.28
211.73
211.43
211.41
211.58
211.89
212.19
212.43
212.58
212.65
212.66
212.53
212.25
211.83
211.32
210.80
210.38
210.13
210.05
210.09
210.23
210.39
210.55
210.69
210.80
210.89
210.99
211.09
211.22
211.35
211.44
211.50
211.52
211.50
211.46
211.43
211.43
211.46
211.51
211.57
211.59
211.54
211.42
211.26
211.08
211.03
211.14
211.43
211.82
212.26
212.66
212.99
213.22
213.37
213.46
213.30
212.90
212.25
211.46
210.61
209.83
209.15
208.62
208.21
207.91
207.87
208.09
208.55
209.17
209.87
210.49
211.00
211.35
211.58
211.71
211.82
211.93
212.06
212.21
212.35
212.49
212.61
212.72
212.81
212.80
212.69
212.46
212.17
211.85
211.69
211.73
211.98
212.38
212.84
213.13
213.16
212.91
212.47
211.92
211.49
211.24
211.21
211.34
211.57
211.87
212.19
212.51
212.81
213.09
213.25
213.29
213.19
213.00
212.76
212.58
212.49
212.51
212.60
212.74
212.85
212.91
212.90
212.85
212.77
212.61
212.39
212.11
211.80
211.49
211.30
211.25
211.37
211.59
211.85
212.10
212.33
212.52
212.69
212.76
212.75
212.65
212.49
212.29
212.06
211.81
211.53
211.25
210.99
210.78
210.63
210.55
210.52
210.52
210.54
210.59
210.64
210.69
210.75
210.80
210.85
210.89
210.93
210.95
210.98
210.99
211.01
211.01
211.02
211.02
211.02
211.02
211.02
211.02
210.88
210.59
210.14
209.61
209.04
208.69
208.63
208.87
209.31
209.87
210.35
210.68
210.82
210.83
210.73
210.57
210.37
210.16
209.95
209.86
209.91
210.11
210.41
210.75
211.11
211.47
211.80
212.09
212.35
212.48
212.48
212.35
212.13
211.87
211.53
211.13
210.68
210.22
209.78
209.43
209.19
209.07
209.03
209.05
209.20
209.47
209.84
210.28
210.72
211.08
211.31
211.40
211.39
211.31
211.21
211.12
211.04
210.99
210.95
211.04
211.25
211.61
212.03
212.49
212.79
212.87
212.72
212.42
212.11
211.84
211.66
211.56
211.50
211.44
211.35
211.21
211.05
210.88
210.79
210.81
210.94
211.14
211.38
211.64
211.89
212.12
212.34
212.52
212.73
212.97
213.25
213.53
213.81
213.97
213.97
213.81
213.55
213.23
212.89
212.55
212.23
211.94
211.68
211.55
211.54
211.67
211.89
212.15
212.33
212.38
212.29
212.10
211.86
211.59
211.32
211.06
210.82
210.60
210.48
210.44
210.50
210.62
210.75
210.87
210.96
211.03
211.07
210.99
210.78
210.42
209.99
209.53
209.21
209.06
209.12
209.31
209.59
209.91
210.25
210.58
210.89
211.16
211.43
211.68
211.93
212.17
212.37
212.63
212.95
213.34
213.76
214.17
214.44
214.56
214.51
214.34
214.09
213.91
213.85
213.92
214.08
214.29
214.35
214.19
213.81
213.28
212.68
212.09
211.55
211.09
210.71
210.41
210.09
209.75
209.36
208.96
208.73
208.72
208.95
209.32
209.78
210.22
210.59
210.88
211.09
211.23
211.29
211.27
211.19
211.08
210.94
210.81
210.73
210.68
210.66
210.67
210.69
210.72
210.76
210.80
210.84
210.85
210.82
210.76
210.67
210.58
210.40
210.14
209.78
209.38
208.98
208.78
208.82
209.13
209.60
210.17
210.75
211.28
211.75
212.15
212.47
212.67
212.75
212.71
212.59
212.45
212.31
212.20
212.11
212.04
211.99
211.96
211.94
211.92
211.92
211.95
212.01
212.11
212.22
212.34
212.36
212.24
211.99
211.65
211.27
210.86
210.43
210.00
209.59
209.22
208.92
208.70
208.56
208.49
208.47
208.56
208.77
209.09
209.47
209.87
210.15
210.29
210.27
210.13
209.92
209.72
209.57
209.49
209.46
209.47
209.50
209.55
209.61
209.67
209.73
209.87
210.09
210.41
210.76
211.08
211.32
211.48
211.56
211.59
211.55
211.45
211.31
211.14
210.95
210.80
210.69
210.63
210.61
210.62
210.61
210.59
210.55
210.48
210.41
210.40
210.44
210.56
210.72
210.90
211.24
211.77
212.46
213.25
214.06
214.78
215.37
215.83
216.15
216.37
216.43
216.32
216.07
215.73
215.35
214.95
214.57
214.22
213.91
213.64
213.50
213.50
213.63
213.84
214.11
214.21
214.10
213.75
213.25
212.59
211.82
210.96
210.10
209.28
208.71
208.45
208.51
208.79
209.22
209.66
210.07
210.41
210.68
210.88
211.08
211.30
211.55
211.79
212.03
212.17
212.19
212.09
211.91
211.68
211.32
210.84
210.24
209.60
208.95
208.45
208.13
208.00
208.02
208.14
208.27
208.37
208.42
208.44
208.42
208.53
208.77
209.17
209.65
210.17
210.71
211.25
211.78
212.26
212.70
213.05
213.30
213.46
213.55
213.69
213.91
214.23
214.61
214.99
215.21
215.22
215.00
214.63
214.18
213.72
213.29
212.93
212.62
212.37
212.25
212.28
212.45
212.70
213.00
213.07
212.87
212.36
211.66
210.87
210.19
209.69
209.41
209.29
209.31
209.33
209.31
209.23
209.10
208.96
208.97
209.16
209.55
210.07
210.64
211.22
211.77
212.28
212.73
213.11
213.35
213.42
213.35
213.17
212.93
212.74
212.63
212.63
212.70
212.72
212.63
212.43
212.16
211.86
211.49
211.08
210.62
210.16
209.72
209.30
208.89
208.50
208.15
207.84
207.80
208.04
208.59
209.31
210.12
210.82
211.33
211.61
211.73
211.72
211.62
211.46
211.27
211.07
210.88
210.64
210.36
210.03
209.70
209.37
209.15
209.05
209.09
209.22
209.40
209.64
209.93
210.23
210.54
210.84
211.19
211.60
212.07
212.55
213.02
213.40
213.68
213.83
213.90
213.95
214.01
214.11
214.23
214.35
214.34
214.16
213.82
213.37
212.88
212.33
211.74
211.12
210.52
209.97
209.45
208.97
208.53
208.13
207.80
207.55
207.38
207.30
207.28
207.30
207.46
207.77
208.20
208.71
209.25
209.79
210.34
210.86
211.34
211.76
212.07
212.26
212.33
212.30
212.21
212.06
211.85
211.61
211.36
211.11
210.84
210.57
210.30
210.04
209.88
209.84
209.93
210.11
210.33
210.55
210.74
210.88
210.99
211.07
211.18
211.32
211.51
211.72
211.94
212.10
212.17
212.16
212.10
211.99
211.86
211.73
211.59
211.47
211.35
211.20
211.01
210.76
210.49
210.23
210.14
210.25
210.59
211.06
211.60
212.08
212.45
212.69
212.82
212.86
212.90
212.96
213.06
213.18
213.31
213.46
213.64
213.83
214.03
214.22
214.32
214.30
214.17
213.96
213.65
213.27
212.83
212.37
211.92
211.58
211.38
211.32
211.38
211.50
211.61
211.68
211.70
211.67
211.62
211.57
211.55
211.56
211.59
211.63
211.57
211.40
211.09
210.71
210.30
210.02
209.92
210.01
210.24
210.54
210.86
211.16
211.41
211.62
211.79
211.84
211.76
211.56
211.28
210.96
210.58
210.15
209.68
209.21
208.76
208.48
208.41
208.55
208.84
209.20
209.56
209.86
210.07
210.22
210.34
210.44
210.55
210.64
210.73
210.83
210.95
211.09
211.24
211.38
211.46
211.47
211.39
211.27
211.11
210.97
210.86
210.78
210.75
210.73
210.74
210.76
210.78
210.81
210.84
210.93
211.07
211.27
211.51
211.75
211.99
212.21
212.41
212.58
212.72
212.83
212.92
212.99
213.04
213.07
213.11
213.18
213.27
213.37
213.47
213.47
213.33
213.06
212.71
212.31
211.91
211.53
211.18
210.87
210.64
210.48
210.39
210.37
210.38
210.43
210.49
210.56
210.63
210.70
210.87
211.16
211.57
212.04
212.52
213.02
213.52
214.00
214.44
214.84
215.04
215.04
214.82
214.46
214.02
213.50
212.92
212.31
211.70
211.13
210.64
210.25
209.97
209.77
209.64
209.60
209.63
209.72
209.86
210.02
210.20
210.42
210.65
210.89
211.11
211.29
211.42
211.48
211.50
211.51
211.53
211.57
211.63
211.68
211.68
211.62
211.49
211.32
211.13
211.07
211.17
211.45
211.83
212.27
212.72
213.16
213.57
213.93
214.24
214.39
214.37
214.17
213.87
213.50
213.05
212.55
212.01
211.47
210.96
210.55
210.26
210.10
210.03
210.04
210.14
210.35
210.63
210.96
211.29
211.59
211.84
212.02
212.15
212.23
212.27
212.29
212.28
212.27
212.24
212.34
212.59
213.01
213.51
213.89
214.08
214.05
213.87
213.58
213.25
212.89
212.54
212.21
211.92
211.64
211.36
211.10
210.86
210.64
210.48
210.38
210.35
210.36
210.40
210.51
210.70
210.95
211.24
211.54
211.69
211.66
211.45
211.12
210.72
210.42
210.29
210.34
210.52
210.78
211.05
211.30
211.52
211.70
211.84
211.81
211.60
211.21
210.71
210.16
209.71
209.42
209.29
209.30
209.39
209.54
209.73
209.92
210.12
210.28
210.39
210.44
210.46
210.44
210.49
210.62
210.83
211.10
211.39
211.68
211.95
212.20
212.41
212.60
212.67
212.61
212.44
212.18
211.89
211.58
211.28
211.00
210.75
210.54
210.36
210.21
210.10
210.02
209.96
209.89
209.81
209.71
209.60
209.49
209.39
209.30
209.22
209.15
209.09
209.10
209.18
209.34
209.54
209.75
209.94
210.09
210.19
210.25
210.28
210.39
210.61
210.95
211.34
211.63
211.76
211.70
211.51
211.25
211.00
210.79
210.66
210.59
210.56
210.62
210.76
210.97
211.23
211.51
211.65
211.62
211.41
211.07
210.68
210.34
210.09
209.97
209.94
209.97
210.00
209.99
209.93
209.84
209.73
209.64
209.59
209.57
209.58
209.61
209.71
209.87
210.10
210.36
210.63
210.78
210.80
210.66
210.42
210.12
209.91
209.81
209.87
210.02
210.23
210.55
210.98
211.49
212.03
212.55
213.00
213.37
213.66
213.89
213.97
213.91
213.71
213.43
213.10
212.81
212.59
212.46
212.40
212.38
212.38
212.37
212.35
212.31
212.27
212.20
212.10
211.97
211.83
211.68
211.68
211.84
212.18
212.62
213.10
213.49
213.74
213.82
213.78
213.66
213.40
213.03
212.55
212.03
211.50
211.07
210.78
210.65
210.62
210.68
210.79
210.93
211.09
211.25
211.29
211.20
210.97
210.64
210.27
210.00
209.86
209.88
210.01
210.20
210.35
210.43
210.40
210.31
210.18
210.02
209.86
209.69
209.54
209.41
209.32
209.28
209.29
209.34
209.40
209.43
209.40
209.30
209.16
209.00
209.03
209.27
209.74
210.36
211.04
211.64
212.13
212.46
212.67
212.78
212.84
212.88
212.91
212.94
212.97
212.88
212.66
212.31
211.89
211.44
210.97
210.50
210.03
209.59
209.31
209.20
209.27
209.47
209.74
210.06
210.38
210.69
210.98
211.24
211.51
211.81
212.14
212.47
212.78
212.98
213.06
213.00
212.86
212.65
212.50
212.44
212.48
212.59
212.74
212.78
212.67
212.40
212.03
211.60
211.17
210.75
210.36
210.02
209.72
209.53