158.11
158.27
158.47
158.69
158.92
159.14
159.33
159.51
159.66
159.78
159.88
159.95
160.01
160.02
159.99
159.91
159.81
159.69
159.60
159.55
159.53
159.55
159.58
159.60
159.60
159.56
159.51
159.44
159.37
159.30
159.24
159.18
159.13
159.06
158.97
158.85
158.73
158.60
158.50
158.45
158.44
158.47
158.51
158.54
158.55
158.52
158.48
158.42
158.44
158.55
158.75
159.02
159.31
159.50
159.55
159.45
159.25
158.99
158.70
158.41
158.12
157.87
157.67
157.53
157.46
157.44
157.46
157.55
157.72
157.96
158.24
158.53
158.73
158.82
158.78
158.66
158.49
158.34
158.25
158.22
158.24
158.30
158.43
158.63
158.90
159.20
159.51
159.83
160.16
160.49
160.80
161.08
161.17
161.03
160.67
160.16
159.59
159.07
158.67
158.40
158.25
158.18
158.20
158.30
158.46
158.65
158.86
159.02
159.10
159.09
159.03
158.94
158.79
158.61
158.39
158.17
158.03
157.99
158.08
158.24
158.45
158.65
158.82
158.95
159.05
159.11
159.23
159.42
159.69
160.01
160.33
160.62
160.86
161.04
161.16
161.23
161.19
161.03
160.76
160.42
160.06
159.74
159.51
159.37
159.31
159.30
159.39
159.56
159.81
160.11
160.41
160.61
160.66
160.55
160.34
160.06
159.79
159.54
159.34
159.18
159.06
158.97
158.91
158.87
158.85
158.85
158.85
158.86
158.88
158.89
158.91
158.93
158.94
158.96
158.97
158.95
158.90
158.82
158.72
158.61
158.47
158.31
158.13
157.94
157.76
157.62
157.52
157.49
157.49
157.51
157.61
157.78
158.02
158.29
158.57
158.88
159.19
159.50
159.80
160.08
160.37
160.69
161.04
161.39
161.72
161.83
161.69
161.29
160.73
160.08
159.54
159.17
159.02
159.01
159.11
159.20
159.25
159.21
159.12
159.07
159.10
159.23
159.41
159.62
159.82
159.98
160.09
160.17
160.21
160.20
160.15
160.05
159.92
159.78
159.75
159.85
160.09
160.41
160.77
161.12
161.42
161.67
161.86
162.00
162.01
161.91
161.67
161.37
161.03
160.63
160.18
159.70
159.21
158.76
158.40
158.15
158.02
157.98
158.01
158.14
158.35
158.64
158.97
159.31
159.56
159.69
159.69
159.60
159.46
159.30
159.16
159.06
158.98
158.95
158.98
159.05
159.15
159.27
159.39
159.50
159.61
159.71
159.79
159.81
159.75
159.62
159.44
159.23
158.97
158.65
158.29
157.91
157.55
157.21
156.91
156.65
156.43
156.25
156.22
156.35
156.64
157.02
157.44
157.82
158.13
158.33
158.46
158.52
158.59
158.69
158.83
158.99
159.16
159.34
159.55
159.77
159.99
160.20
160.37
160.47
160.52
160.53
160.51
160.41
160.24
160.00
159.73
159.50
159.33
159.26
159.24
159.27
159.28
159.24
159.15
159.02
158.88
158.81
158.84
158.98
159.18
159.42
159.73
160.09
160.50
160.92
161.33
161.54
161.53
161.28
160.87
160.38
159.88
159.42
159.02
158.69
158.41
158.34
158.46
158.79
159.25
159.77
160.23
160.58
160.79
160.90
160.93
160.84
160.66
160.39
160.07
159.74
159.44
159.19
159.01
158.88
158.82
158.83
158.90
159.01
159.14
159.27
159.41
159.53
159.65
159.74
159.85
159.98
160.12
160.27
160.41
160.43
160.32
160.06
159.72
159.33
159.04
158.89
158.90
159.02
159.21
159.38
159.51
159.57
159.58
159.56
159.52
159.46
159.39
159.32
159.26
159.17
159.06
158.93
158.79
158.64
158.43
158.14
157.76
157.35
156.94
156.57
156.27
156.05
155.89
155.78
155.77
155.86
156.03
156.26
156.62
157.10
157.71
158.36
159.01
159.52
159.85
159.98
159.97
159.85
159.75
159.71
159.75
159.84
159.97
160.12
160.26
160.41
160.54
160.66
160.84
161.09
161.43
161.80
162.18
162.41
162.45
162.30
162.02
161.66
161.29
160.95
160.66
160.42
160.23
160.09
159.98
159.91
159.86
159.84
159.80
159.75
159.67
159.58
159.48
159.34
159.14
158.88
158.60
158.32
158.19
158.23
158.46
158.81
159.18
159.50
159.76
159.95
160.08
160.15
160.15
160.08
159.98
159.86
159.72
159.59
159.47
159.36
159.26
159.18
159.11
159.06
159.02
158.99
158.94
158.87
158.78
158.67
158.56
158.56
158.69
158.95
159.30
159.69
159.96
160.05
159.95
159.73
159.42
159.13
158.90
158.74
158.64
158.59
158.63
158.76
158.97
159.22
159.50
159.69
159.77
159.74
159.62
159.45
159.31
159.22
159.20
159.23
159.21
159.12
158.94
158.71
158.46
158.26
158.13
158.09
158.11
158.17
158.28
158.44
158.63
158.84
159.05
159.25
159.43
159.58
159.71
159.82
159.91
159.97
160.02
160.05
160.07
160.11
160.17
160.25
160.35
160.46
160.56
160.66
160.74
160.82
160.88
160.87
160.80
160.65
160.45
160.24
160.08
159.99
159.98
160.03
160.11
160.14
160.08
159.93
159.73
159.54
159.41
159.35
159.34
159.37
159.40
159.41
159.40
159.37
159.32
159.22
159.06
158.84
158.58
158.32
158.12
158.00
157.97
158.00
158.08
158.26
158.55
158.93
159.37
159.81
160.11
160.22
160.12
159.89
159.57
159.29
159.09
159.00
158.99
159.04
159.04
158.97
158.82
158.62
158.39
158.23
158.18
158.24
158.38
158.56
158.73
158.89
159.00
159.08
159.13
159.13
159.09
159.00
158.88
158.83
158.87
159.02
159.22
159.46
159.63
159.70
159.66
159.55
159.38
159.25
159.16
159.15
159.19
159.26
159.26
159.19
159.02
158.79
158.54
158.41
158.45
158.66
158.99
159.38
159.74
160.04
160.24
160.37
160.44
160.41
160.29
160.09
159.83
159.55
159.25
158.93
158.60
158.28
158.00
157.85
157.86
158.03
158.31
158.65
158.91
159.04
159.03
158.91
158.72
158.52
158.35
158.20
158.09
158.03
158.03
158.08
158.17
158.27
158.41
158.58
158.77
158.97
159.17
159.33
159.43
159.48
159.49
159.47
159.46
159.47
159.50
159.55
159.61
159.59
159.48
159.27
159.00
158.71
158.46
158.29
158.21
158.20
158.23
158.19
158.04
157.77
157.44
157.08
156.87
156.87
157.08
157.45
157.89
158.31
158.67
158.94
159.14
159.26
159.42
159.63
159.90
160.20
160.38
160.38
160.21
159.92
159.55
159.19
158.86
158.58
158.35
158.18
158.10
158.12
158.23
158.40
158.61
158.75
158.79
158.73
158.59
158.41
158.29
158.25
158.32
158.46
158.64
158.78
158.87
158.88
158.85
158.78
158.68
158.58
158.48
158.38
158.30
158.22
158.15
158.10
158.05
158.02
158.05
158.15
158.31
158.52
158.75
158.89
158.93
158.86
158.70
158.51
158.39
158.40
158.55
158.78
158.90
158.86
158.62
158.26
157.83
157.49
157.28
157.22
157.28
157.41
157.56
157.70
157.81
157.91
157.97
158.05
158.14
158.25
158.37
158.48
158.62
158.77
158.95
159.13
159.30
159.48
159.68
159.89
160.09
160.29
160.41
160.44
160.39
160.28
160.13
160.02
159.97
159.99
160.06
160.16
160.24
160.30
160.33
160.33
160.31
160.26
160.17
160.04
159.89
159.74
159.55
159.30
159.00
158.69
158.46
158.34
158.34
158.43
158.58
158.76
158.95
159.15
159.32
159.49
159.57
159.58
159.50
159.36
159.19
159.09
159.08
159.18
159.34
159.54
159.69
159.73
159.68
159.54
159.37
159.15
158.89
158.61
158.33
158.06
157.89
157.85
157.93
158.10
158.32
158.49
158.56
158.53
158.43
158.28
158.21
158.26
158.44
158.71
159.01
159.26
159.40
159.42
159.36
159.25
159.16
159.11
159.12
159.18
159.24
159.28
159.29
159.29
159.27
159.29
159.37
159.52
159.70
159.90
160.07
160.19
160.27
160.32
160.33
160.24
160.04
159.74
159.39
159.01
158.74
158.63
158.67
158.82
159.05
159.15
159.08
158.81
158.42
157.96
157.59
157.35
157.27
157.31
157.43
157.54
157.61
157.64
157.62
157.57
157.56
157.60
157.71
157.85
158.01
158.10
158.09
157.97
157.78
157.68
157.73
157.93
158.24
158.61
158.96
159.28
159.54
159.75
159.91
160.02
160.11
160.16
160.18
160.19
160.13
160.01
159.81
159.58
159.33
159.11
158.94
158.82
158.75
158.71
158.65
158.54
158.38
158.20
158.01
157.90
157.89
158.00
158.19
158.41
158.66
158.90
159.13
159.33
159.51
159.69
159.88
160.06
160.24
160.41
160.51
160.52
160.45
160.32
160.16
159.96
159.73
159.47
159.21
159.02
158.91
158.90
158.94
159.03
159.12
159.19
159.22
159.24
159.24
159.22
159.20
159.17
159.15
159.12
159.15
159.24
159.40
159.59
159.81
159.94
159.97
159.89
159.73
159.52
159.32
159.15
159.03
158.94
158.88
158.84
158.82
158.82
158.83
158.85
158.84
158.80
158.73
158.64
158.55
158.53
158.61
158.80
159.04
159.32
159.55
159.71
159.78
159.79
159.76
159.67
159.53
159.35
159.15
159.03
159.01
159.10
159.27
159.48
159.68
159.85
159.98
160.07
160.13
160.17
160.18
160.18
160.17
160.16
160.17
160.20
160.27
160.36
160.45
160.57
160.72
160.90
161.08
161.25
161.36
161.39
161.34
161.23
161.09
160.85
160.52
160.10
159.64
159.17
158.84
158.67
158.67
158.80
159.00
159.36
159.86
160.49
161.17
161.85
162.36
162.66
162.73
162.63
162.42
162.17
161.92
161.69
161.50
161.36
161.29
161.27
161.30
161.36
161.38
161.35
161.25
161.12
160.97
160.78
160.57
160.34
160.10
159.88
159.70
159.58
159.52
159.50
159.51
159.50
159.43
159.31
159.15
158.98
158.86
158.81
158.84
158.92
159.04
159.23
159.48
159.79
160.12
160.46
160.67
160.73
160.62
160.41
160.13
159.77
159.34
158.86
158.37
157.90
157.50
157.18
156.94
156.78
156.68
156.62
156.60
156.61
156.64
156.68
156.72
156.77
156.81
156.85
156.97
157.17
157.47
157.81
158.17
158.49
158.75
158.95
159.09
159.19
159.35
159.61
159.97
160.38
160.81
161.05
161.03
160.75
160.30
159.76
159.26
158.85
158.57
158.40
158.31
158.29
158.31
158.36
158.43
158.51
158.59
158.67
158.74
158.81
158.87
158.91
158.95
158.98
159.00
159.01
159.08
159.20
159.38
159.59
159.79
159.95
160.07
160.15
160.20
160.16
160.05
159.87
159.64
159.39
159.19
159.07
159.04
159.06
159.13
159.17
159.17
159.10
158.99
158.87
158.78
158.76
158.82
158.92
159.05
159.21
159.41
159.64
159.87
160.09
160.29
160.47
160.63
160.76
160.86
160.86
160.75
160.52
160.23
159.90
159.65
159.51
159.49
159.56
159.68
159.78
159.84
159.84
159.79
159.71
159.65
159.61
159.60
159.62
159.60
159.52
159.39
159.22
159.04
158.88
158.77
158.70
158.66
158.66
158.67
158.70
158.74
158.78
158.82
158.85
158.89
158.92
158.94
158.96
158.93
158.82
158.66
158.45
158.23
158.03
157.88
157.78
157.72
157.70
157.83
158.13
158.60
159.17
159.77
160.23
160.50
160.56
160.46
160.26
159.97
159.62
159.24
158.85
158.48
158.30
158.35
158.63
159.06
159.46
159.78
159.95
160.03
160.02
159.97
159.88
159.76
159.65
159.53
159.39
159.23
159.06
158.88
158.70
158.57
158.49
158.46
158.47
158.50
158.55
158.61
158.67
158.73
158.79
158.84
158.89
158.92
158.95
158.98
159.02
159.09
159.19
159.30
159.42
159.53
159.63
159.73
159.80
159.87
159.90
159.88
159.82
159.74
159.64
159.56
159.52
159.51
159.54
159.58
159.63
159.68
159.74
159.79
159.84
159.88
159.92
159.95
159.97
159.94
159.83
159.67
159.46
159.23
159.07
158.97
158.96
159.01
159.09
159.12
159.07
158.92
158.71
158.48
158.34
158.33
158.47
158.70
158.99
159.21
159.35
159.37
159.31
159.20
158.98
158.65
158.23
157.76
157.28
157.06
157.16
157.60
158.24
159.01
159.70
160.25
160.63
160.86
160.98
161.00
160.97
160.89
160.79
160.68
160.57
160.45
160.35
160.26
160.18
160.12
160.07
160.03
160.00
159.98
159.97
159.96
159.96
159.96
159.93
159.88
159.79
159.69
159.58
159.40
159.12
158.77
158.37
157.96
157.60
157.30
157.07
156.91
156.80
156.82
156.96
157.22
157.55
157.91
158.31
158.71
159.12
159.50
159.85
160.11
160.25
160.29
160.24
160.15
159.96
159.70
159.38
159.02
158.66
158.38
158.18
158.09
158.07
158.11
158.24
158.45
158.73
159.05
159.28
159.36
159.30
159.13
158.90
158.74
158.70
158.79
158.97
159.21
159.53
159.91
160.34
160.78
161.21
161.53
161.71
161.74
161.68
161.54
161.44
161.41
161.48
161.61
161.77
161.93
162.05
162.14
162.19
162.22
162.17
162.05
161.85
161.62
161.37
161.04
160.63
160.15
159.65
159.15
158.80
158.61
158.61
158.74
158.95
159.20
159.48
159.75
160.01
160.17
160.20
160.10
159.93
159.70
159.53
159.45
159.47
159.57
159.72
159.78
159.73
159.55
159.29
158.98
158.71
158.51
158.40
158.35
158.35
158.42
158.53
158.69
158.87
159.06
159.13
159.07
158.86
158.57
158.22
158.05
158.09
158.39
158.85
159.39
159.90
160.35
160.70
160.96
161.15
161.27
161.34
161.37
161.37
161.35
161.27
161.12
160.89
160.64
160.37
160.11
159.87
159.65
159.47
159.31
159.19
159.09
159.01
158.96
158.98
159.08
159.24
159.46
159.69
159.87
159.97
159.99
159.96
159.88
159.91
160.09
160.42
160.84
161.31
161.59
161.64
161.42
161.03
160.55
160.04
159.57
159.15
158.80
158.51
158.28
158.10
157.97
157.88
157.83
157.85
157.95
158.14
158.36
158.61
158.91
159.26
159.65
160.05
160.44
160.74
160.93
161.02
161.03
160.98
160.86
160.70
160.49
160.27
159.88
159.32
158.59
157.78
156.96
156.25
155.70
155.33
155.11
155.00
155.06
155.27
155.62
156.04
156.49
156.92
157.29
157.59
157.82
157.99
158.14
158.27
158.41
158.53
158.65
158.74
158.83
158.89
158.95
158.99
158.96
158.87
158.70
158.49
158.27
158.12
158.08
158.15
158.30
158.50
158.66
158.77
158.80
158.78
158.73
158.68
158.64
158.64
158.66
158.69
158.73
158.77
158.81
158.85
158.94
159.08
159.29
159.52
159.77
159.98
160.14
160.24
160.31
160.33
160.33
160.32
160.29
160.25
160.21
160.17
160.14
160.11
160.08
160.05
160.01
159.93
159.83
159.72
159.60
159.51
159.46
159.45
159.48
159.52
159.58
159.64
159.71
159.77
159.82
159.84
159.83
159.77
159.69
159.60
159.45
159.24
158.97
158.68
158.38
158.24
158.27
158.49
158.83
159.11
159.26
159.24
159.11
158.90
158.66
158.40
158.14
157.90
157.68
157.55
157.50
157.55
157.66
157.81
157.96
158.07
158.15
158.19
158.22
158.25
158.29
158.37
158.45
158.54
158.60
158.62
158.60
158.56
158.50
158.43
158.36
158.29
158.23
158.17
158.07
157.91
157.70
157.46
157.22
157.06
157.01
157.09
157.24
157.44
157.56
157.56
157.42
157.20
156.92
156.68
156.50
156.40
156.36
156.50
156.83
157.34
157.94
158.58
159.13
159.55
159.81
159.96
160.00
159.96
159.83
159.65
159.43
159.20
159.03
158.94
158.93
158.98
159.07
159.21
159.39
159.60
159.82
160.04
160.17
160.18
160.07
159.89
159.65
159.43
159.24
159.09
158.98
158.90
158.88
158.92
159.00
159.11
159.23
159.28
159.23
159.08
158.86
158.61
158.56
158.76
159.24
159.88
160.60
161.10
161.30
161.16
160.78
160.29
159.75
159.23
158.75
158.31
157.97
157.71
157.55
157.46
157.42
157.48
157.63
157.87
158.14
158.43
158.64
158.74
158.72
158.61
158.45
158.31
158.22
158.20
158.23
158.30
158.40
158.55
158.73
158.93
159.12
159.33
159.55
159.78
160.01
160.23
160.34
160.33
160.20
159.99
159.74
159.47
159.20
158.95
158.72
158.52
158.46
158.56
158.81
159.15
159.55
159.90
160.18
160.37
160.48
160.50
160.46
160.34
160.19
160.02
159.82
159.60
159.36
159.11
158.88
158.73
158.66
158.69
158.77
158.90
159.05
159.20
159.35
159.49
159.62
159.75
159.90
160.06
160.23
160.38
160.50
160.57
160.58
160.56
160.52
160.46
160.40
160.33
160.27
160.21
160.15
160.11
160.07
160.04
160.02
159.95
159.82
159.63
159.42
159.19
159.02
158.92
158.92
158.97
159.03
159.09
159.13
159.14
159.15
159.09
158.97
158.77
158.54
158.30
158.06
157.83
157.63
157.46
157.31
157.30
157.43
157.72
158.09
158.51
158.88
159.18
159.38
159.49
159.55
159.51
159.37
159.15
158.87
158.58
158.30
158.03
157.78
157.57
157.39
157.29
157.29
157.38
157.53
157.72
157.97
158.28
158.64
159.02
159.39
159.69
159.88
159.97
159.98
159.94
159.80
159.59
159.30
158.97
158.74
158.65
158.71
158.88
159.11
159.29
159.39
159.38
159.30
159.18
159.08
159.04
159.06
159.12
159.21
159.19
159.01
158.67
158.24
157.76
157.34
156.99
156.75
156.59
156.51
156.58
156.81
157.20
157.67
158.18
158.61
158.92
159.09
159.14
159.12
159.10
159.11
159.16
159.24
159.34
159.39
159.38
159.30
159.17
159.02
158.91
158.87
158.90
158.98
159.09
159.21
159.34
159.47
159.59
159.64
159.61
159.51
159.36
159.18
159.01
158.89
158.80
158.75
158.73
158.63
158.41
158.08
157.68
157.26
156.79
156.28
155.75
155.24
154.75
154.45
154.37
154.50
154.78
155.15
155.56
155.98
156.38
156.75
157.07
157.38
157.66
157.93
158.18
158.40
158.61
158.82
159.03
159.23
159.41
159.57
159.70
159.81
159.90
159.96
159.93
159.79
159.55
159.24
158.90
158.62
158.41
158.30
158.26
158.22
158.15
158.04
157.91
157.77
157.63
157.49
157.38
157.27
157.19
157.25
157.48
157.88
158.39
158.93
159.34
159.58
159.60
159.48
159.26
159.04
158.86
158.74
158.67
158.63
158.55
158.40
158.16
157.88
157.58
157.42
157.44
157.63
157.95
158.34
158.67
158.91
159.03
159.06
159.02
158.97
158.92
158.89
158.87
158.87
158.87
158.88
158.90
158.91
158.95
159.02
159.13
159.25
159.37
159.44
159.43
159.35
159.23
159.07
158.93
158.82
158.76
158.73
158.72
158.67
158.58
158.43
158.25
158.05
157.89
157.76
157.69
157.66
157.65
157.64
157.61
157.55
157.49
157.41
157.31
157.19
157.04
156.87
156.71
156.67
156.76
157.00
157.33
157.70
158.03
158.29
158.45
158.54
158.58
158.57
158.54
158.48
158.42
158.35
158.26
158.14
158.00
157.84
157.85
158.05
158.45
158.98
159.57
160.02
160.30
160.38
160.30
160.13
159.89
159.62
159.35
159.08
158.84
158.60
158.36
158.12
157.89
157.68
157.60
157.68
157.91
158.24
158.61
158.92
159.13
159.22
159.21
159.15
159.06
158.99
158.94
158.90
158.89
158.77
158.55
158.20
157.78
157.34
156.99
156.75
156.66
156.66
156.74
156.96
157.34
157.85
158.43
159.03
159.47
159.72
159.74
159.62
159.47
159.35
159.30
159.31
159.35
159.41
159.49
159.57
159.65
159.72
159.76
159.76
159.72
159.66
159.57
159.51
159.48
159.49
159.52
159.57
159.63
159.68
159.74
159.80
159.85
159.94
160.09
160.30
160.54
160.78
160.91
160.90
160.74
160.48
160.16
159.77
159.32
158.83
158.34
157.86
157.46
157.14
156.91
156.75
156.65
156.60
156.59
156.60
156.63
156.67
156.72
156.77
156.81
156.85
156.97
157.18
157.47
157.81
158.17
158.43
158.59
158.61
158.54
158.40
158.32
158.30
158.39
158.53
158.71
158.99
159.35
159.81
160.29
160.78
161.13
161.32
161.33
161.21
161.00
160.68
160.24
159.70
159.13
158.56
158.08
157.71
157.47
157.33
157.26
157.34
157.55
157.88
158.27
158.70
159.01
159.18
159.18
159.06
158.87
158.77
158.80
159.00
159.30
159.62
159.94
160.22
160.45
160.65
160.72
160.67
160.49
160.23
159.93
159.64
159.39
159.20
159.05
158.94
158.90
158.91
158.98
159.08
159.20
159.30
159.37
159.40
159.40
159.37
159.39
159.46
159.60
159.76
159.95
160.08
160.14
160.12
160.05
159.94
159.84
159.77
159.73
159.72
159.72
159.77
159.85
159.97
160.11
160.26
160.29
160.19
159.95
159.63
159.26
158.96
158.77
158.70
158.72
158.83
159.01
159.24
159.50
159.76
159.95
160.06
160.09
160.04
159.96
159.79
159.56
159.25
158.92
158.58
158.29
158.06
157.89
157.78
157.71
157.68
157.68
157.69
157.72
157.75
157.84
157.99
158.21
158.45
158.71
158.98
159.27
159.56
159.84
160.10
160.23
160.19
160.00
159.71
159.35
159.01
158.70
158.44
158.24
158.09
158.00
157.98
158.02
158.10
158.21
158.35
158.52
158.72
158.93
159.06
159.07
158.97
158.80
158.58
158.42
158.36
158.40
158.51
158.67
158.91
159.21
159.58
159.96
160.34
160.64
160.84
160.94
160.96
160.92
160.84
160.74
160.63
160.52
160.42
160.24
159.99
159.65
159.27
158.88
158.64
158.59
158.73
159.01
159.36
159.70
159.97
160.17
160.30
160.37
160.35
160.24
160.04
159.79
159.52
159.38
159.41
159.63
159.96
160.24
160.43
160.49
160.45
160.34
160.27
160.28
160.38
160.53
160.72
160.86
160.95
160.95
160.91
160.83
160.65
160.36
159.99
159.56
159.13
158.76
158.50
158.33
158.26
158.24
158.27
158.33
158.41
158.49
158.58
158.72
158.91
159.16
159.43
159.70
159.96
160.20
160.41
160.59
160.74
160.80
160.78
160.66
160.50
160.30
160.12
159.97
159.87
159.81
159.77
159.73
159.68
159.61
159.52
159.41
159.27
159.10
158.93
158.75
158.59
158.45
158.32
158.22
158.13
158.12
158.18
158.33
158.51
158.73
158.94
159.15
159.34
159.51
159.66
159.72
159.70
159.60
159.44
159.25
159.13
159.11
159.20
159.35
159.55
159.82
160.15
160.53
160.94
161.33
161.67
161.93
162.12
162.25
162.33
162.28
162.12
161.83
161.48
161.11
160.70
160.29
159.87
159.48
159.13
158.88
158.73
158.70
158.75
158.76
158.72
158.60
158.43
158.24
158.03
157.84
157.65
157.49
157.35
157.34
157.47
157.76
158.13
158.54
158.86
159.03
159.05
158.95
158.77
158.61
158.49
158.43
158.42
158.45
158.52
158.64
158.79
158.97
159.14
159.31
159.47
159.60
159.72
159.82
159.87
159.87
159.83
159.75
159.66
159.51
159.29
159.02
158.72
158.42
158.16
157.95
157.81
157.72
157.68
157.61
157.50
157.34
157.16
157.00
156.87
156.79
156.74
156.73
156.83
157.08
157.46
157.92
158.40
158.85
159.24
159.56
159.80
159.98
160.03
159.94
159.73
159.43
159.09
158.71
158.32
157.91
157.53
157.18
156.90
156.69
156.57
156.50
156.48
156.57
156.78
157.10
157.48
157.88
158.30
158.72
159.14
159.54
159.89
160.12
160.20
160.15
159.99
159.78
159.56
159.36
159.20
159.08
159.02
159.02
159.06
159.15
159.25
159.37
159.48
159.59
159.68
159.77
159.84
159.90
159.95
159.98
160.01
160.05
160.12
160.22
160.32
160.44
160.38
160.14
159.70
159.13
158.52
157.98
157.56
157.29
157.14
157.08
157.09
157.14
157.23
157.33
157.43
157.48
157.47
157.38
157.24
157.08
156.93
156.82
156.75
156.72
156.71
156.83
157.08
157.46
157.92
158.41
158.86
159.25
159.57
159.81
159.91
159.87
159.68
159.41
159.09
158.86
158.76
158.81
158.96
159.18
159.40
159.60
159.76
159.89
159.98
159.97
159.84
159.60
159.29
158.95
158.69
158.54
158.51
158.57
158.69
158.84
159.01
159.18
159.34
159.49
159.57
159.57
159.49
159.35
159.18
159.13
159.23
159.51
159.89
160.32
160.72
161.03
161.25
161.39
161.47
161.58
161.75
161.98
162.26
162.54
162.69
162.66
162.44
162.11
161.65
161.11
160.51
159.91
159.32
158.82
158.41
158.10
157.88
157.73
157.58
157.43
157.24
157.04
156.85
156.77
156.84
157.06
157.36
157.72
158.04
158.29
158.45
158.53
158.57
158.56
158.52
158.47
158.41
158.34
158.31
158.30
158.34
158.40
158.47
158.55
158.63
158.71
158.78
158.84
158.94
159.10
159.31
159.55
159.79
160.00
160.16
160.26
160.32
160.35
160.29
160.16
159.95
159.70
159.40
159.08
158.75
158.42
158.11
157.84
157.60
157.40
157.24
157.12
157.16
157.38
157.78
158.28
158.84
159.31
159.67
159.89
159.99
160.01
159.97
159.89
159.79
159.67
159.55
159.47
159.43
159.43
159.46
159.51
159.54
159.55
159.53
159.48
159.43
159.28
159.05
158.72
158.34
157.96
157.63
157.40
157.27
157.21
157.22
157.18
157.08
156.90
156.67
156.47
156.34
156.28
156.27
156.31
156.51
156.87
157.40
158.02
158.66
159.21
159.63
159.88
160.02
160.06
160.03
159.95
159.85
159.73
159.61
159.49
159.38
159.28
159.20
159.13
159.00
158.78
158.48
158.14
157.79
157.50
157.29
157.19
157.16
157.18
157.27
157.41
157.59
157.80
158.00
158.15
158.22
158.20
158.12
158.01
158.01
158.15
158.46
158.87
159.32
159.67
159.88
159.93
159.86
159.79
159.77
159.82
159.92
160.04
160.13
160.16
160.11
160.02
159.91
159.80
159.73
159.69
159.68
159.69
159.68
159.66
159.61
159.54
159.46
159.41
159.39
159.41
159.45
159.52
159.58
159.65
159.72
159.78
159.84
159.78
159.59
159.26
158.86
158.43
158.07
157.83
157.73
157.72
157.79
157.87
157.95
158.01
158.05
158.07
158.14
158.26
158.44
158.64
158.86
159.10
159.36
159.63
159.89
160.08
160.18
160.19
160.13
160.03
159.98
160.02
160.15
160.34
160.56
160.72
160.77
160.71
160.58
160.41
160.13
159.75
159.29
158.79
158.29
157.89
157.64
157.53
157.54
157.62
157.75
157.91
158.07
158.24
158.40
158.52
158.58
158.60
158.58
158.53
158.61
158.83
159.20
159.67
160.17
160.65
161.07
161.42
161.69
161.90
161.92
161.73
161.35
160.85
160.37
159.98
159.71
159.53
159.43
159.36
159.31
159.26
159.21
159.16
159.17
159.25
159.40
159.59
159.80
159.85
159.71
159.35
158.87
158.33
157.88
157.57
157.43
157.41
157.49
157.65
157.87
158.14
158.43
158.72
158.96
159.15
159.27
159.34
159.37
159.40
159.44
159.50
159.56
159.63
159.70
159.77
159.82
159.87
159.92
159.98
160.06
160.17
160.29
160.41
160.48
160.47
160.38
160.25
160.07
159.84
159.58
159.31
159.06
158.82
158.61
158.43
158.28
158.16
158.05
157.92
157.78
157.64
157.51
157.39
157.29
157.20
157.13
157.07
157.10
157.24
157.49
157.80
158.13
158.46
158.78
159.06
159.31
159.53
159.65
159.67
159.60
159.46
159.29
159.07
158.82
158.55
158.27
158.02
157.75
157.49
157.22
156.97
156.74
156.65
156.71
156.93
157.25
157.62
158.00
158.38
158.73
159.04
159.32
159.54
159.73
159.87
159.98
159.97
159.85
159.61
159.31
158.97
158.68
158.47
158.35
158.30
158.30
158.34
158.40
158.48
158.56
158.64
158.82
159.12
159.54
160.01
160.51
160.88
161.09
161.13
161.04
160.87
160.52
159.99
159.30
158.53
157.75
157.22
156.99
157.10
157.44
157.92
158.24
158.30
158.06
157.62
157.06
156.65
156.44
156.48
156.70
157.03
157.42
157.83
158.24
158.61
158.85
158.91
158.80
158.57
158.27
158.05
157.95
157.98
158.12
158.31
158.48
158.60
158.66
158.66
158.63
158.60
158.58
158.60
158.63
158.67
158.66
158.59
158.46
158.29
158.10
158.07
158.23
158.60
159.09
159.65
160.03
160.17
160.05
159.75
159.34
158.87
158.39
157.93
157.50
157.12
156.90
156.86
156.99
157.25
157.58
157.86
158.05
158.13
158.12
158.11
158.12
158.18
158.26
158.36
158.41
158.39
158.31
158.18
158.03
157.92
157.87
157.90
157.98
158.09
158.08
157.92
157.60
157.19
156.73
156.39
156.23
156.26
156.43
156.69
157.02
157.39
157.80
158.20
158.58
158.89
159.13
159.29
159.39
159.43
159.47
159.51
159.57
159.63
159.69
159.70
159.64
159.51
159.34
159.15
158.87
158.51
158.07
157.60
157.13
156.82
156.71
156.80
157.04
157.39
157.82
158.29
158.76
159.21
159.65
160.07
160.47
160.83
161.14
161.33
161.38
161.28
161.09
160.85
160.61
160.39
160.22
160.09
159.99
159.81
159.54
159.16
158.73
158.27
157.86
157.52
157.24
157.04
156.90
156.80
156.74
156.72
156.72
156.73
156.73
156.70
156.64
156.57
156.49
156.45
156.49
156.59
156.74
156.91
157.12
157.35
157.60
157.85
158.09
158.33
158.57
158.82
159.06
159.19
159.21
159.11
158.92
158.69
158.54
158.52
158.63
158.84
159.10
159.28
159.33
159.25
159.07
158.83
158.54
158.21
157.87
157.53
157.20
156.97
156.83
156.80
156.84
156.93
157.10
157.35
157.67
158.02
158.36
158.64
158.83
158.92
158.93
158.89
158.79
158.63
158.44
158.22
158.01
157.83
157.70
157.63
157.59
157.59
157.75
158.07
158.56
159.14
159.75
160.17
160.33
160.21
159.91
159.59
159.33
159.19
159.14
159.14
159.14
159.10
159.02
158.90
158.78
158.65
158.52
158.40
158.30
158.21
158.16
158.16
158.21
158.28
158.37
158.41
158.39
158.31
158.18
158.02
157.94
157.95
158.07
158.25
158.48
158.64
158.70
158.65
158.53
158.37
158.18
157.98
157.79
157.62
157.46
157.35
157.30
157.30
157.34
157.40
157.53
157.72
157.98
158.27
158.49
158.60
158.59
158.50
158.36
158.24
158.17
158.16
158.20
158.28
158.31
158.29
158.21
158.09
157.95
157.74
157.48
157.16
156.82
156.49
156.36
156.48
156.86
157.40
158.02
158.57
158.97
159.20
159.30
159.30
159.20
159.03
158.80
158.54
158.28
158.06
157.88
157.77
157.70
157.66
157.58
157.42
157.18
156.90
156.60
156.35
156.19
156.12
156.12
156.16
156.21
156.25
156.26
156.26
156.27
156.30
156.36
156.44
156.52
156.60
156.68
156.76
156.82
156.88
157.03
157.29
157.68
158.12
158.59
159.05
159.47
159.85
160.18
160.45
160.64
160.76
160.80
160.78
160.73
160.52
160.15
159.61
158.99
158.34
157.76
157.28
156.94
156.70
156.54
156.57
156.77
157.14
157.60
158.11
158.62
159.10
159.54
159.93
160.26
160.53
160.74
160.91
161.03
161.11
161.13
161.10
161.03
160.91
160.76
160.57
160.36
160.13
159.92
159.79
159.79
159.90
160.09
160.33
160.45
160.42
160.21
159.90
159.52
159.18
158.90
158.71
158.59
158.53
158.54
158.61
158.74
158.89
159.06
159.17
159.22
159.18
159.10
158.98
158.92
158.95
159.08
159.28
159.51
159.67
159.73
159.68
159.56
159.39
159.17
158.91
158.63
158.34
158.07
157.91
157.86
157.94
158.11
158.33
158.60
158.90
159.23
159.55
159.77
159.87
159.85
159.73
159.55
159.45
159.47
159.61
159.84
160.12
160.33
160.45
160.45
160.38
160.26
159.99
159.60
159.07
158.49
157.89
157.43
157.13
157.02
157.05
157.18
157.36
157.58
157.81
158.03
158.24
158.45
158.67
158.90
159.11
159.31
159.35
159.22
158.90
158.46
157.98
157.50
157.07
156.72
156.43
156.21
156.12
156.17
156.36
156.63
156.89
157.11
157.26
157.35
157.39
157.45
157.55
157.70
157.87
158.06
158.26
158.48
158.72
158.95
159.17
159.35
159.46
159.52
159.53
159.51
159.47
159.41
159.35
159.29
159.23
159.21
159.22
159.27
159.34
159.43
159.39
159.19
158.83
158.37
157.87
157.42
157.05
156.79
156.62
156.52
156.64
156.98
157.54
158.23
158.96
159.53
159.88
159.96
159.87
159.65
159.38
159.10
158.85
158.63
158.44
158.28
158.16
158.06
157.99
157.84
157.57
157.20
156.77
156.32
156.01
155.89
155.97
156.19
156.49
156.81
157.11
157.37
157.59
157.76
157.89
157.99
158.06
158.11
158.13
158.15
158.15
158.14
158.13
158.11
158.17
158.33
158.58
158.89
159.21
159.48
159.68
159.77
159.80
159.78
159.72
159.64
159.55
159.46
159.37
159.26
159.13
158.98
158.82
158.66
158.52
158.39
158.28
158.19
158.11
158.05
158.01
157.98
157.96
157.97
158.02
158.11
158.22
158.34
158.51
158.74
159.02
159.32
159.62
159.83
159.91
159.87
159.74
159.56
159.29
158.96
158.56
158.15
157.75
157.42
157.20
157.09
157.06
157.09
157.16
157.25
157.35
157.46
157.57
157.77
158.09
158.52
159.00
159.51
159.99
160.44
160.83
161.18
161.46
161.63
161.69
161.65
161.52
161.36
161.17
160.97
160.78
160.61
160.46
160.32
160.21
160.12
160.06
160.00
159.97
159.94
159.93
159.92
159.87
159.76
159.59
159.38
159.17
158.98
158.83
158.74
158.69
158.67
158.70
158.78
158.90
159.04
159.19
159.21
159.06
158.74
158.32
157.84
157.46
157.23
157.16
157.21
157.34
157.57
157.89
158.28
158.70
159.12
159.46
159.70
159.83
159.87
159.86
159.81
159.72
159.63
159.53
159.43
159.36
159.34
159.36
159.40
159.36
159.20
158.92
158.57
158.19
157.88
157.69
157.62
157.65
157.74
157.95
158.27
158.70
159.18
159.66
160.02
160.21
160.23
160.13
159.94
159.78
159.70
159.71
159.79
159.91
159.94
159.86
159.65
159.36
159.04
158.78
158.62
158.59
158.64
158.74
158.89
159.05
159.21
159.37
159.51
159.53
159.41
159.14
158.79
158.39
158.09
157.93
157.93
158.03
158.14
158.19
158.16
158.08
157.96
157.91
157.95
158.08
158.28
158.51
158.75
158.98
159.20
159.40
159.57
159.69
159.74
159.74
159.70
159.64
159.53
159.39
159.21
159.03
158.84
158.61
158.34
158.02
157.69
157.37
157.13
156.97
156.92
156.94
157.01
157.22
157.57
158.05
158.60
159.17
159.61
159.89
159.98
159.94
159.81
159.64
159.48
159.34
159.23
159.13
159.14
159.26
159.49
159.78
159.95
159.93
159.71
159.36
158.93
158.56
158.28
158.12
158.06
158.06
158.04
157.95
157.78
157.57
157.34
157.24
157.30
157.55
157.90
158.31
158.72
159.09
159.39
159.64
159.83
159.92
159.91
159.80
159.63
159.42
159.25
159.14
159.12
159.14
159.21
159.27
159.31
159.32
159.32
159.29
159.24
159.14
159.01
158.87
158.73
158.56
158.37
158.16
157.96
157.76
157.56
157.35
157.12
156.91
156.79
156.78
156.90
157.09
157.33
157.61
157.92
158.25
158.58
158.88
159.13
159.31
159.41
159.47
159.48
159.46
159.43
159.38
159.33
159.27
159.27
159.34
159.47
159.65
159.84
160.10
160.40
160.75
161.12
161.48
161.84
162.19
162.54
162.86
163.14
163.20
163.00
162.54
161.93
161.23
160.57
160.00
159.54
159.19
158.94
158.71
158.49
158.25
158.02
157.80
157.68
157.69
157.81
158.02
158.24
158.45
158.63
158.77
158.88
158.94
158.95
158.90
158.82
158.72
158.55
158.33
158.05
157.74
157.43
157.22
157.13
157.16
157.28
157.46
157.67
157.88
158.10
158.29
158.47
158.59
158.66
158.67
158.65
158.59
158.66
158.87
159.24
159.70
160.19
160.61
160.91
161.08
161.13
161.11
161.12
161.18
161.32
161.51
161.73
161.84
161.81
161.65
161.39
161.08
160.78
160.52
160.30
160.14
160.01
159.93
159.87
159.84
159.82
159.90
160.08
160.36
160.70
161.06
161.26
161.25
161.02
160.64
160.18
159.68
159.20
158.74
158.32
157.96
157.76
157.74
157.90
158.18
158.53
158.77
158.86
158.76
158.55
158.27
158.08
158.04
158.17
158.41
158.72
159.05
159.40
159.72
160.02
160.28
160.36
160.26
159.96
159.53
159.05
158.65
158.39
158.30
158.32
158.38
158.42
158.43
158.41
158.38
158.36
158.37
158.41
158.47
158.54
158.59
158.60
158.58
158.53
158.47
158.38
158.25
158.10
157.93
157.76
157.58
157.38
157.16
156.95
156.75
156.62
156.58
156.63
156.73
156.88
157.04
157.20
157.36
157.50
157.63
157.79
158.00
158.25
158.52
158.79
159.12
159.52
159.99
160.47
160.95
161.37
161.71
161.96
162.14
162.26
162.28
162.19
162.02
161.78
161.45
161.01
160.49
159.94
159.40
159.00
158.77
158.73
158.82
159.00
159.21
159.41
159.58
159.73
159.84
159.96
160.08
160.22
160.35
160.48
160.52
160.46
160.28
160.03
159.75
159.43
159.09
158.74
158.40
158.09
157.84
157.66
157.55
157.50
157.49
157.46
157.38
157.26
157.10
156.93
156.87
156.94
157.16
157.46
157.81
158.17
158.52
158.84
159.13
159.38
159.62
159.84
160.06
160.26
160.39
160.44
160.39
160.28
160.14
159.92
159.64
159.31
158.95
158.59
158.28
158.04
157.86
157.75
157.68
157.63
157.57
157.50
157.42
157.34
157.30
157.29
157.32
157.38
157.46
157.51
157.53
157.52
157.49
157.44
157.43
157.48
157.60
157.76
157.94
158.17
158.46
158.80
159.15
159.50
159.80
160.03
160.19
160.29
160.35
160.26
160.03
159.65
159.19
158.69
158.20
157.74
157.33
156.96
156.74
156.66
156.73
156.90
157.13
157.34
157.50
157.58
157.61
157.59
157.68
157.91
158.29
158.75
159.25
159.67
159.96
160.12
160.17
160.14
160.14
160.20
160.34
160.52
160.73
160.84
160.82
160.65
160.39
160.08
159.81
159.60
159.47
159.41
159.40
159.51
159.73
160.06
160.45
160.85
161.17
161.38
161.44
161.42
161.32
161.07
160.68
160.16
159.57
158.97
158.55
158.36
158.42
158.65
158.94
159.23
159.47
159.67
159.82
159.89
159.86
159.74
159.57
159.36
159.11
158.84
158.55
158.27
158.00
157.76
157.55
157.37
157.23
157.12
157.09
157.14
157.28
157.46
157.68
157.98
158.36
158.83
159.32
159.81
160.25
160.60
160.88
161.07
161.21
161.16
160.91
160.48
159.94
159.34
158.86
158.53
158.37
158.35
158.42
158.50
158.56
158.57
158.55
158.64
158.86
159.25
159.71
160.22
160.58
160.77
160.75
160.59
160.34
160.10
159.89
159.75
159.67
159.63
159.46
159.13
158.62
158.02
157.39
156.92
156.68
156.68
156.87
157.16
157.52
157.90
158.29
158.64
158.97
159.12
159.07
158.82
158.44
157.99
157.75
157.80
158.17
158.73
159.41
160.00
160.43
160.65
160.72
160.67
160.58
160.47
160.37
160.27
160.20
160.08
159.91
159.69
159.45
159.22
159.04
158.91
158.83
158.78
158.67
158.50
158.24
157.94
157.63
157.37
157.20
157.13
157.12
157.16
157.32
157.58
157.95
158.37
158.81
159.26
159.70
160.14
160.55
160.91
161.14
161.23
161.17
161.01
160.80
160.52
160.21
159.87
159.53
159.22
159.01
158.93
158.98
159.13
159.33
159.54
159.72
159.86
159.97
160.04
160.07
160.04
159.97
159.86
159.75
159.62
159.50
159.39
159.29
159.21
159.14
159.08
159.04
159.00
158.95
158.88
158.78
158.67
158.56
158.48
158.43
158.43
158.46
158.51
158.49
158.39
158.19
157.93
157.64
157.44
157.33
157.35
157.45
157.61
157.76
157.90
158.00
158.07
158.11
158.22
158.40
158.67
158.98
159.31
159.55
159.67
159.67
159.58
159.43
159.17
158.81
158.35
157.85
157.34
156.95
156.68
156.57
156.57
156.64
156.77
156.92
157.08
157.25
157.38
157.46
157.50
157.49
157.46
157.58
157.87
158.35
158.93
159.56
160.10
160.52
160.78
160.92
160.97
160.96
160.89
160.80
160.70
160.58
160.45
160.29
160.11
159.92
159.74
159.58
159.43
159.30
159.20
159.12
159.05
159.00
158.97
158.95
158.93
158.96
159.01
159.11
159.22
159.34
159.38
159.32
159.15
158.92
158.66
158.46
158.37
158.39
158.49
158.64
158.74
158.76
158.68
158.53
158.40
158.31
158.29
158.31
158.36
158.46
158.59
158.77
158.95
159.14
159.37
159.64
159.96
160.29
160.62
160.87
161.02
161.07
161.05
160.98
160.75
160.34
159.77
159.12
158.44
157.83
157.34
156.97
156.72
156.55
156.52
156.60
156.78
157.03
157.31
157.62
157.95
158.30
158.63
158.93
159.23
159.52
159.80
160.06
160.30
160.45
160.50
160.46
160.35
160.09
159.70
159.17
158.57
157.97
157.46
157.10
156.89
156.80
156.81
156.90
157.07
157.28
157.53
157.78
158.07
158.41
158.78
159.16
159.53
159.89
160.24
160.58
160.90
161.18
161.39
161.53
161.60
161.62
161.60
161.58
161.58
161.59
161.63
161.67
161.56
161.27
160.78
160.18
159.54
158.98
158.55
158.27
158.11
158.05
158.03
158.03
158.03
158.02
158.02
158.12
158.35
158.70
159.13
159.55
159.94
160.27
160.54
160.75
160.86
160.86
160.77
160.61
160.41
160.22
160.06
159.95
159.87
159.82
159.64
159.29
158.76
158.14
157.48
157.02
156.81
156.90
157.17
157.57
157.93
158.18
158.29
158.30
158.24
158.24
158.33
158.54
158.82
159.13
159.39
159.58
159.68
159.72
159.71
159.69
159.68
159.68
159.71
159.74
159.75
159.73
159.68
159.60
159.52
159.43
159.35
159.27
159.20
159.17
159.18
159.23
159.31
159.40
159.52
159.67
159.85
160.03
160.21
160.36
160.45
160.49
160.50
160.47
160.32
160.04
159.63
159.14
158.64
158.22
157.93
157.78
157.75
157.79
157.88
158.01
158.15
158.29
158.43
158.56
158.67
158.77
158.85
158.91
158.88
158.75
158.51
158.20
157.87
157.65
157.56
157.63
157.81
158.05
158.30
158.52
158.70
158.84
158.95
159.01
159.00
158.95
158.86
158.77
158.72
158.69
158.69
158.70
158.68
158.59
158.45
158.28
158.08
157.92
157.79
157.71
157.68
157.67
157.70
157.79
157.91
158.05
158.20
158.30
158.32
158.27
158.16
158.03
157.96
157.98
158.10
158.29
158.51
158.66
158.72
158.67
158.55
158.38
158.29
158.32
158.49
158.74
159.03
159.29
159.49
159.59
159.64
159.64
159.55
159.37
159.13
158.84
158.67
158.67
158.84
159.13
159.49
159.71
159.75
159.58
159.27
158.87
158.44
158.01
157.60
157.23
156.90
156.70
156.65
156.74
156.92
157.16
157.45
157.78
158.13
158.47
158.79
159.08
159.34
159.55
159.72
159.86
159.88
159.78
159.57
159.28
158.95
158.67
158.47
158.35
158.31
158.31
158.30
158.25
158.14
158.01
157.86
157.82
157.91
158.13
158.44
158.80
159.11
159.35
159.50
159.58
159.58
159.50
159.37
159.21
159.03
158.84
158.67
158.52
158.38
158.26
158.19
158.17
158.21
158.27
158.35
158.45
158.54
158.63
158.72
158.79
158.83
158.82
158.77
158.70
158.61
158.54
158.50
158.50
158.53
158.57
158.57
158.52
158.40
158.24
158.06
157.88
157.70
157.54
157.40
157.28
157.24
157.27
157.39
157.56
157.75
157.96
158.15
158.34
158.50
158.64
158.68
158.61
158.41
158.15
157.93
157.79
157.76
157.81
157.90
158.00
158.08
158.13
158.16
158.18
158.20
158.25
158.32
158.41
158.50
158.49
158.35
158.07
157.71
157.31
157.01
156.86
156.87
156.99
157.18
157.41
157.65
157.90
158.13
158.34
158.44
158.42
158.28
158.06
157.79
157.56
157.40
157.32
157.30
157.32
157.34
157.36
157.35
157.32
157.29
157.33
157.46
157.69
157.97
158.28
158.53
158.71
158.79
158.81
158.81
158.80
158.81
158.82
158.84
158.84
158.80
158.74
158.65
158.55
158.46
158.37
158.28
158.21
158.15
158.12
158.14
158.19
158.28
158.37
158.50
158.66
158.84
159.03
159.21
159.33
159.37
159.32
159.22
159.08
158.95
158.85
158.79
158.76
158.75
158.68
158.52
158.28
157.99
157.67
157.45
157.33
157.34
157.43
157.58
157.82
158.12
158.49
158.89
159.17
159.30
159.27
159.13
158.92
158.72
158.57
158.49
158.46
158.46
158.44
158.38
158.26
158.11
157.95
157.75
157.54
157.30
157.07
156.85
156.65
156.48
156.33
156.21
156.11
156.09
156.15
156.29
156.48
156.70
156.92
157.13
157.33
157.50
157.65
157.72
157.70
157.60
157.44
157.25
157.11
157.03
157.02
157.07
157.16
157.23
157.29
157.31
157.31
157.29
157.43
157.74
158.24
158.84
159.33
159.62
159.69
159.59
159.39
159.12
158.81
158.50
158.20
157.93
157.77
157.74
157.83
158.02
158.25
158.43
158.52
158.50
158.41
158.27
158.21
158.26
158.44
158.71
159.02
159.26
159.40
159.43
159.37
159.25
159.21
159.28
159.47
159.74
160.05
160.32
160.52
160.63
160.67
160.67
160.63
160.57
160.49
160.42
160.34
160.27
160.20
160.15
160.10
160.06
159.98
159.84
159.65
159.42
159.16
158.88
158.58
158.28
158.01
157.79
157.63
157.54
157.50
157.50
157.50
157.49
157.45
157.40
157.35
157.40
157.57
157.87
158.26
158.67
159.03
159.31
159.49
159.59
159.62
159.59
159.50
159.35
159.17
158.99
158.75
158.47
158.13
157.79
157.45
157.16
156.94
156.78
156.69
156.64
156.70
156.88
157.18
157.53
157.91
158.24
158.48
158.63
158.69
158.68
158.59
158.44
158.26
158.07
157.88
157.69
157.53
157.39
157.26
157.25
157.34
157.55
157.82
158.13
158.45
158.76
159.04
159.28
159.50
159.59
159.56
159.40
159.16
158.88
158.61
158.37
158.18
158.04
157.94
157.85
157.75
157.64
157.53
157.43
157.33
157.24
157.17
157.11
157.06
157.19
157.50
158.02
158.65
159.32
159.91
160.36
160.67
160.84
160.92
160.98
161.05
161.15
161.26
161.36
161.42
161.44
161.43
161.40
161.33
161.22
161.08
160.93
160.77
160.62
160.48
160.35
160.25
160.16
160.06
159.95
159.82
159.69
159.56
159.33
158.99
158.54
158.04
157.52
157.10
156.82
156.68
156.66
156.71
156.87
157.13
157.46
157.82
158.20
158.48
158.63
158.65
158.58
158.45
158.33
158.25
158.24
158.27
158.33
158.44
158.58
158.76
158.95
159.14
159.32
159.48
159.62
159.74
159.78
159.75
159.63
159.46
159.26
159.08
158.94
158.84
158.78
158.75
158.69
158.58
158.42
158.24
158.04
157.90
157.83
157.85
157.92
158.03
158.08
158.04
157.90
157.71
157.48
157.29
157.17
157.13
157.15
157.21
157.29
157.39
157.49
157.59
157.68
157.84
158.08
158.40
158.77
159.15
159.43
159.59
159.62
159.55
159.42
159.26
159.07
158.89
158.71
158.55
158.38
158.20
158.01
157.82
157.67
157.57
157.53
157.52
157.54
157.63
157.80
158.03
158.30
158.58
158.69
158.60
158.29
157.84
157.32
156.91
156.67
156.63
156.73
156.91
157.10
157.26
157.35
157.40
157.41
157.45
157.54
157.67
157.84
158.02
158.22
158.45
158.69
158.93
159.15
159.30
159.36
159.33
159.24
159.11
159.01
158.97
159.00
159.07
159.17
159.20
159.15
159.00
158.78
158.54
158.28
158.04
157.81
157.61
157.48
157.45
157.51
157.64
157.80
158.00
158.23
158.49
158.75
159.01
159.13
159.10
158.91
158.63
158.29
158.03
157.91
157.93
158.06
158.25
158.40
158.47
158.44
158.34
158.20
158.06
157.95
157.88
157.83
157.81
157.77
157.72
157.65
157.56
157.47
157.44
157.47
157.57
157.72
157.89
157.99
158.00
157.89
157.72
157.51
157.41
157.47
157.70
158.03
158.40
158.76
159.07
159.35
159.57
159.72
159.81
159.82
159.79
159.72
159.58
159.38
159.10
158.80
158.49
158.22
158.01
157.86
157.76
157.70
157.65
157.60
157.53
157.45
157.37
157.43
157.65
158.03
158.51
159.04
159.48
159.81
160.00
160.07
160.07
159.96
159.75
159.45
159.11
158.77
158.45
158.20
158.01
157.87
157.79
157.74
157.72
157.72
157.73
157.76
157.79
157.82
157.85
157.88
157.94
158.02
158.13
158.25
158.38
158.50
158.61
158.71
158.80
158.87
158.92
158.97
159.00
159.02
159.04
158.99
158.88
158.70
158.49
158.26
158.11
158.06
158.14
158.29
158.48
158.65
158.76
158.79
158.78
158.72
158.67
158.64
158.64
158.66
158.69
158.75
158.85
158.98
159.13
159.28
159.31
159.21
158.97
158.65
158.28
157.95
157.69
157.53
157.44
157.44
157.50
157.63
157.79
157.97
158.10
158.15
158.13
158.06
157.95
157.85
157.77
157.73
157.71
157.72
157.77
157.85
157.97
158.11
158.26
158.50
158.87
159.34
159.87
160.40
160.81
161.06
161.12
161.05
160.89
160.59
160.18
159.67
159.12
158.56
158.06
157.64
157.31
157.07
156.89
156.77
156.70
156.67
156.66
156.68
156.73
156.82
156.95
157.10
157.25
157.42
157.61
157.82
158.03
158.17
158.24
158.22
158.14
158.02
157.94
157.91
157.95
158.03
158.14
158.29
158.48
158.69
158.90
159.11
159.25
159.31
159.28
159.20
159.07
158.98
158.94
158.97
159.05
159.15
159.16
159.06
158.82
158.50
158.14
157.89
157.77
157.80
157.94
158.15
158.37
158.57
158.73
158.86
158.96
158.98
158.91
158.76
158.56
158.34
158.19
158.15
158.21
158.35
158.54
158.70
158.80
158.82
158.80
158.76
158.74
158.74
158.75
158.77
158.88
159.08
159.38
159.73
160.09
160.37
160.53
160.56
160.50
160.38
160.22
160.04
159.86
159.69
159.53
159.45
159.44
159.52
159.66
159.83
159.92
159.93
159.83
159.67
159.46
159.21
158.93
158.63
158.34
158.06
157.80
157.58
157.40
157.25
157.13
156.96
156.72
156.41
156.06
155.71
155.56
155.65
156.00
156.51
157.05
157.57
158.00
158.36
158.65
158.87
159.03
159.14
159.21
159.25
159.31
159.42
159.59
159.78
159.97
160.09
160.09
159.99
159.81
159.58
159.34
159.10
158.87
158.67
158.49
158.28
158.04
157.77
157.48
157.20
156.96
156.79
156.67
156.61
156.59
156.68
156.88
157.18
157.55
157.93
158.34
158.76
159.17
159.55
159.90
160.20
160.46
160.67
160.83
160.95
160.99
160.93
160.79
160.60
160.37
160.15
159.92
159.72
159.54
159.38
159.25
159.15
159.07
159.01
158.99
159.02
159.09
159.19
159.30
159.45
159.62
159.81
160.01
160.20
160.30
160.28
160.15
159.94
159.69
159.43
159.17
158.92
158.70
158.51
158.45
158.55
158.80
159.15
159.55
159.85
160.01
160.02
159.92
159.75
159.51
159.21
158.89
158.57
158.25
157.99
157.80
157.67
157.60
157.57
157.58
157.60
157.64
157.69
157.71
157.70
157.66
157.59
157.51
157.51
157.60
157.80
158.05
158.33
158.62
158.89
159.14
159.36
159.55
159.60
159.50
159.24
158.88
158.48
158.04
157.58
157.12
156.69
156.29
156.10
156.16
156.45
156.90
157.43
157.89
158.22
158.38
158.42
158.38
158.35
158.38
158.49
158.64
158.82
158.96
159.03
159.03
158.97
158.88
158.74
158.56
158.35
158.14
157.92
157.80
157.80
157.91
158.10
158.20
158.17
157.98
157.68
157.33
157.10
157.02
157.13
157.35
157.65
157.94
158.16
158.32
158.40
158.45
158.45
158.43
158.39
158.35
158.29
158.32
158.44
158.67
158.95
159.25
159.59
159.94
160.29
160.64
160.95
161.22
161.46
161.65
161.80
161.92
161.93
161.82
161.59
161.29
160.96
160.73
160.63
160.70
160.86
161.09
161.28
161.38
161.37
161.30
161.17
161.03
160.87
160.71
160.56
160.40
160.23
160.04
159.85
159.68
159.44
159.12
158.74
158.32
157.91
157.59
157.41
157.36
157.42
157.54
157.71
157.89
158.08
158.26
158.43
158.47
158.37
158.11
157.77
157.38
157.06
156.85
156.76
156.76
156.83
157.00
157.25
157.57
157.92
158.28
158.68
159.11
159.57
160.01
160.44
160.68
160.72
160.55
160.24
159.85
159.51
159.25
159.11
159.06
159.00
158.88
158.71
158.49
158.26
158.13
158.15
158.31
158.57
158.88
159.13
159.28
159.32
159.28
159.18
159.11
159.07
159.10
159.16
159.25
159.33
159.38
159.40
159.38
159.36
159.34
159.36
159.40
159.46
159.54
159.61
159.69
159.75
159.81
159.87
159.89
159.86
159.80
159.72
159.62
159.49
159.33
159.15
158.96
158.78
158.58
158.37
158.15
157.94
157.74
157.50
157.23
156.92
156.60
156.35
156.18
156.10
156.09
156.14
156.27
156.48
156.76
157.08
157.41
157.72
158.01
158.26
158.48
158.66
158.83
159.00
159.17
159.34
159.49
159.62
159.74
159.83
159.90
159.96
160.03
160.12
160.23
160.34
160.46
160.44
160.25
159.89
159.43
158.93
158.50
158.18
158.01
157.94
157.94
157.98
158.02
158.04
158.06
158.07
158.12
158.24
158.41
158.61
158.81
158.97
159.08
159.15
159.20
159.19
159.14
159.04
158.91
158.78
158.67
158.59
158.56
158.57
158.59
158.55
158.43
158.21
157.94
157.65
157.41
157.24
157.17
157.16
157.20
157.24
157.28
157.28
157.27
157.25
157.17
157.02
156.81
156.57
156.31
156.20
156.25
156.49
156.85
157.26
157.62
157.88
158.01
158.05
158.03
157.98
157.93
157.90
157.89
157.88
157.83
157.73
157.56
157.36
157.23
157.19
157.26
157.40
157.59
157.76
157.91
158.03
158.10
158.15
158.09
157.93
157.66
157.33
156.97
156.69
156.53
156.50
156.55
156.67
156.82
156.99
157.16
157.33
157.48
157.59
157.65
157.65
157.62
157.57
157.58
157.68
157.87
158.12
158.39
158.75
159.19
159.70
160.23
160.76
161.16
161.43
161.53
161.53
161.44
161.30
161.14
160.96
160.78
160.62
160.47
160.34
160.23
160.14
160.13
160.19
160.33
160.52
160.73
160.76
160.56
160.13
159.55
158.90
158.29
157.77
157.36
157.06
156.84
156.72
156.70
156.75
156.85
156.98
157.13
157.28
157.42
157.56
157.67
157.77
157.85
157.92
157.97
158.00
158.03
158.05
158.05
158.06
158.06
158.08
158.13
158.22
158.32
158.42
158.58
158.80
159.06
159.35
159.65
159.90
160.09
160.22
160.30
160.34
160.35
160.34
160.31
160.28
160.13
159.86
159.47
159.00
158.52
158.07
157.69
157.38
157.15
156.97
156.85
156.78
156.74
156.72
156.73
156.74
156.77
156.80
156.83
156.86
156.84
156.75
156.60
156.40
156.19
156.14
156.28
156.64
157.12
157.66
158.09
158.34
158.39
158.30
158.12
157.87
157.60
157.33
157.06
156.82
156.69
156.68
156.79
156.99
157.24
157.46
157.61
157.68
157.70
157.67
157.62
157.55
157.47
157.39
157.36
157.41
157.52
157.68
157.87
158.06
158.24
158.41
158.56
158.69
158.71
158.63
158.43
158.16
157.85
157.65
157.57
157.65
157.83
158.08
158.35
158.63
158.90
159.15
159.36
159.55
159.71
159.83
159.93
160.00
160.02
160.00
159.93
159.83
159.71
159.54
159.31
159.03
158.72
158.41
158.18
158.03
157.97
157.99
158.06
158.13
158.18
158.21
158.22
158.32
158.54
158.87
159.27
159.70
159.94
159.93
159.66
159.23
158.70
158.13
157.56
157.02
156.54
156.12
155.90
155.90
156.12
156.48
156.92
157.42
157.94
158.48
158.99
159.45
159.70
159.70
159.45
159.04
158.54
158.13
157.87
157.81
157.88
158.04
158.21
158.34
158.42
158.45
158.44
158.44
158.46
158.50
158.56
158.62
158.68
158.74
158.80
158.85
158.90
158.88
158.79
158.64
158.44
158.25
158.09
157.98
157.90
157.85
157.77
157.64
157.47
157.27
157.06
156.91
156.84
156.85
156.92
157.02
157.15
157.28
157.42
157.54
157.65
157.72
157.75
157.72
157.67
157.59
157.56
157.59
157.69
157.82
157.98
158.15
158.31
158.46
158.59
158.71
158.78
158.80
158.77
158.71
158.63
158.62
158.70
158.88
159.12
159.39
159.61
159.76
159.82
159.82
159.78
159.71
159.62
159.52
159.43
159.34
159.26
159.19
159.13
159.08
158.96
158.76
158.47
158.14
157.79
157.42
157.05
156.68
156.33
156.01
155.79
155.67
155.66
155.72
155.84
155.95
156.05
156.11
156.15
156.17
156.20
156.25
156.33
156.42
156.51
156.66
156.86
157.11
157.39
157.67
157.97
158.27
158.57
158.86
159.13
159.25
159.22
159.02
158.73
158.37
158.08
157.88
157.80
157.81
157.91
158.07
158.29
158.54
158.79
158.92
158.91
158.75
158.49
158.17
158.02
158.09
158.40
158.86
159.41
159.79
159.96
159.86
159.58
159.20
158.87
158.64
158.55
158.57
158.66
158.79
158.95
159.12
159.28
159.44
159.44
159.27
158.93
158.47
157.97
157.51
157.14
156.87
156.69
156.58
156.60
156.76
157.04
157.40
157.79
158.16
158.47
158.72
158.91
159.04
159.03
158.86
158.53
158.12
157.84
157.78
157.96
158.31
158.75
159.12
159.37
159.48
159.48
159.39
159.34
159.35
159.45
159.60
159.78
159.95
160.08
160.17
160.22
160.24
160.22
160.15
160.05
159.91
159.77
159.66
159.58
159.55
159.56
159.58
159.54
159.42
159.20
158.93
158.64
158.35
158.07
157.82
157.60
157.41
157.29
157.22
157.22
157.26
157.33
157.41
157.50
157.59
157.67
157.72
157.73
157.70
157.64
157.57
157.59
157.73
158.01
158.36
158.75
159.14
159.52
159.86
160.16
160.42
160.52
160.46
160.23
159.90
159.51
159.18
158.96
158.86
158.85
158.90
159.00
159.12
159.25
159.38
159.51
159.52
159.39
159.12
158.76
158.36
158.09
157.99
158.08
158.30
158.60
158.93
159.28
159.61
159.92
160.20
160.33
160.29
160.09
159.79
159.42
159.01
158.58
158.13
157.71
157.35
157.06
156.86
156.72
156.64
156.63
156.69
156.79
156.93
157.09
157.24
157.39
157.53
157.65
157.76
157.84
157.91
157.96
158.00
158.03
158.02
157.97
157.89
157.78
157.66
157.52
157.35
157.16
156.96
156.78
156.60
156.45
156.32
156.21
156.12
156.16
156.34
156.66
157.06
157.50
157.84
158.03
158.05
157.96
157.79
157.60
157.43
157.28
157.16
157.07
156.98
156.87
156.75
156.63
156.56
156.56
156.64
156.77
156.92
157.14
157.42
157.76
158.11
158.46
158.79
159.08
159.34
159.55
159.72
159.75
159.63
159.35
158.97
158.55
158.30
158.29
158.53
158.94
159.44
159.85
160.10
160.17
160.10
159.94
159.78
159.65
159.58
159.55
159.55
159.53
159.45
159.32
159.16
158.99
158.84
158.73
158.67
158.64
158.64
158.69
158.78
158.91
159.05
159.24
159.44
159.67
159.90
160.12
160.22
160.17
159.96
159.66
159.30
158.96
158.65
158.40
158.21
158.06
157.95
157.88
157.83
157.81
157.81
157.84
157.91
158.02
158.15
158.28
158.44
158.63
158.83
159.03
159.22
159.38
159.47
159.52
159.52
159.50
159.40
159.23
158.99
158.72
158.43
158.16
157.90
157.68
157.48
157.32
157.27
157.34
157.53
157.80
158.10
158.31
158.38
158.31
158.13
157.98
157.88
157.88
157.93
158.03
158.09
158.11
158.06
157.97
157.85
157.78
157.77
157.82
157.93
158.06
158.14
158.17
158.13
158.04
157.92
157.84
157.82
157.87
157.96
158.08
158.25
158.44
158.66
158.88
159.10
159.27
159.39
159.46
159.48
159.47
159.43
159.39
159.33
159.28
159.23
159.15
159.05
158.92
158.78
158.64
158.43
158.14
157.77
157.36
156.95
156.69
156.61
156.75
157.01
157.20
157.24
157.09
156.82
156.49
156.22
156.08
156.08
156.19
156.36
156.59
156.87
157.18
157.49
157.79
157.99
158.06
158.00
157.85
157.65
157.47
157.35
157.30
157.30
157.34
157.35
157.31
157.21
157.08
156.93
156.83
156.79
156.83
156.92
157.04
157.23
157.49
157.80
158.13
158.47
158.73
158.91
158.98
158.98
158.92
158.94
159.07
159.31
159.63
159.89
160.07
160.14
160.13
160.06
159.87
159.58
159.18
158.73
158.27
157.82
157.41
157.05
156.74
156.49
156.36
156.37
156.52
156.76
157.04
157.19
157.15
156.90
156.51
156.05
155.68
155.43
155.34
155.37
155.47
155.66
155.90
156.18
156.47
156.76
157.05
157.35
157.65
157.93
158.18
158.46
158.76
159.09
159.42
159.74
160.01
160.20
160.33
160.40
160.43
160.48
160.57
160.71
160.88
160.97
160.98
160.87
160.70
160.49
160.23
159.95
159.64
159.34
159.06
158.78
158.50
158.23
157.97
157.73
157.58
157.53
157.57
157.67
157.82
157.93
157.98
157.97
157.91
157.81
157.71
157.59
157.48
157.38
157.29
157.26
157.31
157.43
157.60
157.80
158.05
158.36
158.72
159.09
159.45
159.68
159.75
159.66
159.45
159.17
158.86
158.54
158.24
157.96
157.71
157.53
157.41
157.36
157.36
157.47
157.70
158.04
158.43
158.84
159.22
159.54
159.79
159.98
160.11
160.22
160.33
160.44
160.55
160.65
160.71
160.73
160.70
160.65
160.57
160.41
160.16
159.81
159.41
159.01
158.67
158.42
158.28
158.22
158.22
158.26
158.33
158.41
158.50
158.59
158.68
158.75
158.82
158.88
158.92
159.01
159.16
159.35
159.58
159.82
160.02
160.17
160.27
160.32
160.34
160.29
160.15
159.94
159.69
159.40
159.08
158.74
158.41
158.11
157.97
158.02
158.27
158.64
159.08
159.52
159.92
160.26
160.53
160.75
160.84
160.79
160.60
160.33
160.02
159.80
159.71
159.77
159.93
160.15
160.30
160.34
160.23
160.04
159.80
159.59
159.44
159.36
159.34
159.36
159.41
159.47
159.55
159.62
159.70
159.69
159.57
159.36
159.08
158.77
158.47
158.17
157.90
157.66
157.49
157.38
157.34
157.34
157.38
157.44
157.51
157.59
157.67
157.74
157.80
157.86
157.90
157.94
157.97
157.99
158.01
158.02
158.03
158.03
158.11
158.28
158.55
158.86
159.20
159.48
159.67
159.78
159.81
159.78
159.70
159.56
159.38
159.18
158.98
158.73
158.44
158.10
157.76
157.42
157.16
157.00
156.94
156.95
157.02
157.09
157.15
157.18
157.19
157.19
157.21
157.25
157.32
157.40
157.55
157.75
158.02
158.31
158.60
158.94
159.31
159.71
160.12
160.50
160.72
160.74
160.55
160.23
159.83
159.41
158.98
158.57
158.20
157.88
157.68
157.63
157.72
157.91
158.15
158.39
158.61
158.78
158.91
159.01
159.00
158.87
158.62
158.31
157.97
157.71
157.55
157.52
157.58
157.69
157.87
158.09
158.35
158.62
158.89
159.13
159.35
159.53
159.69
159.82
159.83
159.74
159.52
159.23
158.94
158.67
158.45
158.27
158.13
158.05
158.03
158.07
158.15
158.25
158.30
158.30
158.23
158.11
157.97
157.90
157.92
158.05
158.24
158.47
158.64
158.70
158.66
158.54
158.37
158.21
158.07
157.97
157.90
157.86
157.89
158.00
158.18
158.40
158.65
159.02
159.54
160.19
160.91
161.63
162.18
162.52
162.62
162.55
162.36
162.11
161.82
161.52
161.22
160.95
160.69
160.42
160.16
159.92
159.64
159.34
159.00
158.65
158.32
158.05
157.84
157.70
157.62
157.58
157.61
157.69
157.81
157.96
158.12
158.39
158.77
159.26
159.81
160.36
160.81
161.12
161.28
161.32
161.28
161.16
160.97
160.73
160.47
160.21
159.86
159.40
158.85
158.26
157.67
157.24
157.03
157.04
157.20
157.46
157.81
158.21
158.64
159.07
159.47
159.81
160.07
160.25
160.36
160.42
160.44
160.43
160.40
160.36
160.28
160.17
160.03
159.88
159.73
159.61
159.53
159.50
159.51
159.54
159.61
159.73
159.87
160.03
160.20
160.31
160.34
160.29
160.18
160.05
159.90
159.74
159.59
159.46
159.34
159.19
158.99
158.74
158.48
158.21
158.01
157.90
157.88
157.93
158.02
158.11
158.18
158.22
158.23
158.23
158.22
158.20
158.17
158.14
158.12
158.04
157.90
157.71
157.48
157.32
157.25
157.30
157.43
157.60
157.77
157.91
158.02
158.09
158.14
158.19
158.26
158.34
158.44
158.53
158.57
158.54
158.44
158.29
158.12
157.88
157.59
157.25
156.89
156.53
156.26
156.08
156.00
156.00
156.05
156.17
156.33
156.54
156.76
156.98
157.19
157.38
157.55
157.69
157.80
157.81
157.71
157.50
157.21
156.89
156.68
156.59
156.67
156.84
157.08
157.29
157.46
157.55
157.58
157.65
157.79
158.00
158.26
158.53
158.69
158.72
158.59
158.36
158.07
157.87
157.79
157.85
158.00
158.22
158.47
158.72
158.97
159.20
159.40
159.57
159.72
159.84
159.93
159.99
160.04
160.07
160.09
160.10
160.10
160.09
160.08
160.07
160.06
160.05
159.91
159.61
159.16
158.62
158.04
157.67
157.54
157.69
158.03
158.47
158.87
159.15
159.29
159.32
159.27
159.19
159.11
159.05
159.01
158.89
158.70
158.42
158.10
157.76
157.50
157.37
157.36
157.44
157.58
157.68
157.69
157.61
157.47
157.29
157.13
156.99
156.89
156.83
156.80
156.76
156.70
156.63
156.54
156.45
156.44
156.54
156.73
156.99
157.28
157.55
157.77
157.94
158.06
158.15
158.20
158.22
158.23
158.22
158.20
158.23
158.32
158.47
158.66
158.86
158.96
158.92
158.74
158.47
158.20
157.97
157.81
157.71
157.66
157.56
157.39
157.15
156.86
156.56
156.40
156.41
156.61
156.94
157.33
157.69
157.99
158.19
158.33
158.41
158.52
158.69
158.94
159.22
159.51
159.82
160.14
160.47
160.78
161.06
161.23
161.26
161.17
160.99
160.76
160.44
160.07
159.64
159.20
158.78
158.41
158.12
157.90
157.76
157.67
157.66
157.70
157.81
157.94
158.09
158.27
158.48
158.70
158.93
159.04
159.01
158.83
158.55
158.21
157.94
157.77
157.71
157.74
157.83
157.93
158.01
158.07
158.11
158.13
158.17
158.22
158.30
158.39
158.49
158.61
158.76
158.93
159.11
159.28
159.30
159.16
158.83
158.40
157.92
157.53
157.28
157.20
157.24
157.36
157.56
157.82
158.11
158.42
158.72
159.03
159.34
159.64
159.92
160.18
160.43
160.68
160.92
161.15
161.36
161.48
161.52
161.46
161.34
161.13
160.85
160.50
160.11
159.73
159.43
159.22
159.11
159.09
159.12
159.08
158.94
158.69
158.36
158.01
157.74
157.57
157.54
157.59
157.70
157.76
157.76
157.66
157.50
157.31
157.11
156.90
156.71
156.54
156.39
156.40
156.59
156.95
157.42
157.95
158.37
158.64
158.75
158.73
158.62
158.52
158.44
158.42
158.43
158.47
158.50
158.51
158.49
158.45
158.42
158.42
158.45
158.50
158.56
158.63
158.70
158.76
158.82
158.87
158.96
159.11
159.32
159.55
159.79
159.95
159.99
159.91
159.76
159.56
159.38
159.27
159.23
159.24
159.29
159.36
159.45
159.54
159.62
159.70
159.75
159.76
159.72
159.66
159.58
159.44
159.23
158.97
158.68
158.39
158.17
158.03
157.98
158.00
158.07
158.20
158.37
158.57
158.79
159.01
159.22
159.41
159.57
159.71
159.84
159.99
160.15
160.30
160.45
160.52
160.52
160.44
160.31
160.15
159.97
159.79
159.63
159.48
159.35
159.19
158.98
158.73
158.46
158.20
157.98
157.81
157.70
157.64
157.62
157.57
157.48
157.33
157.16
156.98
156.96
157.14
157.52
158.03
158.59
158.96
159.06
158.86
158.46
157.94
157.47
157.12
156.92
156.84
156.84
156.99
157.26
157.66
158.11
158.58
159.10
159.64
160.20
160.74
161.19
161.52
161.72
161.83
161.85
161.70
161.35
160.82
160.19
159.52
159.06
158.85
158.92
159.19
159.58
159.88
160.02
159.95
159.75
159.46
159.20
159.03
158.95
158.96
159.02
159.14
159.31
159.52
159.75
159.97
160.05
159.96
159.68
159.29
158.84
158.51
158.34
158.36
158.52
158.77
159.03
159.28
159.49
159.67
159.81
159.92
160.00
160.06
160.09
160.11
160.10
160.04
159.94
159.82
159.70
159.57
159.45
159.35
159.25
159.17
159.11
159.06
159.02
158.99
158.92
158.79
158.61
158.39
158.17
158.03
157.99
158.08
158.24
158.45
158.60
158.65
158.61
158.49
158.32
158.14
157.95
157.77
157.60
157.44
157.37
157.38
157.47
157.61
157.79
158.11
158.59
159.21
159.90
160.60
161.04
161.14
160.88
160.39
159.75
159.22
158.85
158.71
158.74
158.69
158.50
158.12
157.64
157.11
156.62
156.22
155.93
155.73
155.60
155.53
155.51
155.52
155.55
155.60
155.76
156.05
156.46
156.94
157.44
157.84
158.12
158.26
158.29
158.24
158.19
158.17
158.21
158.27
158.36
158.45
158.55
158.64
158.72
158.79
158.83
158.82
158.77
158.70
158.61
158.54
158.50
158.50
158.53
158.57
158.71
158.94
159.26
159.64
160.02
160.24
160.25
160.02
159.65
159.33
159.13
159.09
159.16
159.31
159.48
159.64
159.77
159.87
159.95
159.93
159.80
159.56
159.25
158.92
158.71
158.68
158.83
159.11
159.46
159.68
159.72
159.54
159.23
158.84
158.45
158.08
157.76
157.50
157.29
157.12
157.00
156.92
156.86
156.83
156.90
157.07
157.35
157.69
158.04
158.40
158.74
159.04
159.30
159.52
159.54
159.34
158.92
158.35
157.73
157.22
156.90
156.78
156.82
156.99
157.25
157.59
157.95
158.31
158.66
158.97
159.25
159.48
159.67
159.82
159.94
160.02
160.08
160.12
160.08
159.97
159.79
159.57
159.33
159.17
159.12
159.18
159.32
159.51
159.59
159.52
159.28
158.94
158.54
158.26
158.15
158.22
158.41
158.69
158.90
159.00
158.96
158.83
158.64
158.50
158.44
158.49
158.60
158.75
158.90
159.02
159.10
159.16
159.19
159.20
159.19
159.18
159.16
159.11
159.03
158.92
158.80
158.66
158.56
158.50
158.49
158.50
158.54
158.62
158.73
158.88
159.05
159.21
159.42
159.68
159.99
160.31
160.63
160.87
161.02
161.07
161.05
160.97
160.71
160.25
159.59
158.83
158.04
157.43
157.06
156.96
157.05
157.27
157.52
157.74
157.92
158.04
158.13
158.23
158.38
158.56
158.77
158.98
159.13
159.20
159.19
159.11
159.08
159.12
159.25
159.44
159.65
159.82
159.92
159.94
159.90
159.83
159.73
159.63
159.52
159.42
159.32
159.24
159.17
159.11
159.06
159.02
159.02
159.06
159.14
159.24
159.35
159.46
159.57
159.67
159.76
159.83
159.89
159.94
159.98
160.00
160.02
159.90
159.62
159.18
158.64
158.07
157.59
157.23
157.03
156.93
156.92
157.05
157.32
157.70
158.14
158.60
159.00
159.31
159.51
159.62
159.64
159.58
159.45
159.28
159.10
158.86
158.56
158.22
157.86
157.51
157.26
157.14
157.15
157.26
157.43
157.66
157.94
158.24
158.54
158.83
159.10
159.34
159.54
159.70
159.83
159.83
159.67
159.37
158.97
158.54
158.23
158.10
158.16
158.35
158.63
158.90
159.12
159.27
159.36
159.40
159.41
159.39
159.36
159.32
159.27
159.15
158.93
158.62
158.26
157.89
157.59
157.37
157.24
157.20
157.21
157.26
157.34
157.43
157.52
157.55
157.52
157.42
157.27
157.10
156.98
156.92
156.93
157.00
157.10
157.14
157.09
156.95
156.74
156.51
156.34
156.27
156.32
156.44
156.61
156.88
157.25
157.71
158.21
158.71
159.07
159.27
159.29
159.18
158.99
158.77
158.57
158.39
158.25
158.14
158.10
158.15
158.29
158.47
158.69
158.88
159.03
159.14
159.21
159.32
159.51
159.77
160.07
160.39
160.67
160.90
161.06
161.17
161.24
161.15
160.87
160.41
159.86
159.27
158.73
158.29
157.96
157.73
157.59
157.54
157.57
157.66
157.80
157.96
158.16
158.38
158.62
158.87
159.10
159.20
159.15
158.95
158.66
158.31
158.02
157.83
157.76
157.77
157.85
157.99
158.19
158.42
158.67
158.91
159.11
159.26
159.35
159.40
159.41
159.42
159.45
159.49
159.55
159.62
159.69
159.75
159.81
159.86
159.85
159.77
159.62
159.43
159.22
159.00
158.80
158.62
158.45
158.32
158.26
158.28
158.39
158.55
158.74
158.92
159.06
159.15
159.21
159.24
159.30
159.41
159.57
159.76
159.96
160.10
160.17
160.15
160.08
159.97
159.79
159.54
159.23
158.89
158.56
158.32
158.20
158.21
158.32
158.48
158.62
158.72
158.74
158.72
158.67
158.54
158.35
158.08
157.79
157.54
157.36
157.27
157.25
157.27
157.38
157.57
157.83
158.13
158.44
158.61
158.60
158.40
158.08
157.69
157.35
157.11
156.99
156.96
156.99
157.15
157.43
157.81
158.25
158.71
159.07
159.30
159.40
159.39
159.31
159.24
159.20
159.22
159.27
159.35
159.36
159.28
159.10
158.86
158.60
158.33
158.06
157.82
157.61
157.43
157.33
157.33
157.41
157.56
157.74
157.96
158.21
158.48
158.75
158.98
159.15
159.27
159.34
159.36
159.28
159.09
158.79
158.43
158.05
157.68
157.32
157.00
156.73
156.49
156.36
156.32
156.39
156.52
156.69
156.88
157.08
157.26
157.43
157.58
157.73
157.89
158.07
158.24
158.40
158.54
158.67
158.77
158.86
158.93
158.90
158.76
158.52
158.22
157.89
157.61
157.40
157.29
157.25
157.27
157.29
157.30
157.29
157.27
157.27
157.29
157.35
157.42
157.50
157.75
158.17
158.78
159.49
160.22
160.86
161.36
161.68
161.88
161.96
161.87
161.59
161.16
160.63
160.06
159.50
158.98
158.50
158.09
157.74
157.49
157.32
157.24
157.23
157.26
157.40
157.65
158.00
158.41
158.84
159.12
159.21
159.11
158.87
158.55
158.24
157.99
157.81
157.69
157.63
157.60
157.61
157.63
157.67
157.71
157.81
157.97
158.19
158.44
158.62
158.70
158.66
158.55
158.39
158.25
158.17
158.16
158.20
158.26
158.30
158.28
158.20
158.08
157.93
157.89
157.97
158.19
158.50
158.84
159.10
159.21
159.18
159.04
158.83
158.58
158.33
158.08
157.85
157.64
157.40
157.14
156.84
156.53
156.23
155.98
155.80
155.68
155.61
155.58
155.70
155.95
156.34
156.82
157.32
157.79
158.19
158.52
158.77
158.97
159.10
159.19
159.24
159.27
159.22
159.09
158.89
158.65
158.39
158.11
157.81
157.51
157.21
156.94
156.78
156.75
156.84
157.03
157.26
157.57
157.95
158.37
158.81
159.23
159.57
159.81
159.93
159.96
159.93
159.81
159.60
159.32
158.99
158.66
158.39
158.21
158.12
158.11
158.15
158.19
158.23
158.24
158.24
158.22
158.28
158.42
158.66
158.96
159.27
159.56
159.79
159.97
160.10
160.18
160.20
160.17
160.08
159.96
159.83
159.69
159.55
159.43
159.32
159.23
159.15
159.09
159.04
159.00
158.92
158.79
158.60
158.39
158.16
157.83
157.40
156.86
156.27
155.69
155.27
155.05
155.06
155.22
155.48
155.86
156.31
156.83
157.36
157.87
158.27
158.51
158.61
158.59
158.49
158.39
158.33
158.32
158.35
158.41
158.51
158.64
158.81
158.99
159.17
159.37
159.58
159.81
160.03
160.13
160.08
159.89
159.60
159.25
158.89
158.54
158.21
157.91
157.66
157.58
157.69
158.00
158.43
158.92
159.32
159.59
159.69
159.67
159.57
159.44
159.31
159.21
159.12
159.05
158.92
158.72
158.43
158.09
157.75
157.49
157.35
157.35
157.43
157.57
157.69
157.77
157.78
157.75
157.68
157.57
157.43
157.25
157.06
156.87
156.77
156.78
156.90
157.10
157.34
157.47
157.44
157.23
156.91
156.56
156.22
155.91
155.65
155.43
155.36
155.45
155.71
156.06
156.47
156.94
157.46
158.02
158.56
159.08
159.49
159.78
159.94
160.00
159.99
159.96
159.92
159.90
159.89
159.89
159.82
159.66
159.40
159.09
158.76
158.57
158.56
158.73
159.02
159.39
159.76
160.10
160.38
160.62
160.80
160.89
160.87
160.76
160.59
160.39
160.20
160.04
159.93
159.85
159.81
159.79
159.78
159.79
159.81
159.75
159.60
159.36
159.07
158.75
158.46
158.22
158.04
157.91
157.82
157.77
157.75
157.75
157.76
157.78
157.78
157.75
157.69
157.61
157.52
157.49
157.52
157.62
157.76
157.93
158.05
158.10
158.08
158.01
157.91
157.81
157.74
157.71
157.70
157.71
157.76
157.84
157.97
158.11
158.26
158.32
158.28
158.13
157.91
157.65
157.47
157.38
157.40
157.50
157.66
157.89
158.19
158.55
158.94
159.40
159.92
160.51
161.11
161.68
162.13
162.42
162.55
162.56
162.48
162.21
161.76
161.14
160.42
159.69
159.05
158.57
158.25
158.07
157.99
158.02
158.13
158.30
158.52
158.75
159.06
159.44
159.90
160.39
160.88
161.25
161.48
161.56
161.54
161.44
161.24
160.95
160.60
160.21
159.81
159.52
159.36
159.33
159.40
159.53
159.63
159.64
159.57
159.43
159.26
159.13
159.05
159.05
159.10
159.13
159.12
159.05
158.94
158.82
158.72
158.65
158.61
158.61
158.63
158.67
158.71
158.75
158.80
158.84
158.85
158.83
158.77
158.68
158.59
158.46
158.31
158.13
157.95
157.77
157.65
157.62
157.67
157.78
157.92
157.99
157.98
157.86
157.68
157.47
157.26
157.09
156.97
156.88
156.83
156.80
156.79
156.80
156.81
156.83
157.01
157.38
157.94
158.60
159.14
159.48
159.59
159.53
159.35
159.15
158.98
158.86
158.78
158.74
158.75
158.81
158.92
159.05
159.19
159.36
159.56
159.77
159.99
160.19
160.32
160.37
160.33
160.24
160.10
159.89
159.62
159.29
158.94
158.58
158.28
158.04
157.87
157.75
157.69
157.60
157.49
157.33
157.14
156.95
156.71
156.43
156.10
155.76
155.42
155.22
155.17
155.29
155.52
155.81
156.13
156.46
156.77
157.05
157.33
157.60
157.86
158.11
158.33
158.44
158.42
158.29
158.07
157.80
157.63
157.58
157.67
157.86
158.11
158.41
158.75
159.11
159.46
159.78
160.00
160.08
160.03
159.89
159.68
159.40
159.04
158.63
158.20
157.78
157.53
157.47
157.62
157.90
158.26
158.56
158.74
158.77
158.69
158.55
158.45
158.42
158.49
158.61
158.77
158.87
158.88
158.79
158.63
158.43
158.29
158.25
158.31
158.44
158.59
158.73
158.85
158.93
159.00
159.04
159.07
159.09
159.10
159.10
158.98
158.75
158.38
157.94
157.48
157.10
156.84
156.73
156.71
156.77
156.90
157.10
157.33
157.59
157.84
158.21
158.72
159.35
160.05
160.75
161.22
161.42
161.33
161.03
160.61
160.20
159.86
159.63
159.49
159.42
159.34
159.25
159.11
158.96
158.80
158.65
158.51
158.38
158.27
158.18
158.13
158.13
158.18
158.26
158.32
158.36
158.38
158.36
158.33
158.24
158.09
157.86
157.61
157.35
157.30
157.52
158.02
158.69
159.45
160.06
160.46
160.60
160.57
160.41
160.30
160.30
160.44
160.68
160.97
161.15
161.18
161.02
160.75
160.42
160.08
159.77
159.52
159.31
159.15
159.02
158.94
158.88
158.85
158.83
158.80
158.75
158.68
158.59
158.50
158.38
158.23
158.07
157.89
157.72
157.57
157.43
157.30
157.20
157.12
157.06
157.01
156.98
156.95
157.05
157.27
157.63
158.06
158.51
158.97
159.40
159.78
160.12
160.40
160.65
160.89
161.12
161.32
161.50
161.60
161.61
161.54
161.40
161.23
161.04
160.86
160.68
160.52
160.38
160.18
159.91
159.57
159.19
158.81
158.55
158.45
158.51
158.69
158.94
159.11
159.18
159.11
158.95
158.73
158.54
158.40
158.34
158.33
158.36
158.41
158.48
158.56
158.64
158.82
159.11
159.53
160.01
160.50
160.95
161.34
161.65
161.88
162.05
161.95
161.57
160.89
160.05
159.14
158.38
157.86
157.61
157.56
157.66
157.72
157.68
157.51
157.26
156.96
156.70
156.51
156.40
156.35
156.36
156.45
156.62
156.87
157.16
157.46
157.86
158.36
158.96
159.59
160.22
160.73
161.09
161.28
161.35
161.32
161.21
161.02
160.78
160.52
160.28
160.09
159.95
159.85
159.79
159.71
159.58
159.41
159.22
159.01
158.79
158.55
158.30
158.06
157.83
157.60
157.37
157.13
156.90
156.70
156.57
156.53
156.58
156.69
156.84
157.03
157.26
157.51
157.77
158.01
158.24
158.43
158.60
158.74
158.86
158.97
159.09
159.22
159.36
159.49
159.58
159.62
159.62
159.59
159.53
159.52
159.56
159.67
159.82
159.98
160.07
160.06
159.95
159.76
159.51
159.22
158.89
158.56
158.25
158.01
157.87
157.84
157.87
157.96
158.18
158.54
159.03
159.59
160.16
160.55
160.72
160.64
160.38
160.03
159.69
159.44
159.29
159.22
159.21
159.17
159.07
158.88
158.65
158.40
158.21
158.09
158.05
158.07
158.14
158.26
158.42
158.62
158.84
159.05
159.33
159.68
160.10
160.55
161.00
161.34
161.55
161.61
161.57
161.46
161.24
160.95
160.59
160.19
159.83
159.51
159.26
159.08
158.94
158.82
158.71
158.59
158.48
158.37
158.28
158.20
158.13
158.08
158.03
158.06
158.15
158.31
158.52
158.74
158.86
158.84
158.68
158.42
158.11
157.83
157.62
157.49
157.43
157.42
157.46
157.57
157.72
157.89
158.07
158.27
158.49
158.73
158.96
159.18
159.22
159.04
158.65
158.13
157.54
157.05
156.70
156.53
156.48
156.56
156.73
156.97
157.25
157.54
157.84
158.16
158.48
158.79
159.07
159.23
159.27
159.17
158.99
158.76
158.50
158.24
157.99
157.76
157.56
157.44
157.42
157.48
157.61
157.78
157.96
158.14
158.31
158.47
158.61
158.65
158.57
158.38
158.12
157.83
157.58
157.40
157.30
157.27
157.29
157.34
157.41
157.49
157.58
157.66
157.71
157.72
157.69
157.63
157.55
157.52
157.56
157.66
157.80
157.96
158.13
158.30
158.45
158.59
158.73
158.89
159.06
159.23
159.39
159.48
159.49
159.42
159.29
159.13
158.94
158.71
158.46
158.20
157.96
157.87
157.97
158.25
158.64
159.10
159.55
159.96
160.30
160.57
160.79
160.90
160.90
160.80
160.63
160.43
160.21
159.99
159.79
159.60
159.44
159.38
159.44
159.62
159.87
160.16
160.33
160.34
160.16
159.87
159.52
159.21
159.00
158.90
158.90
158.92
158.96
158.99
159.01
159.02
159.00
158.95
158.86
158.75
158.64
158.52
158.41
158.32
158.23
158.16
158.21
158.39
158.71
159.11
159.55
159.87
160.06
160.08
159.98
159.81
159.59
159.35
159.11
158.88
158.68
158.55
158.51
158.56
158.68
158.83
158.81
158.58
158.12
157.52
156.86
156.28
155.81
155.49
155.30
155.20
155.25
155.45
155.78
156.18
156.61
157.07
157.53
157.99
158.42
158.72
158.88
158.90
158.80
158.64
158.39
158.06
157.66
157.24
156.83
156.49
156.26
156.13
156.09
156.11
156.25
156.51
156.88
157.31
157.75
158.15
158.49
158.76
158.96
159.10
159.17
159.17
159.10
159.00
158.87
158.71
158.52
158.30
158.08
157.87
157.70
157.59
157.53
157.51
157.53
157.56
157.61
157.67
157.72
157.78
157.80
157.79
157.73
157.66
157.60
157.56
157.56
157.59
157.62
157.75
157.97
158.29
158.66
159.04
159.44
159.84
160.24
160.61
160.95
161.05
160.90
160.47
159.88
159.21
158.64
158.25
158.07
158.05
158.14
158.22
158.25
158.21
158.11
157.98
157.84
157.70
157.56
157.43
157.32
157.25
157.23
157.26
157.31
157.39
157.42
157.40
157.31
157.17
157.01
156.88
156.77
156.71
156.69
156.68
156.81
157.06
157.45
157.92
158.30
158.55
158.64
158.62
158.52
158.34
158.10
157.82
157.53
157.24
157.06
156.99
157.05
157.20
157.39
157.54
157.60
157.56
157.44
157.28
157.19
157.17
157.26
157.42
157.61
157.82
158.03
158.23
158.41
158.57
158.68
158.73
158.73
158.69
158.62
158.52
158.37
158.20
158.02
157.83
157.63
157.42
157.19
156.97
156.76
156.58
156.42
156.28
156.17
156.08
156.13
156.31
156.63
157.04
157.49
157.93
158.36
158.74
159.08
159.39
159.68
159.95
160.20
160.42
160.47
160.33
160.00
159.56
159.06
158.54
158.05
157.59
157.18
156.84
156.57
156.40
156.31
156.28
156.30
156.38
156.51
156.68
156.87
157.06
157.33
157.67
158.09
158.54
158.98
159.32
159.53
159.59
159.55
159.44
159.29
159.11
158.93
158.75
158.58
158.49
158.48
158.55
158.68
158.84
158.99
159.11
159.18
159.23
159.17
158.99
158.71
158.37
158.01
157.83
157.89
158.20
158.68
159.24
159.76
160.18
160.46
160.63
160.72
160.74
160.72
160.66
160.59
160.51
160.42
160.34
160.26
160.20
160.14
160.06
159.97
159.85
159.72
159.59
159.50
159.44
159.44
159.46
159.51
159.43
159.21
158.83
158.36
157.85
157.50
157.36
157.46
157.72
158.07
158.42
158.73
158.96
159.12
159.28
159.46
159.66
159.88
160.09
160.16
160.04
159.75
159.34
158.88
158.51
158.27
158.20
158.25
158.37
158.52
158.66
158.78
158.88
158.95
158.90
158.70
158.37
157.96
157.51
157.17
156.97
156.95
157.04
157.20
157.42
157.65
157.89
158.11
158.32
158.61
158.99
159.47
160.00
160.53
161.06
161.57
162.06
162.51
162.90
163.05
162.92
162.52
161.94
161.27
160.63
160.06
159.61
159.26
158.92
158.57
158.18
157.79
157.43
157.17
157.05
157.07
157.19
157.37
157.56
157.72
157.85
157.95
158.03
158.05
158.02
157.95
157.85
157.73
157.58
157.41
157.21
157.01
156.81
156.68
156.64
156.68
156.78
156.91
157.09
157.31
157.55
157.79
158.03
158.19
158.27
158.26
158.18
158.07
157.93
157.78
157.64
157.50
157.38
157.38
157.52
157.81
158.18
158.59
158.90
159.07
159.07
158.97
158.79
158.57
158.33
158.09
157.87
157.64
157.40
157.16
156.93
156.72
156.69
156.88
157.28
157.82
158.41
158.95
159.36
159.63
159.79
159.86
159.83
159.73
159.57
159.37
159.15
159.00
158.91
158.91
158.97
159.07
159.16
159.23
159.26
159.27
159.27
159.17
158.97
158.67
158.32
157.95
157.66
157.50
157.46
157.52
157.64
157.74
157.80
157.80
157.75
157.68
157.68
157.76
157.93
158.17
158.32
158.36
158.26
158.07
157.83
157.61
157.45
157.37
157.35
157.37
157.47
157.65
157.90
158.19
158.49
158.75
158.96
159.11
159.21
159.27
159.24
159.13
158.94
158.70
158.44
158.24
158.11
158.07
158.09
158.15
158.21
158.26
158.28
158.27
158.26
158.21
158.12
158.00
157.86
157.72
157.66
157.70
157.86
158.08
158.34
158.61
158.87
159.12
159.34
159.52
159.68
159.81
159.91
159.98
159.98
159.90
159.75
159.54
159.32
159.09
158.87
158.67
158.50
158.35
158.22
158.12
158.05
157.99
157.95
157.98
158.08
158.26
158.47
158.70
158.88
158.99
159.01
158.97
158.89
158.81
158.76
158.73
158.72
158.74
158.73
158.70
158.65
158.57
158.49
158.40
158.32
158.25
158.18
158.13
158.14
158.21
158.36
158.56
158.77
158.96
159.10
159.20
159.26
159.26
159.21
159.10
158.97
158.83
158.71
158.63
158.59
158.59
158.61
158.70
158.85
159.08
159.34
159.61
159.90
160.21
160.51
160.81
161.08
161.29
161.44
161.52
161.55
161.54
161.34
160.94
160.35
159.65
158.91
158.28
157.83
157.58
157.48
157.49
157.60
157.80
158.05
158.33
158.62
158.95
159.32
159.72
160.12
160.50
160.74
160.82
160.72
160.51
160.22
159.93
159.67
159.44
159.26
159.15
159.10
159.12
159.17
159.26
159.25
159.12
158.87
158.54
158.17
157.85
157.60
157.46
157.38
157.36
157.46
157.68
158.01
158.40
158.82
159.06
159.10
158.90
158.56
158.13
157.76
157.52
157.43
157.45
157.55
157.75
158.04
158.39
158.79
159.18
159.52
159.80
160.01
160.16
160.25
160.27
160.24
160.15
160.02
159.88
159.73
159.59
159.46
159.34
159.24
159.16
159.09
159.04
159.00
159.00
159.04
159.12
159.22
159.34
159.42
159.48
159.49
159.47
159.43
159.33
159.16
158.92
158.66
158.38
158.19
158.12
158.17
158.30
158.48
158.67
158.82
158.95
159.03
159.09
159.16
159.23
159.33
159.43
159.53
159.52
159.38
159.10
158.74
158.34
158.07
157.97
158.06
158.28
158.58
158.89
159.19
159.43
159.64
159.80
159.92
160.02
160.08
160.12
160.17
160.23
160.32
160.42
160.52
160.50
160.36
160.08
159.72
159.32
158.89
158.45
158.01
157.59
157.22
156.83
156.44
156.03
155.64
155.28
155.01
154.85
154.79
154.82
154.90
155.07
155.32
155.64
155.99
156.34
156.73
157.15
157.60
158.04
158.45
158.80
159.07
159.25
159.36
159.43
159.45
159.44
159.41
159.36
159.31
159.24
159.13
158.99
158.84
158.70
158.61
158.59
158.66
158.78
158.92
159.08
159.25
159.40
159.54
159.61
159.60
159.51
159.36
159.18
158.92
158.56
158.12
157.65
157.17
156.86
156.74
156.83
157.06
157.38
157.72
158.04
158.31
158.54
158.73
158.95
159.23
159.58
159.95
160.32
160.61
160.81
160.91
160.93
160.89
160.79
160.64
160.45
160.23
160.02
159.79
159.54
159.29
159.04
158.81
158.66
158.60
158.63
158.73
158.86
158.91
158.84
158.64
158.36
158.15
158.04
158.07
158.19
158.38
158.59
158.82
159.04
159.25
159.43
159.59
159.73
159.83
159.92
159.98
160.06
160.14
160.25
160.37
160.48
160.46
160.27
159.91
159.44
158.94
158.48
158.10
157.84
157.66
157.55
157.53
157.57
157.68
157.83
158.00
158.06
157.99
157.79
157.49
157.16
156.83
156.54
156.31
156.14
156.00
155.91
155.85
155.82
155.80
155.88
156.07
156.35
156.69
157.06
157.36
157.58
157.70
157.75
157.75
157.70
157.64
157.55
157.47
157.38
157.38
157.48
157.68
157.95
158.25
158.58
158.92
159.28
159.62
159.93
160.18
160.36
160.46
160.51
160.52
160.47
160.37
160.23
160.06
159.89
159.67
159.39
159.08
158.74
158.42
158.27
158.34
158.64
159.08
159.60
160.07
160.43
160.66
160.79
160.83
160.80
160.69
160.52
160.32
160.06
159.74
159.37
158.98
158.60
158.33
158.19
158.19
158.29
158.45
158.61
158.76
158.88
158.97
159.04
159.05
159.02
158.94
158.84
158.72
158.63
158.57
158.55
158.56
158.59
158.77
159.11
159.60
160.19
160.80
161.29
161.62
161.77
161.78
161.69
161.51
161.26
160.97
160.65
160.35
160.12
159.97
159.93
159.95
160.03
160.08
160.08
160.03
159.93
159.82
159.75
159.74
159.80
159.91
160.01
160.10
160.16
160.19
160.20
160.28
160.44
160.68
160.98
161.30
161.53
161.65
161.65
161.56
161.41
161.13
160.71
160.16
159.56
158.94
158.46
158.15
158.04
158.06
158.18
158.39
158.66
158.97
159.30
159.63
159.82
159.85
159.73
159.49
159.20
158.87
158.54
158.23
157.95
157.69
157.56
157.56
157.69
157.90
158.16
158.45
158.73
158.99
159.23
159.44
159.59
159.68
159.70
159.68
159.68
159.73
159.83
159.96
160.11
160.32
160.58
160.89
161.22
161.55
161.69
161.63
161.33
160.89
160.38
159.94
159.64
159.50
159.49
159.55
159.57
159.50
159.32
159.07
158.78
158.54
158.36
158.28
158.25
158.28
158.33
158.41
158.49
158.58
158.66
158.71
158.72
158.69
158.63
158.56
158.50
158.47
158.48
158.52
158.57
158.65
158.77
158.92
159.08
159.24
159.37
159.45
159.49
159.49
159.51
159.58
159.71
159.86
160.04
160.18
160.29
160.34
160.37
160.36
160.34
160.31
160.27
160.22
160.18
160.12
160.02
159.91
159.77
159.64
159.54
159.48
159.46
159.48
159.52
159.58
159.64
159.70
159.76
159.81
159.84
159.82
159.76
159.68
159.59
159.42
159.15
158.79
158.40
157.99
157.65
157.41
157.27
157.21
157.21
157.20
157.15
157.06
156.94
156.91
157.00
157.23
157.53
157.88
158.13
158.24
158.20
158.06
157.84
157.70
157.68
157.78
157.97
158.21
158.40
158.49
158.48
158.39
158.26
158.12
158.01
157.92
157.87
157.84
157.91
158.08
158.36
158.69
159.05
159.35
159.57
159.70
159.74
159.74
159.80
159.96
160.24
160.58
160.95
161.16
161.16
160.94
160.58
160.13
159.73
159.42
159.24
159.15
159.13
159.09
158.99
158.81
158.59
158.37
158.19
158.05
157.95
157.88
157.87
157.91
157.99
158.10
158.23
158.39
158.57
158.78
158.98
159.18
159.32
159.36
159.32
159.23
159.09
158.89
158.61
158.28
157.93
157.58
157.36
157.29
157.38
157.59
157.87
158.17
158.48
158.78
159.06
159.30
159.54
159.77
159.99
160.21
160.40
160.51
160.53
160.47
160.35
160.19
160.04
159.92
159.84
159.79
159.77
159.77
159.78
159.80
159.82
159.79
159.71
159.55
159.36
159.16
159.03
159.01
159.10
159.26
159.47
159.67
159.84
159.97
160.06
160.13
160.08
159.93
159.66
159.33
158.98
158.70
158.54
158.50
158.56
158.67
158.80
158.91
158.99
159.05
159.09
159.01
158.79
158.43
158.00
157.53
157.23
157.14
157.29
157.59
157.98
158.44
158.94
159.46
159.95
160.41
160.76
161.00
161.11
161.12
161.08
160.96
160.79
160.57
160.33
160.10
159.87
159.67
159.49
159.34
159.13
158.86
158.52
158.15
157.77
157.52
157.42
157.49
157.67
157.92
158.19
158.43
158.62
158.78
158.91
159.05
159.23
159.45
159.69
159.92
160.12
160.26
160.35
160.39
160.40
160.28
160.02
159.62
159.15
158.65
158.27
158.03
157.98
158.05
158.20
158.40
158.63
158.86
159.09
159.29
159.47
159.63
159.76
159.86
159.89
159.83
159.70
159.51
159.30
159.03
158.70
158.33
157.94
157.57
157.17
156.75
156.31
155.87
155.47
155.24
155.21
155.40
155.72
156.12
156.56
156.99
157.40
157.78
158.11
158.36
158.53
158.62
158.65
158.64
158.59
158.53
158.46
158.38
158.31
158.24
158.18
158.13
158.09
158.05
158.05
158.09
158.16
158.26
158.37
158.45
158.50
158.50
158.48
158.44
158.33
158.16
157.93
157.66
157.46
157.36
157.39
157.49
157.64
157.79
157.92
158.02
158.08
158.13
158.12
158.07
157.98
157.86
157.74
157.66
157.65
157.72
157.83
157.98
158.10
158.20
158.26
158.29
158.29
158.28
158.25
158.22
158.19
158.16
158.15
158.18
158.24
158.33
158.42
158.41
158.28
158.01
157.66
157.27
156.99
156.84
156.85
156.98
157.17
157.35
157.49
157.55
157.57
157.56
157.54
157.54
157.57
157.61
157.71
157.88
158.11
158.37
158.64
158.85
158.98
159.02
158.99
158.92
158.82
158.70
158.59
158.47
158.37
158.30
158.28
158.30
158.35
158.43
158.56
158.76
159.02
159.30
159.60
159.90
160.22
160.53
160.83
161.10
161.23
161.21
161.02
160.72
160.37
160.08
159.88
159.80
159.81
159.88
159.96
160.04
160.09
160.12
160.13
160.13
160.13
160.12
160.11
160.09
160.02
159.89
159.70
159.47
159.32
159.26
159.31
159.44
159.61
159.70
159.67
159.50
159.26
158.96
158.65
158.34
158.06
157.80
157.58
157.36
157.15
156.95
156.75
156.57
156.50
156.54
156.70
156.93
157.21
157.47
157.70
157.87
158.00
158.09
158.20
158.35
158.54
158.75
158.97
159.15
159.28
159.36
159.39
159.40
159.30
159.09
158.78
158.42
158.03
157.73
157.55
157.50
157.55
157.66
157.75
157.80
157.80
157.75
157.68
157.59
157.50
157.41
157.32
157.35
157.51
157.81
158.19
158.61
159.03
159.43
159.79
160.11
160.38
160.47
160.36
160.05
159.62
159.12
158.63
158.19
157.82
157.51
157.27
157.16
157.20
157.38
157.64
157.95
158.18
158.27
158.21
158.05
157.83
157.66
157.57
157.58
157.67
157.80
157.90
157.95
157.94
157.88
157.79
157.71
157.66
157.64
157.64
157.72
157.87
158.09
158.34
158.61
158.82
158.95
158.99
158.96
158.89
158.85
158.86
158.92
159.02
159.15
159.23
159.24
159.19
159.09
158.96
158.90
158.92
159.06
159.25
159.48
159.81
160.22
160.71
161.23
161.74
162.08
162.23
162.16
161.94
161.63
161.32
161.07
160.88
160.76
160.69
160.60
160.48
160.32
160.13
159.94
159.76
159.59
159.44
159.31
159.20
158.98
158.63
158.14
157.57
157.14
156.91
156.92
157.09
157.36
157.75
158.22
158.75
159.30
159.83
160.26
160.57
160.76
160.86
160.88
160.87
160.86
160.86
160.87
160.88
160.87
160.83
160.75
160.66
160.56
160.46
160.37
160.28
160.21
160.14
160.09
160.05
160.02
159.99
159.98
159.99
160.05
160.13
160.24
160.36
160.42
160.41
160.33
160.21
160.05
159.89
159.73
159.57
159.44
159.32
159.22
159.13
159.07
159.02
159.01
159.04
159.12
159.22
159.33
159.39
159.38
159.31
159.18
159.03
158.98
159.05
159.26
159.55
159.88
160.10
160.15
160.02
159.76
159.44
159.11
158.80
158.54
158.34
158.17
158.07
158.04
158.07
158.14
158.23
158.29
158.28
158.21
158.10
157.96
157.86
157.83
157.87
157.96
158.08
158.23
158.43
158.64
158.87
159.09
159.26
159.39
159.45
159.47
159.46
159.43
159.38
159.33
159.28
159.14
158.92
158.61
158.25
157.88
157.58
157.36
157.24
157.19
157.21
157.26
157.33
157.42
157.52
157.61
157.69
157.77
157.83
157.89
157.93
157.99
158.08
158.19
158.30
158.43
158.51
158.56
158.57
158.54
158.49
158.48
158.53
158.65
158.80
158.97
159.09
159.14
159.12
159.04
158.93
158.83
158.76
158.72
158.71
158.71
158.71
158.68
158.62
158.55
158.47
158.41
158.39
158.41
158.46
158.52
158.58
158.65
158.72
158.78
158.84
158.89
158.92
158.96
158.98
159.00
159.01
159.02
159.02
159.03
159.00
158.94
158.85
158.74
158.62
158.51
158.40
158.30
158.22
158.15
158.12
158.13
158.19
158.27
158.36
158.49
158.65
158.83
159.02
159.21
159.30
159.28
159.15
158.94
158.69
158.40
158.08
157.74
157.41
157.11
157.00
157.10
157.44
157.92
158.45
158.97
159.44
159.86
160.21
160.47
160.64
160.73
160.75
160.72
160.59
160.34
159.99
159.58
159.16
158.75
158.37
158.03
157.73
157.49
157.40
157.47
157.71
158.06
158.46
158.79
159.03
159.13
159.15
159.10
159.06
159.05
159.10
159.18
159.28
159.42
159.58
159.78
159.98
160.17
160.25
160.18
159.96
159.65
159.29
158.92
158.55
158.21
157.91
157.65
157.46
157.34
157.29
157.30
157.37
157.49
157.65
157.84
158.03
158.25
158.48
158.72
158.96
159.18
159.33
159.39
159.35
159.26
159.12
159.05
159.06
159.17
159.35
159.56
159.71
159.76
159.70
159.57
159.39
159.17
158.91
158.62
158.34
158.07
157.74
157.35
156.90
156.43
155.97
155.62
155.41
155.35
155.39
155.51
155.80
156.28
156.91
157.63
158.37
159.00
159.48
159.79
159.97
160.04
160.06
160.06
160.06
160.05
159.96
159.78
159.51
159.18
158.84
158.47
158.09
157.72
157.36
157.04
156.84
156.78
156.85
157.01
157.24
157.51
157.83
158.16
158.50
158.81
159.07
159.26
159.38
159.44
159.46
159.37
159.17
158.86
158.49
158.09
157.79
157.59
157.54
157.57
157.68
157.79
157.90
157.98
158.03
158.07
158.20
158.44
158.80
159.22
159.67
160.00
160.17
160.18
160.07
159.88
159.68
159.48
159.32
159.19
159.01
158.76
158.44
158.08
157.72
157.40
157.15
156.96
156.83
156.75
156.70
156.69
156.69
156.71
156.74
156.86
157.07
157.37
157.72
158.09
158.45
158.79
159.09
159.35
159.56
159.66
159.62
159.46
159.21
158.92
158.64
158.40
158.20
158.06
157.95
157.91
157.92
157.99
158.09
158.21
158.34
158.46
158.58
158.68
158.77
158.87
158.99
159.13
159.27
159.41
159.54
159.65
159.75
159.83
159.90
159.95
159.99
160.02
160.04
159.92
159.63
159.19
158.65
158.08
157.57
157.16
156.86
156.65
156.53
156.47
156.45
156.47
156.51
156.57
156.63
156.69
156.75
156.81
156.86
156.98
157.19
157.48
157.82
158.18
158.45
158.60
158.62
158.54
158.41
158.27
158.14
158.04
157.97
157.93
157.92
157.97
158.05
158.16
158.28
158.43
158.61
158.81
159.01
159.18
159.30
159.37
159.40
159.40
159.40
159.42
159.47
159.53
159.60
159.51
159.23
158.75
158.17
157.53
157.11
156.97
157.15
157.52
158.03
158.52
158.92
159.21
159.40
159.51
159.51
159.40
159.20
158.94
158.65
158.36
158.09
157.84
157.62
157.43
157.38
157.49
157.75
158.11
158.51
158.82
159.00
159.01
158.91
158.74
158.64
158.64
158.76
158.97
159.22
159.47
159.68
159.85
159.98
159.98
159.87
159.64
159.33
159.00
158.68
158.41
158.20
158.04
157.92
157.87
157.89
157.96
158.06
158.18
158.20
158.10
157.87
157.55
157.19
156.87
156.63
156.48
156.40
156.38