318.55
318.44
318.19
317.78
317.30
316.78
316.32
315.96
315.71
315.54
315.45
315.42
315.43
315.47
315.52
315.72
316.07
316.58
317.18
317.80
318.24
318.46
318.43
318.23
317.91
317.67
317.55
317.61
317.77
318.00
318.35
318.81
319.35
319.93
320.49
320.81
320.83
320.53
320.03
319.41
318.79
318.23
317.78
317.42
317.14
316.94
316.80
316.72
316.67
316.66
316.56
316.35
316.03
315.64
315.23
315.09
315.28
315.82
316.59
317.47
318.17
318.59
318.70
318.58
318.30
317.93
317.51
317.09
316.68
316.30
315.97
315.68
315.44
315.25
315.16
315.17
315.27
315.43
315.63
315.66
315.47
315.04
314.47
313.84
313.42
313.31
313.54
313.99
314.57
315.17
315.71
316.15
316.51
316.79
316.97
317.06
317.06
317.01
316.92
316.78
316.60
316.39
316.16
315.95
315.88
315.98
316.27
316.67
317.13
317.58
317.98
318.32
318.59
318.81
318.78
318.49
317.94
317.24
316.47
315.79
315.28
314.96
314.79
314.68
314.60
314.50
314.41
314.33
314.25
314.18
314.12
314.08
314.04
314.07
314.16
314.32
314.53
314.75
314.76
314.51
313.99
313.30
312.54
311.90
311.44
311.20
311.13
311.18
311.36
311.66
312.05
312.48
312.91
313.30
313.63
313.87
314.05
314.18
314.36
314.63
315.00
315.42
315.85
316.32
316.82
317.34
317.85
318.32
318.55
318.51
318.19
317.68
317.08
316.41
315.72
315.04
314.40
313.82
313.32
312.90
312.55
312.28
312.34
312.77
313.56
314.57
315.67
316.73
317.67
318.46
319.09
319.58
319.73
319.54
318.99
318.24
317.38
316.57
315.87
315.34
314.95
314.68
314.59
314.66
314.90
315.22
315.60
315.94
316.21
316.39
316.49
316.54
316.57
316.60
316.64
316.69
316.74
316.71
316.59
316.36
316.07
315.76
315.53
315.41
315.41
315.49
315.63
315.83
316.07
316.34
316.62
316.89
317.14
317.36
317.55
317.70
317.67
317.42
316.96
316.37
315.72
315.04
314.36
313.71
313.11
312.57
312.22
312.07
312.12
312.30
312.58
312.96
313.41
313.92
314.44
314.94
315.41
315.82
316.17
316.46
316.69
316.73
316.58
316.23
315.75
315.22
314.81
314.57
314.53
314.64
314.84
315.12
315.46
315.83
316.21
316.57
316.69
316.52
316.05
315.40
314.65
314.04
313.64
313.48
313.51
313.66
313.94
314.33
314.80
315.30
315.74
316.09
316.33
316.48
316.56
316.77
317.16
317.75
318.44
319.16
319.56
319.54
319.07
318.31
317.38
316.61
316.09
315.88
315.89
316.07
316.14
316.02
315.67
315.17
314.60
314.38
314.61
315.33
316.34
317.52
318.66
319.68
320.52
321.19
321.70
321.99
322.08
321.98
321.74
321.43
320.95
320.31
319.53
318.68
317.84
317.23
316.91
316.90
317.12
317.48
317.84
318.14
318.34
318.46
318.42
318.21
317.83
317.36
316.86
316.48
316.29
316.30
316.45
316.69
316.98
317.29
317.61
317.90
318.16
318.31
318.33
318.22
318.03
317.78
317.41
316.91
316.30
315.64
314.98
314.53
314.31
314.36
314.58
314.92
315.30
315.67
316.00
316.28
316.52
316.69
316.78
316.80
316.78
316.72
316.50
316.12
315.59
314.96
314.32
313.74
313.27
312.92
312.68
312.54
312.38
312.18
311.92
311.64
311.35
311.13
311.00
310.96
310.99
311.19
311.58
312.14
312.80
313.48
314.17
314.85
315.49
316.08
316.59
316.86
316.88
316.62
316.20
315.68
315.20
314.81
314.55
314.39
314.31
314.42
314.74
315.24
315.84
316.49
317.13
317.73
318.27
318.75
319.15
319.20
318.89
318.19
317.26
316.22
315.30
314.57
314.08
313.78
313.64
313.62
313.67
313.78
313.92
314.08
314.53
315.32
316.44
317.73
319.08
320.13
320.78
320.98
320.85
320.58
320.27
319.98
319.73
319.51
319.41
319.44
319.60
319.84
320.12
320.36
320.54
320.64
320.67
320.66
320.62
320.55
320.48
320.40
320.32
320.12
319.77
319.27
318.69
318.09
317.63
317.38
317.34
317.45
317.66
317.91
318.16
318.38
318.56
318.72
318.65
318.35
317.79
317.09
316.33
315.67
315.18
314.87
314.72
314.68
314.78
314.99
315.30
315.66
316.04
316.30
316.42
316.37
316.21
316.19
316.38
316.82
317.40
318.05
318.67
319.20
319.61
319.92
320.14
320.24
320.21
320.07
319.87
319.62
319.23
318.69
318.01
317.26
316.51
315.80
315.15
314.58
314.09
313.70
313.43
313.31
313.31
313.40
313.55
313.81
314.18
314.64
315.14
315.65
316.34
317.24
318.33
319.51
320.68
321.52
321.95
321.93
321.60
321.07
320.40
319.65
318.88
318.14
317.44
316.80
316.22
315.69
315.23
314.84
314.55
314.35
314.25
314.22
314.19
314.13
314.03
313.90
313.76
313.76
313.92
314.25
314.68
315.16
315.59
315.94
316.19
316.36
316.46
316.61
316.84
317.17
317.56
317.96
318.02
317.70
316.95
315.95
314.82
313.91
313.31
313.09
313.15
313.39
313.70
314.01
314.29
314.52
314.70
314.85
314.96
315.04
315.09
315.13
315.06
314.89
314.62
314.29
313.94
313.74
313.76
313.99
314.37
314.83
315.24
315.56
315.75
315.84
315.97
316.17
316.46
316.80
317.15
317.58
318.08
318.63
319.20
319.75
320.05
320.03
319.70
319.17
318.51
317.98
317.63
317.51
317.56
317.73
317.67
317.31
316.62
315.73
314.74
313.88
313.21
312.79
312.55
312.47
312.62
313.01
313.59
314.30
315.04
315.72
316.29
316.73
317.05
317.27
317.25
316.99
316.48
315.83
315.12
314.53
314.13
313.95
313.94
314.04
314.37
314.93
315.70
316.58
317.35
317.94
318.30
318.49
318.54
318.44
318.21
317.88
317.49
317.09
316.64
316.16
315.65
315.16
314.69
314.22
313.75
313.27
312.81
312.40
312.11
311.97
311.98
312.09
312.28
312.44
312.56
312.62
312.62
312.59
312.65
312.81
313.10
313.45
313.84
314.14
314.33
314.40
314.37
314.27
314.33
314.57
315.04
315.63
316.27
316.77
317.04
317.08
316.93
316.68
316.38
316.09
315.82
315.59
315.40
315.22
315.04
314.86
314.68
314.61
314.64
314.79
315.01
315.27
315.50
315.65
315.73
315.74
315.71
315.52
315.16
314.63
314.01
313.36
312.89
312.64
312.65
312.83
313.13
313.41
313.63
313.75
313.79
313.78
313.99
314.49
315.30
316.27
317.32
318.14
318.65
318.82
318.73
318.47
318.13
317.76
317.41
317.09
316.81
316.38
315.78
314.99
314.12
313.24
312.58
312.21
312.15
312.32
312.63
312.92
313.13
313.22
313.21
313.38
313.79
314.46
315.28
316.16
316.90
317.44
317.74
317.86
317.84
317.79
317.73
317.71
317.70
317.72
317.77
317.86
317.98
318.12
318.27
318.33
318.29
318.14
317.92
317.66
317.34
316.96
316.54
316.11
315.69
315.42
315.31
315.38
315.56
315.83
315.91
315.76
315.35
314.78
314.12
313.54
313.11
312.86
312.74
312.72
312.89
313.22
313.71
314.29
314.89
315.45
315.93
316.33
316.65
316.73
316.56
316.14
315.58
314.93
314.11
313.13
312.01
310.85
309.72
308.97
308.68
308.86
309.37
310.08
310.85
311.57
312.22
312.76
313.21
313.75
314.43
315.25
316.13
317.01
317.58
317.75
317.52
317.00
316.32
315.67
315.12
314.73
314.47
314.32
314.22
314.15
314.10
314.05
314.02
314.10
314.31
314.66
315.08
315.53
315.87
316.07
316.09
316.00
315.82
315.84
316.12
316.68
317.42
318.23
318.78
319.00
318.83
318.40
317.99
317.72
317.66
317.74
317.91
318.09
318.24
318.33
318.38
318.39
318.49
318.69
319.00
319.39
319.79
319.96
319.82
319.36
318.70
317.93
317.23
316.68
316.31
316.09
315.98
315.98
316.08
316.25
316.47
316.70
316.90
317.07
317.18
317.24
317.28
317.18
316.94
316.56
316.11
315.62
315.25
315.03
314.98
315.05
315.21
315.41
315.64
315.87
316.10
316.30
316.40
316.38
316.24
316.03
315.95
316.08
316.43
316.92
317.48
317.87
318.04
317.93
317.65
317.26
316.81
316.35
315.90
315.48
315.11
314.81
314.60
314.48
314.42
314.41
314.54
314.82
315.23
315.73
316.25
316.71
317.07
317.32
317.48
317.57
317.62
317.67
317.72
317.77
317.82
317.94
318.15
318.45
318.80
319.16
319.29
319.16
318.74
318.13
317.44
316.61
315.67
314.66
313.64
312.69
312.06
311.82
311.98
312.41
312.96
313.53
314.07
314.55
314.96
315.36
315.75
316.15
316.52
316.87
317.01
316.92
316.59
316.12
315.57
315.04
314.59
314.25
313.99
313.81
313.86
314.14
314.65
315.29
315.99
316.64
317.20
317.63
317.96
318.19
318.31
318.34
318.29
318.18
318.05
317.92
317.83
317.77
317.74
317.73
317.80
317.93
318.14
318.38
318.64
318.86
319.04
319.17
319.24
319.29
319.25
319.12
318.93
318.68
318.42
317.93
317.17
316.14
314.99
314.03
313.35
313.01
312.94
313.05
313.42
314.02
314.81
315.69
316.60
317.31
317.76
317.93
317.89
317.71
317.55
317.46
317.48
317.57
317.71
317.75
317.64
317.37
317.00
316.58
315.99
315.23
314.31
313.32
312.35
311.60
311.12
310.93
310.97
311.16
311.68
312.53
313.69
315.00
316.34
317.43
318.16
318.51
318.57
318.42
318.21
318.01
317.87
317.78
317.73
317.63
317.46
317.20
316.91
316.76
316.80
317.06
317.45
317.91
318.35
318.71
318.99
319.18
319.30
319.35
319.32
319.23
319.10
318.95
318.72
318.39
317.99
317.54
317.09
316.67
316.28
315.94
315.65
315.41
315.25
315.17
315.15
315.18
315.25
315.34
315.44
315.53
315.63
315.71
315.71
315.60
315.38
315.11
314.80
314.59
314.53
314.61
314.80
315.05
315.24
315.36
315.36
315.30
315.18
315.11
315.13
315.24
315.41
315.48
315.41
315.18
314.85
314.47
314.09
313.76
313.48
313.26
313.10
313.00
312.97
313.01
313.09
313.19
313.36
313.59
313.89
314.20
314.52
314.98
315.60
316.38
317.22
318.07
318.66
318.93
318.86
318.55
318.09
317.78
317.73
317.98
318.42
318.97
319.33
319.42
319.20
318.76
318.20
317.69
317.29
317.05
316.94
316.91
316.93
316.95
316.97
316.99
317.00
316.85
316.51
315.98
315.34
314.66
314.10
313.69
313.48
313.42
313.53
313.81
314.24
314.73
315.25
315.63
315.82
315.81
315.65
315.39
315.19
315.10
315.13
315.25
315.43
315.62
315.78
315.90
316.00
316.06
316.16
316.30
316.49
316.70
316.92
317.02
316.99
316.80
316.52
316.19
315.93
315.75
315.70
315.73
315.82
315.87
315.84
315.72
315.55
315.34
315.18
315.09
315.07
315.10
315.18
315.27
315.38
315.49
315.59
315.68
315.90
316.26
316.76
317.34
317.76
317.94
317.86
317.59
317.22
316.67
315.99
315.19
314.35
313.53
312.88
312.42
312.19
312.12
312.18
312.36
312.66
313.05
313.48
313.92
314.33
314.72
315.05
315.34
315.57
315.89
316.33
316.88
317.49
318.10
318.42
318.38
317.95
317.29
316.48
315.73
315.12
314.68
314.39
314.21
314.27
314.55
315.04
315.64
316.30
316.88
317.33
317.63
317.81
317.89
317.81
317.60
317.26
316.84
316.54
316.38
316.42
316.58
316.82
317.08
317.33
317.53
317.70
317.84
317.97
318.10
318.24
318.38
318.51
318.50
318.31
317.95
317.49
316.98
316.54
316.22
316.03
315.96
315.96
315.99
316.02
316.05
316.06
316.07
316.15
316.32
316.58
316.89
317.22
317.52
317.77
317.96
318.09
318.18
318.21
318.17
318.09
317.97
317.84
317.80
317.90
318.13
318.45
318.80
319.09
319.28
319.34
319.31
319.22
318.93
318.44
317.75
316.96
316.30
315.85
315.65
315.63
315.75
315.98
316.28
316.65
317.02
317.40
317.74
318.05
318.32
318.54
318.72
318.87
318.97
319.05
319.10
319.13
319.12
319.06
318.97
318.85
318.72
318.54
318.30
318.01
317.70
317.39
317.18
317.09
317.13
317.26
317.44
317.57
317.62
317.57
317.45
317.28
316.99
316.58
316.04
315.45
314.85
314.28
313.76
313.30
312.90
312.58
312.46
312.55
312.85
313.28
313.78
314.31
314.82
315.29
315.72
316.11
316.47
316.81
317.11
317.36
317.47
317.42
317.19
316.87
316.48
316.14
315.86
315.67
315.56
315.50
315.60
315.85
316.24
316.72
317.23
317.58
317.71
317.60
317.33
316.97
316.85
317.05
317.62
318.41
319.32
319.97
320.25
320.11
319.69
319.09
318.42
317.76
317.15
316.60
316.14
315.86
315.77
315.89
316.13
316.46
316.80
317.11
317.38
317.60
317.70
317.66
317.49
317.24
316.95
316.61
316.24
315.87
315.51
315.17
315.04
315.13
315.45
315.92
316.47
317.04
317.60
318.12
318.58
318.99
319.32
319.59
319.80
319.96
320.08
319.97
319.61
319.01
318.26
317.46
316.77
316.24
315.91
315.74
315.68
315.69
315.72
315.76
315.80
315.84
315.80
315.66
315.42
315.12
314.80
314.53
314.34
314.24
314.21
314.24
314.43
314.79
315.32
315.95
316.60
317.03
317.17
316.99
316.59
316.37
316.41
316.80
317.40
318.12
318.57
318.64
318.28
317.63
316.83
316.20
315.83
315.80
316.01
316.36
316.67
316.87
316.90
316.83
316.68
316.53
316.43
316.39
316.40
316.43
316.46
316.47
316.45
316.41
316.36
316.18
315.84
315.34
314.76
314.15
313.64
313.26
313.03
312.92
312.90
313.06
313.37
313.84
314.40
314.98
315.76
316.74
317.93
319.20
320.44
321.30
321.66
321.51
321.00
320.33
319.59
318.89
318.24
317.67
317.36
317.36
317.65
318.15
318.75
319.14
319.21
318.93
318.42
317.77
317.06
316.35
315.67
315.05
314.50
314.10
313.83
313.71
313.69
313.75
313.94
314.25
314.66
315.13
315.62
315.98
316.17
316.20
316.10
315.91
315.68
315.43
315.18
314.94
314.72
314.69
314.87
315.27
315.81
316.40
316.91
317.27
317.45
317.50
317.46
317.27
316.95
316.51
316.02
315.57
315.19
314.92
314.73
314.61
314.63
314.79
315.07
315.42
315.80
316.08
316.22
316.20
316.07
315.86
315.78
315.87
316.15
316.56
317.02
317.40
317.65
317.73
317.70
317.58
317.52
317.56
317.72
317.95
318.22
318.43
318.54
318.53
318.44
318.31
318.19
318.13
318.13
318.18
318.26
318.30
318.28
318.21
318.09
317.94
317.74
317.48
317.16
316.83
316.49
316.20
315.98
315.82
315.72
315.61
315.48
315.30
315.11
314.92
314.68
314.40
314.07
313.73
313.40
313.09
312.82
312.58
312.39
312.23
312.35
312.77
313.51
314.43
315.42
316.17
316.60
316.65
316.44
316.06
315.68
315.37
315.19
315.11
315.10
315.17
315.30
315.48
315.69
315.91
316.12
316.31
316.49
316.64
316.76
316.78
316.68
316.47
316.19
315.88
315.67
315.59
315.66
315.84
316.08
316.32
316.54
316.72
316.86
316.97
317.04
317.09
317.12
317.14
317.28
317.56
317.99
318.51
319.06
319.31
319.19
318.66
317.89
316.97
316.20
315.66
315.41
315.37
315.49
315.49
315.30
314.89
314.34
313.72
313.06
312.39
311.75
311.15
310.61
310.44
310.69
311.36
312.29
313.36
314.27
314.94
315.30
315.43
315.39
315.24
315.01
314.75
314.46
314.19
313.96
313.79
313.68
313.62
313.60
313.60
313.63
313.67
313.71
313.76
313.91
314.18
314.58
315.04
315.44
315.73
315.90
315.97
315.97
315.76
315.33
314.69
313.93
313.14
312.77
312.90
313.59
314.63
315.86
316.84
317.42
317.54
317.33
316.90
316.52
316.29
316.28
316.42
316.65
316.86
317.00
317.04
317.02
316.95
316.90
316.90
316.96
317.05
317.17
317.17
317.01
316.68
316.25
315.78
315.41
315.18
315.12
315.17
315.31
315.50
315.71
315.92
316.13
316.33
316.50
316.64
316.77
316.86
316.89
316.83
316.69
316.50
316.29
315.99
315.61
315.15
314.66
314.17
313.82
313.64
313.64
313.76
313.97
314.20
314.41
314.59
314.74
314.86
314.95
315.02
315.06
315.09
315.11
315.30
315.70
316.31
317.05
317.83
318.39
318.65
318.58
318.29
317.86
317.48
317.24
317.15
317.20
317.32
317.26
316.95
316.36
315.61
314.78
314.05
313.48
313.11
312.90
312.81
312.81
312.88
312.98
313.11
313.25
313.36
313.43
313.45
313.45
313.34
313.13
312.81
312.44
312.05
311.85
311.89
312.20
312.67
313.23
313.82
314.41
314.96
315.45
315.88
316.38
316.96
317.63
318.34
319.03
319.62
320.08
320.40
320.60
320.71
320.62
320.32
319.82
319.22
318.57
318.08
317.82
317.80
317.96
318.24
318.42
318.44
318.27
317.98
317.62
317.12
316.49
315.76
314.99
314.24
313.65
313.25
313.07
313.04
313.13
313.29
313.49
313.72
313.94
314.24
314.60
315.04
315.51
315.97
316.43
316.87
317.30
317.69
318.03
318.27
318.39
318.41
318.34
318.23
318.16
318.17
318.27
318.44
318.64
318.83
318.98
319.09
319.16
319.20
319.17
319.05
318.86
318.63
318.38
318.13
317.90
317.68
317.50
317.34
317.21
317.11
317.04
316.98
316.94
316.92
316.91
316.90
316.91
316.91
316.95
317.02
317.12
317.23
317.36
317.35
317.17
316.83
316.38
315.94
315.55
315.25
315.03
314.87
314.93
315.21
315.72
316.36
317.05
317.65
318.08
318.32
318.43
318.42
318.26
317.96
317.54
317.06
316.55
316.04
315.53
315.03
314.58
314.18
313.83
313.55
313.32
313.14
313.01
312.94
312.94
312.99
313.08
313.20
313.32
313.44
313.56
313.66
313.75
313.86
313.98
314.12
314.26
314.40
314.64
314.99
315.44
315.95
316.47
316.81
316.93
316.80
316.50
316.19
315.92
315.74
315.62
315.56
315.51
315.47
315.41
315.35
315.29
315.31
315.43
315.65
315.93
316.23
316.60
317.01
317.45
317.90
318.33
318.51
318.39
317.96
317.35
316.63
316.01
315.57
315.33
315.25
315.29
315.44
315.67
315.95
316.26
316.57
316.94
317.38
317.88
318.40
318.90
319.26
319.44
319.44
319.31
319.09
318.75
318.29
317.75
317.16
316.58
316.07
315.63
315.30
315.05
314.89
314.83
314.85
314.93
315.04
315.19
315.38
315.61
315.83
316.06
316.24
316.36
316.43
316.46
316.45
316.40
316.30
316.16
316.00
315.83
315.78
315.86
316.08
316.40
316.76
316.91
316.82
316.44
315.88
315.23
314.65
314.21
313.95
313.82
313.79
313.89
314.10
314.40
314.75
315.12
315.47
315.80
316.10
316.36
316.57
316.85
317.21
317.67
318.17
318.67
319.01
319.16
319.09
318.88
318.58
318.28
318.03
317.85
317.74
317.70
317.73
317.81
317.94
318.08
318.13
318.04
317.82
317.52
317.17
316.86
316.63
316.48
316.41
316.39
316.41
316.45
316.51
316.58
316.65
316.72
316.78
316.84
316.89
316.92
317.09
317.40
317.87
318.41
318.99
319.39
319.57
319.51
319.28
318.94
318.54
318.13
317.73
317.36
317.02
316.65
316.24
315.77
315.30
314.85
314.56
314.48
314.61
314.88
315.24
315.59
315.88
316.09
316.23
316.32
316.36
316.37
316.36
316.33
316.27
316.17
316.04
315.89
315.74
315.49
315.12
314.65
314.12
313.58
313.15
312.85
312.70
312.67
312.72
312.74
312.70
312.58
312.42
312.22
312.18
312.33
312.69
313.16
313.71
314.23
314.71
315.12
315.45
315.71
315.80
315.71
315.46
315.09
314.67
314.23
313.80
313.41
313.06
312.75
312.47
312.21
311.96
311.74
311.54
311.48
311.57
311.82
312.16
312.66
313.30
314.05
314.84
315.61
316.26
316.74
317.03
317.19
317.23
317.22
317.19
317.16
317.13
317.10
317.02
316.88
316.69
316.46
316.22
316.04
315.94
315.93
315.98
316.06
316.07
315.96
315.73
315.42
315.07
314.85
314.80
314.93
315.19
315.52
315.83
316.09
316.26
316.37
316.42
316.33
316.09
315.70
315.23
314.73
314.47
314.52
314.90
315.49
316.20
316.93
317.62
318.23
318.75
318.99
318.94
318.58
318.03
317.38
316.90
316.68
316.76
317.03
317.44
317.86
318.25
318.56
318.80
318.98
319.05
319.02
318.89
318.70
318.47
318.15
317.75
317.27
316.75
316.25
315.90
315.76
315.84
316.06
316.37
316.70
317.02
317.29
317.52
317.71
317.94
318.22
318.56
318.94
319.31
319.50
319.47
319.22
318.81
318.32
317.96
317.79
317.84
318.05
318.35
318.73
319.16
319.61
320.05
320.47
320.76
320.91
320.92
320.82
320.68
320.53
320.40
320.28
320.19
320.14
320.14
320.18
320.26
320.35
320.37
320.29
320.12
319.89
319.62
319.32
319.00
318.67
318.35
318.05
317.84
317.73
317.72
317.78
317.88
317.81
317.49
316.93
316.22
315.44
314.65
313.91
313.23
312.64
312.14
311.94
312.07
312.53
313.20
313.98
314.55
314.83
314.77
314.47
314.02
313.73
313.69
313.95
314.40
314.96
315.59
316.26
316.93
317.56
318.05
318.38
318.54
318.57
318.50
318.43
318.38
318.38
318.42
318.47
318.54
318.61
318.68
318.75
318.81
318.86
318.90
318.94
318.97
318.99
318.85
318.51
317.98
317.35
316.67
316.08
315.62
315.32
315.14
315.07
315.06
315.11
315.19
315.29
315.40
315.35
315.10
314.66
314.10
313.49
312.98
312.63
312.45
312.41
312.47
312.59
312.75
312.93
313.11
313.29
313.50
313.76
314.06
314.37
314.68
314.97
315.22
315.44
315.63
315.67
315.56
315.29
314.92
314.51
314.25
314.19
314.34
314.65
315.05
315.59
316.26
317.03
317.84
318.63
319.26
319.68
319.89
319.93
319.86
319.55
319.01
318.26
317.40
316.50
315.80
315.34
315.16
315.19
315.36
315.56
315.76
315.91
316.02
316.09
316.11
316.08
316.00
315.89
315.77
315.59
315.35
315.06
314.74
314.43
314.13
313.86
313.63
313.43
313.40
313.56
313.91
314.37
314.89
315.34
315.68
315.88
315.97
315.98
315.99
316.03
316.10
316.21
316.32
316.25
315.96
315.44
314.78
314.06
313.48
313.08
312.91
312.90
313.00
313.29
313.74
314.34
315.01
315.69
316.37
317.03
317.65
318.21
318.70
319.06
319.28
319.36
319.35
319.27
319.07
318.75
318.32
317.85
317.36
316.81
316.21
315.57
314.93
314.32
313.82
313.46
313.23
313.11
313.08
313.24
313.59
314.12
314.76
315.33
315.76
316.02
316.15
316.18
316.19
316.21
316.27
316.35
316.44
316.56
316.71
316.88
317.06
317.24
317.24
317.05
316.64
316.11
315.51
315.18
315.17
315.53
316.13
316.86
317.49
317.93
318.14
318.17
318.07
317.87
317.59
317.25
316.89
316.54
316.19
315.84
315.49
315.17
314.88
314.69
314.59
314.60
314.68
314.81
314.94
315.04
315.11
315.16
315.18
315.21
315.26
315.34
315.43
315.60
315.86
316.21
316.61
317.01
317.24
317.26
317.04
316.67
316.22
315.78
315.41
315.12
314.92
314.78
314.85
315.15
315.67
316.33
317.03
317.58
317.90
317.98
317.87
317.64
317.39
317.17
317.01
316.89
316.82
316.75
316.67
316.58
316.49
316.40
316.23
315.98
315.65
315.27
314.89
314.57
314.35
314.22
314.18
314.19
314.22
314.23
314.24
314.22
314.20
314.23
314.32
314.47
314.66
314.92
315.23
315.60
315.99
316.37
316.72
317.04
317.31
317.54
317.72
317.95
318.23
318.57
318.94
319.31
319.53
319.56
319.39
319.09
318.71
318.23
317.64
316.99
316.32
315.67
315.07
314.54
314.09
313.71
313.41
313.28
313.34
313.58
313.92
314.33
314.73
315.10
315.40
315.64
315.83
315.90
315.82
315.62
315.34
315.02
314.87
314.95
315.28
315.76
316.32
316.80
317.15
317.34
317.39
317.33
317.18
316.95
316.69
316.42
316.18
315.99
315.85
315.77
315.72
315.62
315.45
315.20
314.91
314.60
314.44
314.44
314.64
314.95
315.34
315.70
315.99
316.20
316.33
316.41
316.49
316.61
316.76
316.93
317.11
317.02
316.60
315.85
314.91
313.88
312.97
312.27
311.82
311.57
311.47
311.56
311.82
312.23
312.71
313.23
313.79
314.39
315.00
315.58
316.12
316.58
316.93
317.18
317.35
317.45
317.60
317.83
318.17
318.55
318.87
319.09
319.19
319.19
319.13
318.86
318.39
317.72
316.94
316.14
315.40
314.78
314.31
313.96
313.72
313.70
313.90
314.31
314.85
315.45
315.98
316.40
316.66
316.82
316.88
316.74
316.41
315.88
315.26
314.59
314.03
313.64
313.44
313.39
313.43
313.63
313.96
314.41
314.91
315.43
315.93
316.40
316.81
317.16
317.45
317.60
317.61
317.48
317.25
316.97
316.86
316.96
317.30
317.79
318.28
318.70
319.01
319.23
319.37
319.39
319.31
319.13
318.89
318.62
318.29
317.91
317.49
317.06
316.65
316.30
316.03
315.83
315.71
315.63
315.60
315.60
315.62
315.66
315.70
315.91
316.30
316.87
317.55
318.27
318.94
319.53
320.03
320.43
320.74
320.73
320.38
319.68
318.79
317.79
316.76
315.74
314.78
313.90
313.13
312.63
312.44
312.55
312.86
313.30
313.81
314.34
314.85
315.32
315.77
316.19
316.58
316.93
317.23
317.48
317.69
317.85
317.97
318.06
318.14
318.23
318.34
318.45
318.55
318.38
317.90
317.08
316.08
315.00
314.08
313.40
313.02
312.85
312.85
313.07
313.49
314.08
314.75
315.45
316.05
316.51
316.80
316.97
317.03
317.02
316.96
316.86
316.75
316.63
316.51
316.40
316.31
316.22
316.15
316.14
316.21
316.36
316.55
316.76
316.84
316.75
316.50
316.13
315.70
315.37
315.17
315.12
315.19
315.26
315.28
315.22
315.12
314.99
314.89
314.86
314.90
314.99
315.10
315.28
315.53
315.83
316.16
316.49
316.69
316.75
316.64
316.42
316.14
316.04
316.18
316.59
317.17
317.83
318.41
318.85
319.11
319.24
319.26
319.23
319.19
319.15
319.11
319.08
318.95
318.69
318.32
317.88
317.42
316.99
316.63
316.34
316.12
315.96
315.79
315.61
315.39
315.17
314.95
314.88
314.98
315.27
315.67
316.07
316.43
316.72
316.93
317.08
317.19
317.25
317.28
317.29
317.27
317.23
317.14
317.02
316.88
316.73
316.38
315.79
314.96
314.01
313.02
312.38
312.18
312.45
313.05
313.84
314.59
315.20
315.62
315.88
316.02
316.06
316.03
315.96
315.85
315.73
315.69
315.75
315.90
316.13
316.38
316.65
316.91
317.15
317.36
317.54
317.59
317.49
317.22
316.87
316.47
316.16
315.99
315.98
316.08
316.25
316.36
316.36
316.24
316.03
315.78
315.50
315.23
314.98
314.75
314.60
314.54
314.58
314.68
314.82
315.04
315.32
315.67
316.03
316.39
316.43
316.11
315.39
314.44
313.38
312.56
312.09
312.02
312.24
312.65
313.22
313.90
314.65
315.41
316.14
316.64
316.87
316.83
316.60
316.24
315.74
315.12
314.41
313.68
312.97
312.39
311.98
311.75
311.65
311.66
311.89
312.36
313.04
313.83
314.67
315.29
315.65
315.71
315.55
315.38
315.28
315.31
315.41
315.57
315.65
315.62
315.46
315.22
314.93
314.59
314.23
313.86
313.50
313.17
313.14
313.46
314.14
315.04
316.04
316.79
317.20
317.20
316.93
316.47
315.97
315.48
315.06
314.71
314.43
314.26
314.21
314.27
314.40
314.58
314.89
315.33
315.88
316.49
317.10
317.56
317.80
317.83
317.69
317.45
317.26
317.17
317.20
317.32
317.49
317.61
317.65
317.59
317.46
317.27
317.02
316.75
316.46
316.18
316.02
316.02
316.18
316.44
316.76
317.03
317.20
317.25
317.22
317.14
317.18
317.38
317.77
318.27
318.82
319.24
319.49
319.52
319.41
319.21
319.03
318.91
318.89
318.93
319.02
319.05
319.01
318.87
318.67
318.44
318.18
317.89
317.59
317.29
317.01
316.69
316.30
315.85
315.38
314.93
314.54
314.22
313.98
313.82
313.71
313.82
314.14
314.68
315.34
315.84
316.09
316.05
315.80
315.43
315.25
315.35
315.78
316.41
317.15
317.71
318.02
318.02
317.80
317.45
316.91
316.21
315.40
314.53
313.69
312.95
312.36
311.92
311.62
311.43
311.54
311.96
312.69
313.59
314.56
315.45
316.20
316.77
317.18
317.46
317.79
318.22
318.77
319.39
320.02
320.40
320.49
320.25
319.81
319.24
318.70
318.24
317.90
317.68
317.53
317.40
317.26
317.10
316.93
316.75
316.62
316.53
316.50
316.50
316.45
316.32
316.11
315.84
315.56
315.39
315.35
315.47
315.68
315.96
316.26
316.57
316.86
317.12
317.35
317.63
317.97
318.36
318.78
319.19
319.36
319.25
318.84
318.24
317.54
316.83
316.17
315.59
315.10
314.70
314.40
314.22
314.13
314.11
314.15
314.41
314.90
315.62
316.47
317.36
318.18
318.88
319.43
319.84
320.14
320.29
320.30
320.18
319.98
319.74
319.45
319.13
318.79
318.45
318.06
317.61
317.10
316.58
316.07
315.74
315.62
315.71
315.95
316.29
316.72
317.22
317.78
318.34
318.87
319.20
319.29
319.12
318.78
318.34
317.91
317.53
317.24
317.02
316.86
316.66
316.37
315.99
315.56
315.12
314.70
314.32
313.98
313.69
313.45
313.44
313.70
314.21
314.88
315.62
316.22
316.60
316.72
316.67
316.48
316.22
315.92
315.61
315.30
315.02
314.84
314.80
314.88
315.06
315.28
315.66
316.20
316.89
317.65
318.36
318.97
319.45
319.82
320.09
320.16
320.05
319.75
319.34
318.88
318.32
317.68
316.98
316.28
315.62
315.09
314.73
314.54
314.49
314.54
314.75
315.13
315.66
316.26
316.88
317.37
317.70
317.84
317.84
317.74
317.74
317.88
318.20
318.63
319.11
319.61
320.08
320.51
320.89
321.22
321.39
321.37
321.19
320.88
320.52
319.97
319.23
318.33
317.36
316.40
315.59
315.00
314.63
314.45
314.38
314.38
314.41
314.46
314.53
314.60
314.67
314.74
314.80
314.85
315.09
315.52
316.18
316.95
317.76
318.47
319.04
319.44
319.69
319.83
320.02
320.30
320.69
321.14
321.61
321.77
321.57
320.96
320.11
319.14
318.16
317.23
316.41
315.70
315.12
314.70
314.45
314.36
314.38
314.49
314.59
314.65
314.66
314.63
314.58
314.73
315.11
315.75
316.53
317.37
317.99
318.32
318.32
318.09
317.68
317.16
316.57
315.97
315.39
314.93
314.63
314.49
314.48
314.55
314.70
314.92
315.18
315.46
315.74
316.01
316.24
316.45
316.62
316.77
316.96
317.22
317.55
317.91
318.27
318.59
318.86
319.05
319.18
319.26
319.09
318.64
317.92
317.05
316.11
315.16
314.22
313.35
312.55
311.86
311.49
311.47
311.80
312.37
313.07
313.66
314.07
314.24
314.24
314.13
313.98
313.86
313.78
313.73
313.71
313.85
314.16
314.63
315.19
315.68
316.05
316.24
316.32
316.30
316.35
316.51
316.81
317.19
317.61
317.98
318.26
318.45
318.55
318.60
318.49
318.23
317.82
317.33
316.81
316.48
316.40
316.58
316.95
317.43
317.84
318.14
318.29
318.33
318.28
318.15
317.96
317.72
317.46
317.20
316.90
316.57
316.19
315.81
315.45
315.17
314.99
314.92
314.93
314.99
315.09
315.21
315.33
315.46
315.57
315.57
315.43
315.15
314.78
314.40
314.05
313.75
313.49
313.29
313.35
313.69
314.32
315.12
315.99
316.66
317.04
317.09
316.90
316.56
316.14
315.67
315.20
314.75
314.35
314.12
314.11
314.30
314.64
315.05
315.47
315.86
316.20
316.48
316.70
316.63
316.24
315.53
314.63
313.64
312.83
312.29
312.06
312.05
312.20
312.56
313.11
313.81
314.57
315.35
316.11
316.84
317.52
318.13
318.66
318.86
318.70
318.18
317.43
316.58
315.74
314.94
314.23
313.61
313.22
313.09
313.20
313.48
313.87
314.31
314.76
315.19
315.60
315.95
316.29
316.60
316.89
317.15
317.39
317.55
317.66
317.69
317.68
317.64
317.44
317.07
316.55
315.94
315.30
314.86
314.68
314.79
315.09
315.51
315.83
315.98
315.93
315.73
315.45
315.26
315.20
315.31
315.53
315.82
316.06
316.21
316.25
316.21
316.12
316.18
316.44
316.92
317.53
318.20
318.70
319.00
319.04
318.91
318.56
318.01
317.31
316.53
315.74
315.31
315.32
315.78
316.55
317.48
318.16
318.47
318.34
317.92
317.30
316.64
316.00
315.45
314.99
314.61
314.40
314.34
314.45
314.66
314.93
315.26
315.62
316.00
316.38
316.73
317.07
317.39
317.71
318.00
318.26
318.50
318.74
318.98
319.20
319.39
319.48
319.45
319.30
319.07
318.80
318.54
318.32
318.14
318.01
317.92
317.70
317.32
316.77
316.13
315.52
314.98
314.55
314.21
313.97
313.91
314.03
314.33
314.73
315.19
315.53
315.70
315.67
315.51
315.26
315.10
315.08
315.22
315.46
315.77
316.08
316.36
316.59
316.77
316.91
317.04
317.17
317.30
317.44
317.56
317.59
317.51
317.32
317.07
316.78
316.74
317.03
317.66
318.49
319.42
320.24
320.86
321.26
321.46
321.53
321.34
320.89
320.21
319.40
318.54
317.89
317.50
317.41
317.55
317.80
318.11
318.42
318.73
319.01
319.18
319.22
319.14
318.96
318.73
318.53
318.39
318.32
318.31
318.34
318.37
318.39
318.37
318.35
318.31
318.19
317.97
317.66
317.30
316.92
316.59
316.30
316.09
315.93
315.83
315.63
315.31
314.86
314.33
313.79
313.42
313.27
313.36
313.62
313.99
314.43
314.92
315.42
315.92
316.37
316.75
317.05
317.25
317.38
317.45
317.31
316.96
316.40
315.71
314.98
314.47
314.25
314.34
314.66
315.01
315.30
315.50
315.60
315.65
315.72
315.86
316.07
316.32
316.58
316.79
316.92
316.96
316.94
316.87
316.84
316.84
316.91
317.02
317.14
317.14
316.99
316.67
316.25
315.78
315.46
315.35
315.46
315.73
316.10
316.40
316.59
316.64
316.59
316.47
316.25
315.95
315.58
315.19
314.79
314.50
314.34
314.31
314.38
314.52
314.80
315.22
315.77
316.39
317.01
317.58
318.07
318.46
318.76
318.99
319.15
319.25
319.31
319.33
319.33
319.32
319.29
319.25
319.21
319.07
318.80
318.41
317.96
317.48
316.93
316.33
315.67
315.01
314.39
314.10
314.18
314.65
315.38
316.24
317.02
317.63
318.03
318.25
318.34
318.35
318.33
318.30
318.26
318.22
318.02
317.64
317.07
316.40
315.70
315.16
314.86
314.82
314.96
315.22
315.66
316.25
316.97
317.75
318.52
319.11
319.48
319.61
319.56
319.44
319.30
319.19
319.11
319.04
318.72
318.12
317.20
316.12
314.99
314.14
313.67
313.63
313.88
314.34
314.61
314.59
314.23
313.64
312.93
312.43
312.25
312.43
312.85
313.42
314.07
314.73
315.37
315.96
316.48
316.79
316.88
316.73
316.42
316.03
315.70
315.48
315.41
315.44
315.55
315.68
315.80
315.89
315.96
316.02
315.97
315.82
315.57
315.25
314.91
314.54
314.16
313.78
313.41
313.22
313.22
313.42
313.75
314.16
314.70
315.36
316.13
316.93
317.70
318.35
318.82
319.10
319.24
319.28
319.34
319.47
319.70
319.98
320.29
320.46
320.46
320.28
319.98
319.60
319.28
319.06
318.95
318.93
318.97
318.98
318.92
318.77
318.57
318.35
318.10
317.82
317.53
317.24
316.98
316.87
316.95
317.22
317.62
318.07
318.33
318.34
318.06
317.59
317.02
316.43
315.87
315.38
314.96
314.62
314.48
314.56
314.85
315.27
315.66
315.96
316.11
316.16
316.13
315.86
315.35
314.60
313.72
312.79
312.10
311.72
311.68
311.89
312.25
312.70
313.20
313.70
314.17
314.59
314.84
314.87
314.68
314.36
313.95
313.69
313.65
313.85
314.21
314.67
315.22
315.84
316.49
317.14
317.74
318.23
318.59
318.81
318.92
318.95
318.84
318.60
318.23
317.81
317.36
316.97
316.67
316.48
316.38
316.34
316.32
316.30
316.27
316.24
316.23
316.25
316.30
316.38
316.46
316.50
316.47
316.37
316.23
316.07
315.89
315.72
315.57
315.43
315.30
315.18
315.04
314.88
314.73
314.58
314.50
314.50
314.58
314.71
314.87
314.91
314.79
314.51
314.12
313.69
313.24
312.80
312.40
312.04
311.74
311.54
311.45
311.47
311.57
311.71
311.99
312.40
312.93
313.52
314.12
314.67
315.14
315.51
315.80
316.01
316.19
316.34
316.48
316.61
316.80
317.07
317.41
317.79
318.17
318.59
319.04
319.51
319.98
320.41
320.61
320.55
320.21
319.69
319.08
318.40
317.71
317.02
316.38
315.80
315.36
315.05
314.89
314.83
314.86
314.99
315.21
315.52
315.87
316.23
316.63
317.06
317.52
317.98
318.40
318.65
318.70
318.54
318.23
317.85
317.58
317.50
317.63
317.90
318.26
318.49
318.55
318.40
318.12
317.75
317.32
316.85
316.37
315.91
315.48
315.13
314.87
314.69
314.58
314.66
314.93
315.39
315.97
316.58
316.98
317.10
316.92
316.52
316.00
315.45
314.92
314.45
314.04
313.70
313.47
313.37
313.39
313.48
313.63
313.97
314.50
315.22
316.04
316.87
317.44
317.66
317.52
317.12
316.57
316.18
316.05
316.21
316.59
317.09
317.51
317.80
317.90
317.87
317.75
317.68
317.70
317.84
318.05
318.30
318.30
317.99
317.35
316.50
315.57
314.80
314.28
314.07
314.07
314.31
314.75
315.33
315.99
316.66
317.24
317.66
317.93
318.07
318.10
318.10
318.08
318.06
318.04
318.03
317.88
317.59
317.13
316.60
316.03
315.55
315.19
314.99
314.90
314.90
314.95
315.05
315.17
315.29
315.42
315.57
315.73
315.92
316.10
316.28
316.50
316.76
317.06
317.38
317.68
317.97
318.22
318.44
318.63
318.78
318.84
318.81
318.70
318.52
318.32
318.11
317.90
317.71
317.53
317.28
316.92
316.46
315.96
315.44
314.98
314.59
314.28
314.05
313.89
313.86
313.97
314.21
314.52
314.88
315.16
315.33
315.38
315.35
315.25
315.19
315.21
315.32
315.48
315.68
315.76
315.67
315.42
315.06
314.64
314.24
313.87
313.57
313.33
313.14
313.08
313.16
313.36
313.65
313.97
314.25
314.46
314.59
314.64
314.65
314.72
314.90
315.18
315.54
315.92
316.19
316.31
316.28
316.13
315.94
315.74
315.57
315.41
315.28
315.23
315.26
315.37
315.54
315.74
315.97
316.22
316.50
316.77
317.03
317.31
317.63
317.98
318.33
318.67
318.89
318.99
318.95
318.82
318.63
318.49
318.44
318.48
318.59
318.74
318.73
318.51
318.06
317.48
316.83
316.27
315.87
315.65
315.57
315.58
315.83
316.31
317.00
317.81
318.65
319.39
319.99
320.40
320.67
320.83
320.89
320.89
320.84
320.76
320.66
320.37
319.87
319.15
318.32
317.58
317.02
316.68
316.51
316.48
316.48
316.48
316.46
316.41
316.36
316.20
315.92
315.51
315.03
314.54
314.22
314.11
314.25
314.54
314.94
315.32
315.65
315.90
316.09
316.21
316.34
316.49
316.68
316.88
317.08
317.30
317.53
317.77
318.00
318.22
318.44
318.66
318.89
319.11
319.31
319.36
319.22
318.90
318.47
317.98
317.61
317.41
317.41
317.55
317.78
318.03
318.27
318.48
318.65
318.69
318.57
318.29
317.92
317.51
317.11
316.76
316.47
316.25
316.07
315.92
315.78
315.64
315.51
315.39
315.41
315.61
315.99
316.46
316.99
317.41
317.68
317.78
317.76
317.65
317.40
317.03
316.56
316.04
315.51
315.09
314.80
314.66
314.63
314.69
314.77
314.86
314.92
314.97
315.01
315.14
315.39
315.75
316.18
316.63
316.97
317.15
317.17
317.06
316.88
316.62
316.31
315.98
315.63
315.39
315.26
315.26
315.36
315.51
315.62
315.65
315.58
315.45
315.28
315.17
315.15
315.24
315.40
315.59
315.69
315.68
315.52
315.28
314.99
314.70
314.45
314.25
314.10
313.99
313.99
314.11
314.35
314.66
315.00
315.46
316.02
316.68
317.37
318.05
318.63
319.08
319.40
319.60
319.70
319.63
319.39
318.99
318.49
317.95
317.37
316.75
316.12
315.51
314.95
314.74
314.95
315.57
316.46
317.49
318.32
318.84
319.00
318.90
318.62
318.23
317.79
317.33
316.88
316.44
316.01
315.61
315.24
314.91
314.55
314.15
313.70
313.25
312.80
312.50
312.37
312.42
312.60
312.85
313.14
313.44
313.73
314.01
314.25
314.47
314.64
314.79
314.90
314.98
314.99
314.91
314.76
314.56
314.33
314.13
313.97
313.85
313.78
313.75
313.73
313.74
313.76
313.78
313.81
314.00
314.38
314.94
315.60
316.30
316.91
317.38
317.69
317.87
317.95
317.96
317.91
317.83
317.73
317.48
317.09
316.54
315.91
315.26
314.74
314.38
314.22
314.21
314.29
314.41
314.54
314.66
314.76
314.84
314.88
314.88
314.83
314.75
314.65
314.52
314.36
314.18
313.99
313.80
313.76
313.89
314.20
314.62
315.10
315.51
315.81
315.97
316.04
316.03
316.05
316.12
316.28
316.48
316.70
316.92
317.14
317.34
317.51
317.66
317.67
317.54
317.26
316.89
316.50
316.13
315.82
315.55
315.34
315.25
315.29
315.47
315.73
316.03
316.45
316.99
317.64
318.33
319.00
319.26
319.03
318.28
317.20
315.96
314.82
313.90
313.26
312.85
312.62
312.51
312.47
312.47
312.50
312.55
312.79
313.26
313.94
314.74
315.59
316.34
316.93
317.36
317.64
317.80
317.92
318.04
318.17
318.31
318.44
318.38
318.09
317.56
316.89
316.16
315.75
315.74
316.17
316.90
317.38
317.48
317.09
316.38
315.50
314.74
314.22
314.01
314.02
314.19
314.45
314.78
315.12
315.47
315.79
316.10
316.41
316.72
317.00
317.25
317.30
317.14
316.75
316.22
315.63
315.18
314.93
314.92
315.08
315.35
315.71
316.12
316.56
317.00
317.42
317.82
318.20
318.57
318.90
319.20
319.36
319.39
319.29
319.09
318.84
318.52
318.12
317.68
317.23
316.80
316.53
316.46
316.60
316.88
317.24
317.54
317.72
317.75
317.68
317.51
317.28
316.99
316.68
316.37
316.03
315.66
315.25
314.85
314.47
314.31
314.41
314.78
315.31
315.94
316.41
316.65
316.62
316.41
316.08
315.76
315.51
315.37
315.30
315.28
315.37
315.54
315.79
316.09
316.40
316.72
317.06
317.40
317.73
318.02
318.31
318.59
318.86
319.11
319.33
319.42
319.35
319.12
318.79
318.41
317.97
317.47
316.93
316.40
315.90
315.58
315.47
315.59
315.85
316.25
316.76
317.35
317.95
318.54
318.92
319.06
318.94
318.65
318.25
317.76
317.24
316.70
316.17
315.69
315.48
315.57
315.97
316.58
317.30
318.02
318.70
319.30
319.82
320.24
320.47
320.50
320.33
320.03
319.67
319.16
318.53
317.79
317.02
316.26
315.66
315.26
315.07
315.04
315.13
315.23
315.32
315.37
315.38
315.37
315.23
314.96
314.57
314.10
313.60
313.30
313.25
313.47
313.86
314.52
315.41
316.49
317.65
318.80
319.83
320.70
321.37
321.88
322.24
322.24
321.87
321.13
320.18
319.13
317.99
316.80
315.60
314.47
313.43
312.79
312.59
312.85
313.41
314.15
314.94
315.68
316.32
316.86
317.30
317.72
318.16
318.61
319.06
319.48
319.61
319.42
318.88
318.14
317.30
316.61
316.16
315.99
316.04
316.23
316.54
316.93
317.36
317.81
318.24
318.55
318.73
318.76
318.69
318.55
318.50
318.59
318.83
319.17
319.59
320.05
320.53
321.00
321.43
321.61
321.48
321.05
320.42
319.70
318.85
317.94
316.98
316.04
315.17
314.44
313.88
313.49
313.25
313.12
313.15
313.34
313.67
314.08
314.52
314.94
315.30
315.59
315.82
315.98
316.05
316.01
315.88
315.68
315.46
315.12
314.65
314.08
313.46
312.85
312.50
312.49
312.82
313.39
314.09
314.81
315.50
316.12
316.65
317.10
317.33
317.32
317.09
316.70
316.45
316.41
316.63
317.01
317.50
318.08
318.72
319.40
320.07
320.69
321.04
321.07
320.76
320.24
319.60
318.79
317.86
316.85
315.82
314.85
314.14
313.76
313.72
313.92
314.28
314.68
315.05
315.37
315.62
315.82
315.94
315.99
315.97
315.91
315.81
315.70
315.59
315.48
315.37
315.28
315.09
314.80
314.39
313.92
313.43
313.20
313.29
313.70
314.33
315.07
315.75
316.29
316.66
316.88
316.90
316.75
316.45
316.05
315.61
315.37
315.40
315.72
316.23
316.84
317.41
317.88
318.21
318.44
318.57
318.64
318.65
318.62
318.57
318.50
318.43
318.35
318.28
318.22
318.16
317.98
317.65
317.17
316.62
316.03
315.67
315.60
315.84
316.28
316.84
317.19
317.24
316.94
316.41
315.75
315.12
314.57
314.16
313.86
313.66
313.72
314.06
314.67
315.44
316.27
316.95
317.40
317.59
317.58
317.36
316.95
316.41
315.79
315.15
314.48
313.80
313.12
312.48
311.90
311.63
311.71
312.16
312.84
313.65
314.42
315.08
315.60
315.98
316.25
316.40
316.44
316.39
316.29
316.14
316.03
315.98
316.00
316.07
316.16
316.46
316.98
317.72
318.57
319.46
320.17
320.62
320.81
320.78
320.62
320.15
319.38
318.35
317.17
315.97
314.99
314.32
313.99
313.93
314.04
314.17
314.26
314.25
314.18
314.06
314.01
314.03
314.16
314.34
314.72
315.30
316.06
316.91
317.78
318.42
318.79
318.84
318.67
318.36
318.04
317.77
317.60
317.50
317.45
317.40
317.31
317.18
317.03
316.86
316.54
316.05
315.38
314.62
313.84
313.31
313.08
313.18
313.50
313.97
314.63
315.42
316.33
317.27
318.19
318.71
318.77
318.34
317.60
316.67
315.96
315.58
315.61
315.91
316.40
316.74
316.85
316.67
316.29
315.80
315.49
315.45
315.72
316.18
316.53
316.65
316.49
316.13
315.66
315.30
315.11
315.13
315.30
315.56
315.79
315.95
316.02
316.01
315.94
315.88
315.82
315.80
315.79
315.79
315.78
315.74
315.68
315.60
315.51
315.47
315.50
315.60
315.75
315.92
316.25
316.77
317.46
318.25
319.05
319.56
319.69
319.43
318.91
318.22
317.60
317.11
316.82
316.68
316.65
316.57
316.39
316.08
315.70
315.29
314.85
314.41
313.97
313.55
313.13
312.69
312.23
311.80
311.40
311.39
311.83
312.73
313.92
315.23
316.33
317.09
317.46
317.54
317.40
317.20
317.01
316.88
316.79
316.74
316.80
316.97
317.26
317.60
317.97
318.39
318.85
319.34
319.83
320.29
320.49
320.38
319.97
319.36
318.65
317.98
317.42
317.01
316.72
316.53
316.37
316.21
316.03
315.85
315.68
315.69
315.89
316.31
316.85
317.46
317.91
318.15
318.15
317.98
317.70
317.37
317.00
316.64
316.30
315.91
315.47
314.97
314.47
313.98
313.67
313.56
313.67
313.92
314.26
314.57
314.79
314.91
314.94
314.91
315.06
315.42
316.03
316.78
317.58
318.32
318.96
319.46
319.84
320.12
320.23
320.17
319.96
319.65
319.30
319.01
318.81
318.74
318.76
318.84
318.72
318.34
317.68
316.86
315.98
315.12
314.33
313.66
313.10
312.65
312.32
312.12
312.02
312.01
312.05
312.21
312.48
312.87
313.30
313.70
314.02
314.24
314.38
314.46
314.44
314.32
314.11
313.86
313.58
313.32
313.11
312.96
312.86
312.79
312.89
313.17
313.62
314.17
314.76
315.21
315.48
315.53
315.44
315.24
315.06
314.94
314.92
314.96
315.05
315.26
315.61
316.09
316.64
317.20
317.61
317.83
317.83
317.67
317.43
317.12
316.79
316.47
316.16
315.89
315.70
315.61
315.62
315.70
315.83
315.98
316.14
316.30
316.45
316.48
316.36
316.10
315.75
315.36
315.10
315.00
315.09
315.31
315.61
315.97
316.37
316.80
317.21
317.60
317.81
317.82
317.62
317.29
316.89
316.39
315.84
315.24
314.66
314.10
313.68
313.41
313.31
313.33
313.44
313.73
314.20
314.84
315.56
316.31
316.84
317.10
317.07
316.82
316.45
316.14
315.95
315.93
316.02
316.20
316.23
316.06
315.68
315.16
314.57
314.26
314.31
314.76
315.46
316.19
316.86
317.38
317.78
318.08
318.33
318.57
318.82
319.05
319.27
319.41
319.45
319.41
319.30
319.16
318.99
318.83
318.67
318.52
318.39
318.25
318.09
317.93
317.76
317.61
317.39
317.09
316.72
316.31
315.90
315.65
315.58
315.72
315.99
316.34
316.57
316.62
316.46
316.16
315.79
315.48
315.29
315.25
315.32
315.45
315.61
315.75
315.86
315.94
316.01
316.08
316.16
316.27
316.38
316.49
316.54
316.53
316.43
316.29
316.12
315.94
315.76
315.60
315.45
315.22
314.88
314.44
313.95
313.44
312.96
312.51
312.12
311.79
311.51
311.37
311.37
311.51
311.75
312.03
312.49
313.14
313.96
314.86
315.76
316.59
317.32
317.92
318.40
318.76
318.98
319.05
318.99
318.85
318.64
318.20
317.50
316.56
315.50
314.41
313.40
312.55
311.86
311.34
310.95
310.74
310.68
310.77
310.94
311.18
311.63
312.30
313.18
314.16
315.03
315.70
316.13
316.38
316.47
316.38
316.13
315.72
315.24
314.73
314.31
314.01
313.85
313.80
313.83
313.86
313.86
313.82
313.74
313.65
313.50
313.28
313.01
312.71
312.41
312.34
312.54
313.02
313.68
314.43
315.14
315.77
316.27
316.66
316.96
317.19
317.39
317.56
317.70
317.81
317.88
317.89
317.85
317.78
317.68
317.58
317.48
317.38
317.29
317.22
317.18
317.18
317.23
317.30
317.28
317.15
316.88
316.55
316.17
315.80
315.44
315.11
314.82
314.57
314.42
314.37
314.43
314.55
314.71
314.79
314.74
314.57
314.31
314.00
313.76
313.62
313.59
313.65
313.76
314.04
314.49
315.09
315.78
316.49
317.15
317.72
318.19
318.56
318.85
318.92
318.78
318.42
317.93
317.38
317.06
317.03
317.32
317.83
318.47
318.94
319.17
319.11
318.84
318.45
318.00
317.51
317.04
316.60
316.29
316.12
316.10
316.19
316.35
316.58
316.85
317.16
317.47
317.77
317.97
318.04
317.99
317.84
317.64
317.52
317.51
317.64
317.85
318.12
318.38
318.61
318.79
318.93
319.03
319.02
318.89
318.65
318.33
317.99
317.69
317.48
317.35
317.30
317.30
317.37
317.49
317.65
317.84
318.03
318.19
318.31
318.37
318.40
318.39
318.24
317.91
317.42
316.85
316.23
315.50
314.65
313.70