228.30
228.15
227.90
227.56
227.13
226.66
226.19
225.75
225.34
224.98
224.68
224.43
224.29
224.25
224.32
224.46
224.64
224.91
225.29
225.75
226.24
226.74
227.21
227.63
228.00
228.31
228.57
228.77
228.93
229.04
229.11
229.19
229.27
229.37
229.47
229.57
229.53
229.32
228.95
228.48
227.96
227.52
227.20
227.01
226.94
226.94
226.97
227.01
227.04
227.05
227.06
227.14
227.31
227.58
227.89
228.22
228.37
228.27
227.92
227.42
226.82
226.31
225.94
225.73
225.65
225.67
225.84
226.13
226.55
227.02
227.52
227.97
228.35
228.66
228.89
229.06
229.09
228.99
228.76
228.45
228.16
227.92
227.75
227.65
227.60
227.53
227.42
227.28
227.10
226.92
226.70
226.42
226.09
225.76
225.42
225.14
224.92
224.78
224.68
224.63
224.65
224.72
224.83
224.98
225.13
225.37
225.69
226.09
226.52
226.96
227.22
227.25
227.05
226.69
226.24
225.91
225.77
225.84
226.06
226.37
226.65
226.85
226.94
226.96
226.92
226.82
226.66
226.46
226.24
226.03
225.90
225.88
225.98
226.16
226.38
226.63
226.87
227.10
227.31
227.47
227.57
227.61
227.60
227.57
227.54
227.53
227.55
227.58
227.63
227.63
227.57
227.45
227.28
227.10
226.93
226.81
226.74
226.70
226.69
226.67
226.63
226.57
226.50
226.43
226.38
226.36
226.38
226.43
226.50
226.57
226.64
226.72
226.78
226.84
226.89
226.93
226.96
226.98
227.00
226.99
226.94
226.85
226.75
226.64
226.60
226.67
226.84
227.07
227.34
227.62
227.88
228.13
228.35
228.49
228.53
228.48
228.36
228.21
228.03
227.86
227.69
227.53
227.40
227.25
227.10
226.93
226.76
226.61
226.46
226.34
226.23
226.15
226.08
226.11
226.24
226.48
226.79
227.12
227.40
227.60
227.71
227.75
227.73
227.71
227.70
227.71
227.73
227.76
227.79
227.82
227.86
227.89
227.92
227.83
227.62
227.28
226.87
226.43
226.12
225.99
226.06
226.27
226.56
226.81
226.99
227.06
227.05
227.07
227.15
227.30
227.50
227.71
227.94
228.15
228.34
228.52
228.66
228.75
228.79
228.78
228.73
228.65
228.51
228.30
228.04
227.74
227.44
227.18
226.97
226.83
226.74
226.69
226.64
226.59
226.52
226.45
226.37
226.27
226.14
226.00
225.84
225.68
225.67
225.83
226.16
226.60
227.09
227.48
227.73
227.81
227.77
227.65
227.45
227.19
226.89
226.58
226.28
226.13
226.17
226.40
226.76
226.99
227.04
226.85
226.52
226.09
225.74
225.50
225.42
225.44
225.55
225.67
225.78
225.88
225.95
226.00
226.07
226.15
226.25
226.36
226.47
226.55
226.59
226.59
226.56
226.50
226.41
226.29
226.13
225.96
225.79
225.71
225.73
225.87
226.08
226.33
226.62
226.94
227.27
227.60
227.90
228.17
228.41
228.60
228.76
228.89
228.87
228.71
228.40
228.00
227.55
227.19
226.94
226.82
226.79
226.79
226.77
226.72
226.64
226.55
226.62
226.88
227.33
227.90
228.52
229.00
229.30
229.39
229.32
229.15
228.84
228.40
227.85
227.27
226.68
226.21
225.88
225.71
225.66
225.69
225.84
226.09
226.42
226.78
227.16
227.44
227.60
227.63
227.56
227.43
227.29
227.16
227.06
226.99
226.94
226.91
226.89
226.88
226.89
226.89
226.90
226.92
226.93
226.94
226.96
226.97
226.98
226.98
226.99
227.00
226.87
226.58
226.14
225.61
225.12
224.73
224.48
224.32
224.25
224.22
224.19
224.17
224.14
224.11
224.17
224.32
224.57
224.87
225.20
225.58
226.00
226.45
226.91
227.34
227.71
227.99
228.19
228.32
228.39
228.50
228.68
228.92
229.20
229.50
229.65
229.63
229.42
229.09
228.69
228.30
227.94
227.64
227.39
227.20
227.03
226.86
226.70
226.55
226.42
226.22
225.95
225.61
225.22
224.84
224.60
224.55
224.70
224.98
225.28
225.56
225.78
225.95
226.07
226.25
226.53
226.91
227.34
227.79
228.05
228.11
227.92
227.59
227.16
226.80
226.55
226.46
226.48
226.57
226.66
226.71
226.71
226.67
226.61
226.56
226.54
226.54
226.57
226.62
226.61
226.55
226.43
226.26
226.08
226.05
226.22
226.59
227.09
227.65
228.19
228.68
229.09
229.43
229.70
229.80
229.72
229.46
229.10
228.68
228.32
228.06
227.94
227.90
227.91
227.94
227.96
227.97
227.99
228.08
228.26
228.53
228.85
229.19
229.47
229.67
229.78
229.81
229.79
229.68
229.48
229.21
228.91
228.59
228.31
228.08
227.92
227.81
227.74
227.58
227.28
226.85
226.34
225.80
225.46
225.37
225.56
225.93
226.40
226.85
227.21
227.45
227.59
227.66
227.62
227.48
227.25
226.97
226.66
226.52
226.58
226.86
227.28
227.77
228.28
228.79
229.27
229.69
230.03
230.28
230.44
230.53
230.56
230.50
230.36
230.13
229.85
229.56
229.32
229.17
229.11
229.11
229.16
229.10
228.91
228.57
228.14
227.67
227.25
226.92
226.69
226.54
226.47
226.42
226.37
226.32
226.27
226.21
226.22
226.29
226.43
226.62
226.82
226.92
226.88
226.71
226.44
226.12
225.81
225.53
225.31
225.14
225.01
225.00
225.12
225.35
225.66
225.99
226.45
227.01
227.67
228.36
229.04
229.60
229.99
230.22
230.31
230.23
229.98
229.60
229.13
228.64
228.18
227.79
227.46
227.22
227.03
226.92
226.89
226.93
227.02
227.13
227.17
227.13
226.98
226.77
226.53
226.31
226.12
225.99
225.89
225.83
225.90
226.12
226.48
226.92
227.39
227.78
228.05
228.19
228.22
228.18
228.08
227.96
227.82
227.68
227.55
227.42
227.31
227.22
227.14
227.08
226.93
226.66
226.28
225.84
225.38
224.98
224.68
224.48
224.37
224.41
224.59
224.89
225.27
225.69
226.07
226.41
226.67
226.88
227.03
227.16
227.28
227.40
227.52
227.63
227.67
227.64
227.53
227.37
227.19
227.02
226.89
226.80
226.75
226.73
226.70
226.66
226.59
226.52
226.43
226.38
226.36
226.38
226.43
226.50
226.54
226.56
226.54
226.50
226.44
226.40
226.40
226.43
226.48
226.54
226.66
226.84
227.09
227.36
227.64
227.88
228.07
228.20
228.28
228.29
228.25
228.15
228.02
227.87
227.80
227.83
227.97
228.17
228.41
228.53
228.50
228.28
227.96
227.57
227.27
227.10
227.08
227.17
227.33
227.48
227.58
227.63
227.62
227.59
227.56
227.55
227.56
227.60
227.64
227.78
228.00
228.32
228.68
229.06
229.30
229.36
229.22
228.95
228.60
228.24
227.92
227.64
227.41
227.22
227.03
226.81
226.56
226.31
226.05
225.90
225.87
225.96
226.13
226.35
226.43
226.33
226.03
225.61
225.22
224.94
224.80
224.77
224.81
224.95
225.19
225.51
225.87
226.23
226.50
226.65
226.66
226.59
226.45
226.35
226.33
226.41
226.55
226.72
226.94
227.19
227.46
227.73
227.99
228.12
228.10
227.91
227.63
227.29
226.91
226.49
226.07
225.66
225.29
224.96
224.67
224.44
224.25
224.11
224.05
224.09
224.22
224.41
224.62
224.85
225.07
225.27
225.45
225.61
225.77
225.93
226.10
226.27
226.43
226.57
226.69
226.79
226.87
226.96
227.07
227.19
227.32
227.45
227.62
227.84
228.11
228.40
228.69
228.88
228.96
228.91
228.77
228.57
228.33
228.05
227.74
227.43
227.14
226.90
226.72
226.61
226.56
226.54
226.61
226.76
226.98
227.25
227.53
227.83
228.14
228.46
228.77
229.05
229.21
229.25
229.16
228.98
228.75
228.52
228.32
228.16
228.04
227.95
227.84
227.69
227.50
227.28
227.19
227.27
227.52
227.88
228.31
228.72
229.09
229.40
229.65
229.84
229.85
229.66
229.29
228.79
228.24
227.76
227.40
227.18
227.07
227.04
227.02
226.97
226.89
226.79
226.67
226.55
226.44
226.34
226.25
226.17
226.11
226.06
226.02
226.00
225.98
225.99
226.04
226.13
226.24
226.35
226.44
226.49
226.50
226.48
226.44
226.45
226.50
226.62
226.78
226.96
227.08
227.14
227.12
227.04
226.94
226.89
226.93
227.07
227.27
227.37
227.33
227.12
226.81
226.44
226.02
225.58
225.14
224.71
224.32
224.14
224.19
224.48
224.93
225.46
226.05
226.66
227.26
227.83
228.35
228.72
228.93
228.97
228.89
228.74
228.59
228.48
228.44
228.43
228.46
228.45
228.40
228.29
228.14
227.97
227.91
227.98
228.19
228.49
228.83
229.08
229.20
229.16
229.02
228.81
228.65
228.57
228.59
228.68
228.81
228.78
228.55
228.08
227.49
226.91
226.42
226.05
225.79
225.62
225.49
225.39
225.30
225.22
225.15
225.12
225.13
225.19
225.27
225.37
225.58
225.91
226.36
226.86
227.39
227.87
228.28
228.61
228.86
229.04
229.06
228.91
228.59
228.18
227.72
227.31
226.98
226.74
226.59
226.51
226.48
226.49
226.52
226.56
226.62
226.57
226.40
226.10
225.73
225.32
224.93
224.60
224.33
224.13
223.98
223.90
223.89
223.95
224.04
224.26
224.62
225.10
225.65
226.21
226.76
227.26
227.70
228.08
228.40
228.57
228.60
228.47
228.26
227.98
227.74
227.56
227.45
227.41
227.41
227.47
227.58
227.73
227.90
228.09
228.23
228.34
228.40
228.41
228.40
228.38
228.34
228.29
228.24
228.20
228.07
227.86
227.56
227.21
226.85
226.63
226.59
226.75
227.03
227.38
227.83
228.33
228.88
229.44
229.96
230.25
230.27
230.00
229.54
228.98
228.50
228.19
228.06
228.07
228.00
227.78
227.36
226.84
226.27
225.80
225.48
225.34
225.33
225.41
225.53
225.65
225.75
225.84
225.90
225.96
226.00
226.02
226.04
226.05
226.08
226.14
226.23
226.33
226.44
226.52
226.56
226.55
226.52
226.48
226.42
226.35
226.29
226.23
226.17
226.10
226.00
225.88
225.75
225.62
225.49
225.37
225.27
225.19
225.12
225.20
225.44
225.86
226.37
226.92
227.34
227.58
227.60
227.48
227.37
227.33
227.39
227.52
227.68
227.79
227.81
227.73
227.58
227.39
227.21
227.06
226.95
226.88
226.83
226.83
226.89
226.98
227.10
227.24
227.32
227.33
227.27
227.16
227.02
226.89
226.80
226.74
226.71
226.71
226.73
226.75
226.78
226.81
226.85
226.85
226.82
226.76
226.67
226.58
226.45
226.30
226.12
225.94
225.76
225.62
225.53
225.49
225.49
225.52
225.57
225.62
225.68
225.74
225.82
225.92
226.06
226.20
226.34
226.53
226.77
227.06
227.36
227.66
227.84
227.86
227.73
227.48
227.18
226.99
226.95
227.08
227.33
227.65
227.86
227.93
227.82
227.59
227.29
227.01
226.79
226.64
226.56
226.53
226.61
226.81
227.12
227.49
227.88
228.19
228.38
228.45
228.41
228.31
228.15
227.93
227.67
227.40
227.14
226.95
226.84
226.83
226.89
226.98
227.08
227.16
227.20
227.22
227.20
227.13
227.02
226.89
226.75
226.62
226.49
226.37
226.27
226.18
226.09
225.97
225.84
225.71
225.57
225.56
225.67
225.93
226.28
226.67
226.96
227.11
227.10
226.99
226.80
226.62
226.50
226.43
226.42
226.44
226.46
226.46
226.44
226.40
226.35
226.37
226.49
226.71
226.99
227.29
227.59
227.88
228.14
228.37
228.56
228.61
228.51
228.25
227.90
227.49
227.16
226.93
226.82
226.81
226.87
226.97
227.09
227.23
227.37
227.50
227.61
227.72
227.80
227.88
227.88
227.81
227.66
227.47
227.26
227.07
226.92
226.82
226.76
226.73
226.77
226.90
227.10
227.34
227.60
227.78
227.84
227.79
227.66
227.48
227.30
227.15
227.03
226.95
226.89
226.83
226.76
226.67
226.57
226.47
226.34
226.20
226.04
225.86
225.70
225.65
225.74
225.98
226.31
226.69
227.04
227.36
227.62
227.82
227.97
228.05
228.06
228.01
227.93
227.76
227.53
227.23
226.90
226.56
226.33
226.21
226.23
226.33
226.49
226.74
227.06
227.44
227.85
228.25
228.62
228.96
229.25
229.49
229.69
229.76
229.71
229.53
229.26
228.96
228.67
228.41
228.21
228.06
227.95
227.93
228.00
228.16
228.36
228.60
228.75
228.81
228.75
228.62
228.44
228.26
228.11
228.00
227.92
227.87
227.79
227.66
227.49
227.28
227.07
226.92
226.84
226.85
226.92
227.02
227.15
227.28
227.42
227.54
227.54
227.41
227.14
226.78
226.37
226.02
225.74
225.56
225.46
225.42
225.50
225.70
226.02
226.40
226.81
227.19
227.51
227.76
227.95
228.08
228.25
228.48
228.77
229.10
229.43
229.63
229.69
229.59
229.38
229.10
228.69
228.15
227.50
226.80
226.11
225.59
225.29
225.22
225.33
225.54
225.90
226.39
226.97
227.60
228.22
228.67
228.91
228.92
228.78
228.52
228.27
228.04
227.89
227.78
227.64
227.44
227.17
226.86
226.55
226.30
226.14
226.07
226.07
226.12
226.18
226.22
226.24
226.24
226.23
226.20
226.18
226.15
226.12
226.10
226.05
225.97
225.86
225.74
225.62
225.53
225.47
225.46
225.48
225.53
225.66
225.90
226.23
226.61
227.00
227.35
227.65
227.88
228.04
228.16
228.26
228.35
228.45
228.55
228.65
228.54
228.22
227.65
226.96
226.21
225.56
225.08
224.79
224.65
224.65
224.77
224.97
225.21
225.48
225.81
226.18
226.59
227.00
227.40
227.66
227.75
227.67
227.47
227.20
226.89
226.57
226.27
225.98
225.73
225.49
225.26
225.02
224.81
224.61
224.55
224.63
224.88
225.21
225.60
225.99
226.38
226.74
227.05
227.33
227.56
227.74
227.88
227.99
228.06
228.11
228.14
228.15
228.15
228.15
228.19
228.28
228.44
228.64
228.85
229.09
229.34
229.61
229.87
229.98
229.91
229.65
229.28
228.84
228.38
227.93
227.51
227.14
226.82
226.60
226.50
226.50
226.59
226.73
226.91
227.15
227.41
227.67
227.93
228.14
228.30
228.39
228.43
228.44
228.42
228.39
228.34
228.29
228.24
228.19
228.15
228.11
228.08
228.05
227.92
227.67
227.31
226.87
226.41
225.99
225.63
225.34
225.12
224.96
224.85
224.78
224.74
224.73
224.74
224.75
224.78
224.81
224.84
224.87
224.98
225.18
225.47
225.80
226.08
226.25
226.31
226.28
226.19
226.17
226.25
226.46
226.74
227.05
227.30
227.44
227.47
227.40
227.29
227.08
226.80
226.45
226.08
225.70
225.40
225.20
225.10
225.08
225.11
225.21
225.36
225.55
225.77
225.98
226.24
226.54
226.88
227.24
227.58
227.87
228.09
228.24
228.34
228.38
228.42
228.47
228.53
228.60
228.66
228.73
228.79
228.84
228.89
228.93
228.83
228.56
228.13
227.61
227.05
226.50
225.98
225.51
225.09
224.83
224.72
224.76
224.91
225.13
225.38
225.64
225.90
226.14
226.35
226.54
226.69
226.82
226.91
226.99
227.06
227.16
227.26
227.38
227.49
227.60
227.70
227.78
227.85
227.91
228.06
228.32
228.71
229.15
229.61
229.88
229.90
229.65
229.22
228.70
228.17
227.66
227.22
226.84
226.53
226.21
225.85
225.45
225.03
224.63
224.40
224.36
224.53
224.83
225.19
225.55
225.88
226.17
226.42
226.65
226.87
227.08
227.28
227.46
227.51
227.41
227.16
226.81
226.42
226.12
225.96
225.95
226.06
226.24
226.54
226.95
227.45
227.99
228.53
228.94
229.17
229.22
229.13
228.96
228.60
228.06
227.36
226.58
225.79
225.17
224.76
224.60
224.61
224.75
224.86
224.89
224.81
224.66
224.46
224.27
224.11
224.00
223.91
223.86
223.99
224.32
224.86
225.51
226.21
226.84
227.38
227.79
228.08
228.26
228.33
228.31
228.22
228.10
227.93
227.71
227.48
227.23
226.99
226.82
226.74
226.75
226.83
226.94
227.13
227.39
227.71
228.06
228.41
228.63
228.70
228.60
228.40
228.12
227.90
227.76
227.73
227.77
227.87
227.98
228.06
228.12
228.15
228.17
228.12
227.99
227.80
227.57
227.32
227.05
226.77
226.47
226.19
225.93
225.74
225.66
225.67
225.75
225.87
226.10
226.42
226.84
227.31
227.80
228.31
228.80
229.27
229.69
229.89
229.85
229.57
229.12
228.59
228.00
227.38
226.77
226.20
225.67
225.33
225.17
225.21
225.39
225.66
225.94
226.21
226.44
226.63
226.79
226.85
226.83
226.71
226.54
226.33
226.12
225.91
225.72
225.54
225.39
225.26
225.16
225.08
225.02
224.97
225.02
225.18
225.44
225.76
226.10
226.39
226.60
226.71
226.75
226.74
226.64
226.46
226.20
225.90
225.61
225.36
225.17
225.03
224.93
224.94
225.07
225.32
225.64
225.99
226.34
226.68
226.98
227.25
227.48
227.64
227.73
227.76
227.73
227.68
227.58
227.44
227.26
227.07
226.88
226.75
226.70
226.74
226.83
226.96
226.99
226.91
226.70
226.41
226.08
225.89
225.90
226.13
226.49
226.94
227.25
227.38
227.29
227.05
226.71
226.44
226.29
226.26
226.34
226.49
226.56
226.53
226.37
226.14
225.86
225.61
225.44
225.35
225.31
225.30
225.29
225.27
225.24
225.20
225.14
225.05
224.93
224.80
224.66
224.64
224.75
225.00
225.33
225.71
226.10
226.47
226.81
227.12
227.38
227.54
227.60
227.55
227.44
227.28
227.10
226.92
226.74
226.58
226.43
226.31
226.20
226.12
226.05
226.00
225.92
225.78
225.59
225.37
225.14
224.95
224.80
224.71
224.66
224.65
224.76
225.01
225.40
225.87
226.36
226.88
227.39
227.89
228.35
228.71
228.95
229.07
229.09
229.05
228.94
228.77
228.56
228.33
228.09
227.79
227.42
226.97
226.50
226.04
225.71
225.55
225.57
225.71
225.93
226.20
226.48
226.76
227.02
227.26
227.44
227.55
227.60
227.61
227.58
227.55
227.54
227.56
227.60
227.65
227.67
227.67
227.63
227.57
227.49
227.44
227.42
227.44
227.48
227.54
227.58
227.59
227.56
227.51
227.45
227.39
227.32
227.25
227.20
227.17
227.18
227.24
227.32
227.41
227.48
227.51
227.51
227.48
227.44
227.35
227.24
227.09
226.93
226.76
226.72
226.80
227.04
227.36
227.72
228.00
228.13
228.12
227.99
227.80
227.51
227.15
226.73
226.29
225.86
225.61
225.60
225.82
226.20
226.67
227.15
227.60
227.99
228.32
228.58
228.79
228.95
229.06
229.14
229.18
229.13
228.96
228.68
228.35
227.98
227.63
227.29
226.98
226.71
226.49
226.20
225.82
225.36
224.85
224.58
224.62
224.98
225.56
226.26
226.84
227.23
227.38
227.36
227.22
227.06
226.91
226.82
226.76
226.73
226.75
226.82
226.93
227.07
227.21
227.33
227.41
227.44
227.44
227.41
227.48
227.66
227.97
228.35
228.75
229.00
229.03
228.84
228.51
228.08
227.67
227.32
227.06
226.88
226.75
226.68
226.64
226.64
226.65
226.68
226.69
226.68
226.63
226.56
226.49
226.43
226.41
226.43
226.47
226.48
226.43
226.32
226.17
226.00
225.99
226.17
226.56
227.07
227.63
228.13
228.51
228.75
228.88
228.92
228.90
228.84
228.75
228.65
228.54
228.33
228.01
227.57
227.07
226.55
226.05
225.60
225.19
224.84
224.55
224.43
224.48
224.70
225.03
225.42
225.84
226.24
226.62
226.96
227.25
227.44
227.53
227.50
227.41
227.26
227.15
227.09
227.10
227.15
227.23
227.30
227.35
227.36
227.36
227.33
227.29
227.25
227.21
227.17
227.13
227.10
227.07
227.05
227.03
226.93
226.75
226.47
226.15
225.81
225.63
225.66
225.91
226.31
226.78
227.13
227.28
227.21
227.00
226.68
226.40
226.19
226.09
226.07
226.10
226.23
226.44
226.72
227.04
227.37
227.64
227.81
227.89
227.90
227.86
227.73
227.52
227.24
226.92
226.60
226.31
226.08
225.92
225.80
225.74
225.76
225.86
226.05
226.29
226.52
226.72
226.88
226.99
227.07
227.23
227.49
227.86
228.29
228.73
229.11
229.40
229.58
229.67
229.70
229.66
229.55
229.40
229.21
229.02
228.75
228.40
227.97
227.51
227.06
226.71
226.49
226.42
226.46
226.56
226.61
226.55
226.38
226.13
225.84
225.51
225.16
224.80
224.45
224.13
223.90
223.77
223.74
223.79
223.89
224.12
224.50
225.00
225.56
226.14
226.62
226.97
227.15
227.22
227.21
227.13
227.02
226.88
226.74
226.68
226.73
226.88
227.10
227.35
227.54
227.63
227.60
227.50
227.35
227.30
227.40
227.66
228.03
228.44
228.70
228.77
228.62
228.32
227.93
227.53
227.15
226.83
226.55
226.33
226.21
226.20
226.29
226.44
226.63
226.81
226.96
227.06
227.14
227.18
227.23
227.29
227.37
227.46
227.55
227.64
227.72
227.79
227.85
227.91
227.84
227.64
227.31
226.90
226.45
225.99
225.51
225.05
224.61
224.24
223.96
223.77
223.64
223.57
223.71
224.06
224.62
225.30
226.03
226.70
227.27
227.70
228.02
228.25
228.31
228.22
227.98
227.66
227.29
226.88
226.45
226.02
225.61
225.24
224.99
224.89
224.92
225.06
225.26
225.60
226.08
226.67
227.32
227.97
228.45
228.73
228.78
228.66
228.44
228.13
227.75
227.34
226.93
226.54
226.24
226.04
225.95
225.94
226.00
226.11
226.28
226.49
226.72
226.84
226.83
226.67
226.41
226.11
225.91
225.87
226.01
226.27
226.60
226.90
227.15
227.31
227.41
227.46
227.52
227.61
227.76
227.92
228.09
228.18
228.17
228.05
227.85
227.61
227.41
227.28
227.22
227.22
227.27
227.34
227.42
227.51
227.60
227.68
227.73
227.74
227.71
227.65
227.57
227.46
227.31
227.14
226.96
226.79
226.70
226.72
226.86
227.07
227.32
227.51
227.60
227.57
227.47
227.38
227.32
227.31
227.34
227.40
227.37
227.22
226.94
226.59
226.20
225.87
225.62
225.46
225.38
225.35
225.45
225.67
226.00
226.39
226.81
227.16
227.43
227.59
227.67
227.70
227.68
227.62
227.55
227.48
227.40
227.32
227.25
227.18
227.13
227.09
226.94
226.68
226.31
225.87
225.40
225.06
224.87
224.85
224.95
225.13
225.38
225.68
226.02
226.36
226.69
226.99
227.25
227.48
227.66
227.81
228.03
228.35
228.76
229.22
229.51
229.56
229.36
228.98
228.50
228.06
227.71
227.48
227.34
227.28
227.25
227.23
227.20
227.17
227.14
227.12
227.09
227.07
227.05
227.03
226.94
226.75
226.48
226.15
225.81
225.58
225.50
225.57
225.75
226.00
226.15
226.15
225.98
225.70
225.37
225.11
224.98
224.99
225.11
225.29
225.49
225.66
225.81
225.91
226.00
226.13
226.34
226.63
226.96
227.30
227.55
227.68
227.68
227.59
227.45
227.27
227.07
226.88
226.70
226.67
226.81
227.13
227.57
228.05
228.42
228.61
228.61
228.47
228.24
227.98
227.74
227.53
227.35
227.21
227.15
227.18
227.30
227.48
227.68
227.84
227.93
227.95
227.91
227.83
227.71
227.54
227.35
227.13
226.93
226.78
226.72
226.75
226.83
226.95
227.07
227.16
227.21
227.24
227.25
227.24
227.22
227.19
227.17
227.14
227.11
227.08
227.06
227.04
227.06
227.10
227.18
227.28
227.39
227.44
227.43
227.35
227.22
227.06
226.95
226.90
226.92
226.99
227.10
227.17
227.18
227.13
227.03
226.91
226.85
226.89
227.02
227.23
227.46
227.74
228.04
228.35
228.66
228.95
229.13
229.18
229.10
228.93
228.71
228.46
228.21
227.97
227.75
227.56
227.42
227.34
227.32
227.34
227.39
227.46
227.53
227.61
227.69
227.76
227.90
228.13
228.44
228.79
229.16
229.43
229.59
229.62
229.55
229.42
229.25
229.06
228.88
228.70
228.51
228.31
228.10
227.90
227.70
227.53
227.38
227.26
227.16
227.08
227.02
226.97
226.95
226.93
226.92
226.89
226.84
226.76
226.66
226.55
226.50
226.52
226.62
226.75
226.92
227.06
227.18
227.24
227.28
227.29
227.28
227.26
227.23
227.20
227.17
227.16
227.19
227.25
227.33
227.43
227.47
227.45
227.36
227.22
227.06
227.00
227.06
227.26
227.55
227.85
228.14
228.39
228.60
228.76
228.81
228.74
228.54
228.26
227.95
227.60
227.23
226.85
226.48
226.15
226.04
226.19
226.60
227.18
227.84
228.43
228.86
229.12
229.25
229.26
229.13
228.86
228.46
227.99
227.51
227.11
226.85
226.72
226.70
226.75
226.86
226.99
227.14
227.29
227.43
227.51
227.51
227.43
227.30
227.13
227.01
226.95
226.97
227.03
227.13
227.22
227.28
227.31
227.32
227.30
227.28
227.24
227.21
227.17
227.14
227.10
227.08
227.05
227.03
227.05
227.09
227.17
227.27
227.38
227.49
227.60
227.69
227.77
227.84
227.87
227.86
227.81
227.73
227.63
227.56
227.52
227.51
227.54
227.58
227.58
227.52
227.39
227.23
227.06
226.98
227.04
227.23
227.52
227.85
228.09
228.21
228.17
228.02
227.81
227.52
227.15
226.72
226.28
225.84
225.49
225.25
225.12
225.07
225.09
225.18
225.33
225.52
225.73
225.95
226.16
226.35
226.52
226.66
226.81
226.96
227.12
227.28
227.43
227.62
227.86
228.13
228.43
228.72
228.88
228.90
228.76
228.51
228.20
227.89
227.62
227.39
227.21
227.07
226.87
226.57
226.17
225.72
225.26
224.87
224.58
224.39
224.30
224.27
224.34
224.51
224.76
225.05
225.36
225.72
226.12
226.55
226.99
227.40
227.78
228.10
228.38
228.61
228.79
228.90
228.94
228.92
228.86
228.82
228.83
228.90
229.01
229.14
229.27
229.41
229.53
229.65
229.74
229.85
229.98
230.12
230.27
230.41
230.51
230.57
230.58
230.56
230.51
230.32
229.97
229.45
228.86
228.23
227.70
227.30
227.06
226.95
226.92
226.99
227.13
227.32
227.55
227.79
227.86
227.73
227.39
226.91
226.37
225.94
225.69
225.63
225.72
225.90
226.12
226.33
226.51
226.66
226.79
226.81
226.71
226.50
226.22
225.96
225.75
225.61
225.54
225.52
225.58
225.72
225.95
226.21
226.49
226.83
227.20
227.61
228.03
228.43
228.63
228.60
228.34
227.92
227.42
227.02
226.78
226.73
226.81
226.99
227.14
227.23
227.22
227.15
227.04
227.02
227.10
227.32
227.61
227.95
228.24
228.46
228.58
228.64
228.65
228.59
228.48
228.32
228.14
227.96
227.67
227.27
226.76
226.20
225.64
225.11
224.62
224.19
223.83
223.53
223.40
223.44
223.67
224.00
224.45
224.98
225.57
226.16
226.73
227.25
227.71
228.10
228.42
228.68
228.85
228.93
228.94
228.90
228.82
228.70
228.53
228.34
228.13
227.92
227.70
227.46
227.22
226.99
226.77
226.61
226.50
226.45
226.44
226.47
226.51
226.57
226.64
226.70
226.76
226.82
226.87
226.91
226.94
226.97
227.04
227.17
227.36
227.58
227.81
228.06
228.33
228.60
228.87
229.12
229.34
229.53
229.69
229.82
229.76
229.49
229.00
228.40
227.74
227.24
226.95
226.92
227.06
227.31
227.63
227.99
228.34
228.68
228.98
229.12
229.06
228.80
228.42
227.97
227.49
227.03
226.59
226.20
225.86
225.69
225.69
225.87
226.16
226.51
226.79
226.94
226.94
226.84
226.67
226.60
226.66
226.88
227.20
227.58
227.97
228.36
228.71
229.03
229.31
229.54
229.72
229.87
229.98
230.05
230.08
230.05
229.98
229.87
229.64
229.29
228.81
228.28
227.72
227.24
226.87
226.61
226.45
226.37
226.37
226.45
226.59
226.76
226.94
227.02
226.97
226.78
226.49
226.16
225.81
225.47
225.15
224.87
224.62
224.50
224.50
224.64
224.86
225.13
225.42
225.71
225.98
226.22
226.44
226.56
226.59
226.53
226.40
226.24
226.06
225.88
225.70
225.54
225.40
225.41
225.60
225.97
226.44
226.96
227.36
227.57
227.59
227.46
227.24
227.04
226.92
226.89
226.93
226.93
226.87
226.73
226.54
226.32
226.18
226.14
226.21
226.35
226.54
226.80
227.13
227.52
227.92
228.31
228.62
228.84
228.94
228.96
228.93
228.85
228.76
228.65
228.54
228.43
228.30
228.16
228.00
227.83
227.67
227.47
227.22
226.93
226.62
226.32
226.09
225.95
225.91
225.94
226.02
226.07
226.08
226.02
225.93
225.82
225.78
225.82
225.97
226.19
226.43
226.66
226.86
227.00
227.10
227.16
227.20
227.21
227.21
227.20
227.08
226.82
226.44
225.99
225.51
225.18
225.03
225.08
225.28
225.56
225.83
226.06
226.22
226.31
226.37
226.41
226.46
226.52
226.59
226.66
226.78
226.96
227.19
227.45
227.72
227.97
228.20
228.41
228.59
228.73
228.87
229.02
229.18
229.33
229.47
229.63
229.80
229.98
230.16
230.33
230.38
230.29
230.05
229.72
229.34
228.98
228.66
228.40
228.19
227.96
227.68
227.34
226.98
226.62
226.36
226.22
226.22
226.32
226.48
226.51
226.37
226.04
225.59
225.08
224.81
224.82
225.16
225.71
226.38
226.94
227.30
227.44
227.40
227.25
227.07
226.92
226.82
226.75
226.72
226.74
226.81
226.92
227.06
227.20
227.40
227.65
227.95
228.27
228.59
228.81
228.90
228.87
228.74
228.56
228.33
228.05
227.75
227.44
227.15
226.99
226.99
227.14
227.41
227.73
228.08
228.43
228.75
229.05
229.17
229.10
228.84
228.44
227.98
227.56
227.20
226.94
226.76
226.65
226.51
226.31
226.06
225.77
225.47
225.23
225.08
225.03
225.04
225.10
225.16
225.21
225.24
225.24
225.23
225.24
225.27
225.33
225.41
225.50
225.72
226.09
226.61
227.21
227.84
228.33
228.67
228.81
228.81
228.72
228.59
228.45
228.33
228.23
228.15
228.11
228.11
228.17
228.25
228.34
228.37
228.30
228.12
227.89
227.65
227.44
227.26
227.13
227.02
226.98
226.99
227.05
227.14
227.25
227.37
227.49
227.60
227.69
227.78
227.77
227.66
227.43
227.15
226.83
226.49
226.13
225.76
225.41
225.09
224.94
224.98
225.23
225.60
226.05
226.41
226.64
226.72
226.68
226.56
226.53
226.62
226.87
227.21
227.60
228.00
228.39
228.75
229.06
229.34
229.46
229.41
229.19
228.87
228.49
228.20
228.04
228.03
228.13
228.22
228.26
228.22
228.12
228.00
227.78
227.46
227.05
226.60
226.15
225.72
225.32
224.97
224.68
224.44
224.32
224.35
224.50
224.75
225.04
225.43
225.91
226.46
227.04
227.60
228.07
228.42
228.64
228.77
228.81
228.77
228.67
228.50
228.30
228.10
227.89
227.70
227.53
227.38
227.26
227.10
226.91
226.67
226.42
226.16
225.97
225.87
225.86
225.91
226.01
226.15
226.34
226.56
226.79
226.91
226.89
226.73
226.46
226.15
226.03
226.15
226.55
227.13
227.79
228.26
228.47
228.38
228.09
227.66
227.22
226.82
226.49
226.24
226.05
225.96
225.99
226.11
226.30
226.52
226.70
226.82
226.86
226.84
226.78
226.75
226.77
226.85
226.97
227.10
227.28
227.47
227.69
227.92
228.13
228.25
228.25
228.13
227.94
227.69
227.59
227.68
227.97
228.39
228.88
229.17
229.21
228.95
228.51
227.96
227.39
226.85
226.37
225.96
225.71
225.61
225.67
225.83
226.06
226.28
226.44
226.53
226.56
226.56
226.58
226.64
226.76
226.90
227.07
227.20
227.30
227.36
227.37
227.37
227.34
227.31
227.26
227.22
227.18
227.11
227.02
226.90
226.77
226.64
226.59
226.64
226.81
227.04
227.31
227.53
227.69
227.76
227.77
227.74
227.67
227.59
227.51
227.42
227.33
227.20
227.02
226.78
226.52
226.26
226.03
225.86
225.75
225.68
225.65
225.65
225.67
225.70
225.73
225.88
226.15
226.55
227.01
227.49
227.91
228.24
228.45
228.58
228.64
228.56
228.36
228.04
227.65
227.24
226.91
226.70
226.62
226.64
226.72
226.80
226.83
226.81
226.76
226.68
226.53
226.32
226.05
225.75
225.45
225.26
225.23
225.35
225.58
225.87
226.21
226.59
226.98
227.36
227.72
228.01
228.23
228.37
228.45
228.48
228.39
228.19
227.88
227.51
227.20
226.98
226.88
226.87
226.93
227.05
227.22
227.44
227.68
227.92
228.14
228.34
228.52
228.67
228.79
228.86
228.88
228.84
228.77
228.68
228.61
228.57
228.56
228.58
228.61
228.60
228.54
228.41
228.25
228.07
227.88
227.70
227.54
227.40
227.28
227.07
226.76
226.35
225.87
225.39
225.00
224.75
224.63
224.63
224.69
224.81
224.96
225.12
225.27
225.42
225.67
226.01
226.47
226.98
227.50
227.97
228.37
228.68
228.92
229.03
229.03
228.92
228.74
228.53
228.18
227.72
227.14
226.52
225.89
225.43
225.18
225.15
225.29
225.53
225.77
225.98
226.13
226.23
226.29
226.31
226.31
226.29
226.27
226.23
226.25
226.33
226.47
226.66
226.86
227.03
227.17
227.25
227.30
227.31
227.12
226.70
226.05
225.26
224.44
223.80
223.44
223.37
223.52
223.81
224.18
224.60
225.01
225.41
225.78
226.07
226.29
226.42
226.49
226.57
226.68
226.82
226.98
227.15
227.37
227.64
227.95
228.28
228.60
228.79
228.83
228.71
228.48
228.19
227.89
227.62
227.40
227.22
227.09
226.99
226.92
226.87
226.85
226.84
226.84
226.85
226.87
226.89
226.90
226.95
227.02
227.13
227.25
227.37
227.46
227.52
227.53
227.51
227.47
227.41
227.35
227.29
227.23
227.18
227.11
227.01
226.89
226.75
226.62
226.39
226.04
225.58
225.07
224.76
224.72
224.97
225.42
225.97
226.50
226.93
227.24
227.44
227.56
227.64
227.71
227.76
227.82
227.87
227.91
227.94
227.97
227.99
228.00
227.99
227.93
227.85
227.74
227.63
227.49
227.33
227.14
226.95
226.76
226.57
226.36
226.14
225.93
225.73
225.60
225.56
225.61
225.72
225.86
225.92
225.85
225.66
225.38
225.05
224.82
224.73
224.78
224.93
225.15
225.46
225.84
226.27
226.72
227.16
227.48
227.67
227.71
227.65
227.52
227.35
227.15
226.96
226.77
226.59
226.44
226.31
226.20
226.11
226.10
226.17
226.31
226.50
226.72
226.91
227.06
227.16
227.23
227.26
227.16
226.93
226.55
226.10
225.61
225.29
225.19
225.32
225.61
225.99
226.39
226.77
227.11
227.39
227.62
227.72
227.68
227.52
227.27
226.97
226.68
226.43
226.23
226.08
225.97
225.87
225.76
225.65
225.53
225.42
225.35
225.32
225.34
225.38
225.53
225.78
226.12
226.52
226.93
227.35
227.78
228.20
228.59
228.93
229.13
229.15
229.00
228.73
228.40
228.09
227.84
227.68
227.58
227.53
227.52
227.54
227.58
227.63
227.69
227.74
227.79
227.84
227.88
227.92
228.00
228.14
228.34
228.56
228.80
228.92
228.90
228.74
228.47
228.16
227.82
227.49
227.17
226.89
226.65
226.55
226.61
226.83
227.16
227.54
227.91
228.24
228.52
228.73
228.85
228.85
228.76
228.60
228.40
228.11
227.72
227.25
226.75
226.25
225.92
225.78
225.85
226.07
226.39
226.69
226.95
227.13
227.25
227.32
227.41
227.53
227.69
227.87
228.06
228.22
228.33
228.39
228.41
228.40
228.40
228.42
228.47
228.53
228.59
228.55
228.39
228.10
227.72
227.32
227.01
226.86
226.86
226.98
227.17
227.42
227.73
228.06
228.40
228.72
228.89
228.86
228.63
228.28
227.99
227.83
227.83
227.95
228.14
228.19
228.04
227.66
227.15
226.57
226.08
225.73
225.55
225.51
225.56
225.72
225.98
226.33
226.71
227.11
227.46
227.74
227.96
228.11
228.21
228.19
228.05
227.78
227.45
227.08
226.82
226.70
226.74
226.89
227.11
227.44
227.88
228.40
228.96
229.52
229.88
230.01
229.88
229.59
229.19
228.87
228.70
228.70
228.82
229.02
229.11
229.03
228.76
228.37
227.92
227.36
226.73
226.03
225.33
224.82
224.55
224.54
224.73
225.03
225.29
225.46
225.50
225.45
225.34
225.19
225.02
224.84
224.68
224.52
224.55
224.78
225.22
225.78
226.40
226.87
227.12
227.13
226.97
226.70
226.50
226.43
226.51
226.71
226.96
227.20
227.38
227.49
227.54
227.54
227.52
227.47
227.42
227.35
227.29
227.26
227.26
227.30
227.37
227.45
227.43
227.28
227.01
226.65
226.26
225.92
225.66
225.49
225.41
225.38
225.39
225.43
225.49
225.56
225.63
225.70
225.76
225.82
225.87
225.97
226.12
226.32
226.56
226.80
227.00
227.16
227.26
227.32
227.34
227.37
227.41
227.46
227.53
227.61
227.63
227.58
227.46
227.30
227.12
226.99
226.92
226.93
227.00
227.10
227.16
227.17
227.11
227.02
226.89
226.84
226.88
227.02
227.22
227.46
227.60
227.61
227.49
227.26
226.98
226.84
226.89
227.14
227.52
227.87
228.12
228.23
228.25
228.19
228.14
228.13
228.16
228.23
228.32
228.37
228.35
228.27
228.15
228.00
227.84
227.68
227.54
227.41
227.29
227.25
227.29
227.41
227.57
227.77
227.92
228.00
228.00
227.95
227.86
227.73
227.56
227.35
227.14
226.93
226.81
226.80
226.92
227.11
227.34
227.52
227.60
227.57
227.46
227.31
227.19
227.12
227.12
227.16
227.24
227.42
227.69
228.06
228.47
228.82
229.06
229.17
229.19
229.13
228.95
228.66
228.26
227.80
227.33
226.98
226.80
226.78
226.89
227.08
227.23
227.32
227.30
227.23
227.10
227.07
227.15
227.35
227.64
227.97
228.22
228.38
228.41
228.36
228.25
228.03
227.70
227.27
226.79
226.31
225.82
225.34
224.88
224.46
224.08
223.81
223.66
223.63
223.68
223.78
224.00
224.33
224.75
225.23
225.71
226.11
226.41
226.61
226.71
226.74
226.67
226.51
226.26
225.96
225.78
225.76
225.92
226.20
226.54
226.83
227.03
227.12
227.12
227.06
226.93
226.76
226.54
226.30
226.07
225.82
225.56
225.30
225.04
224.81
224.60
224.42
224.28
224.16
224.07
224.11
224.29
224.62
225.02
225.47
226.00
226.60
227.25
227.91
228.54
228.97
229.19
229.17
228.98
228.70
228.38
228.07
227.79
227.56
227.36
227.23
227.17
227.17
227.22
227.29
227.38
227.47
227.57
227.66
227.69
227.64
227.52
227.36
227.17
226.98
226.79
226.61
226.46
226.33
226.19
226.04
225.88
225.73
225.58
225.49
225.49
225.57
225.70
225.86
226.11
226.46
226.89
227.36
227.83
228.17
228.34
228.34
228.21
228.01
227.73
227.40
227.04
226.68
226.34
226.05
225.84
225.70
225.61
225.57
225.60
225.67
225.80
225.95
226.11
226.28
226.43
226.56
226.68
226.78
226.87
226.93
226.98
227.02
227.09
227.22
227.41
227.62
227.85
228.04
228.19
228.28
228.33
228.35
228.31
228.23
228.11
227.97
227.81
227.69
227.61
227.57
227.56
227.59
227.54
227.42
227.20
226.93
226.64
226.42
226.32
226.34
226.44
226.59
226.69
226.72
226.64
226.50
226.32
226.12
225.93
225.74
225.57
225.42
225.29
225.18
225.10
225.04
224.99
225.04
225.19
225.45
225.76
226.10
226.39
226.60
226.71
226.75
226.79
226.86
226.97
227.10
227.24
227.38
227.51
227.63
227.73
227.82
227.89
227.94
227.98
228.01
228.03
228.05
228.05
228.05
228.05
228.05
228.04
228.04
228.03
228.02
228.02
228.01
228.01
228.01
228.00
228.00
227.97
227.91
227.82
227.72
227.60
227.47
227.30
227.12
226.93
226.75
226.64
226.60
226.65
226.76
226.90
226.95
226.89
226.68
226.40
226.07
225.84
225.73
225.78
225.94
226.16
226.43
226.75
227.10
227.44
227.65
227.72
227.62
227.41
227.13
227.01
227.10
227.42
227.89
228.44
228.97
229.41
229.76
230.01
230.19
230.15
229.87
229.36
228.71
228.01
227.38
226.88
226.54
226.32
226.21
226.22
226.35
226.59
226.88
227.20
227.52
227.82
228.10
228.34
228.54
228.74
228.93
229.12
229.30
229.46
229.55
229.56
229.48
229.35
229.18
229.00
228.82
228.65
228.50
228.36
228.25
228.16
228.08
228.03
228.04
228.13
228.29
228.49
228.72
228.81
228.74
228.49
228.12
227.70
227.34
227.09
226.96
226.92
226.95
227.03
227.14
227.26
227.38
227.50
227.59
227.63
227.62
227.59
227.53
227.43
227.30
227.14
226.97
226.80
226.71
226.74
226.87
227.08
227.33
227.57
227.77
227.93
228.04
228.11
228.14
228.10
228.02
227.91
227.78
227.70
227.69
227.75
227.86
228.00
228.04
227.97
227.75
227.45
227.12
226.76
226.42
226.11
225.83
225.54
225.22
224.88
224.54
224.22
224.07
224.10
224.33
224.69
225.12
225.57
226.02
226.44
226.82
227.15
227.42
227.65
227.82
227.95
228.05
228.01
227.82
227.48
227.06
226.60
226.27
226.12
226.17
226.35
226.63
226.76
226.69
226.39
225.94
225.42
225.03
224.84
224.87
225.06
225.35
225.70
226.06
226.42
226.76
227.06
227.35
227.63
227.89
228.14
228.36
228.47
228.45
228.31
228.08
227.84
227.62
227.42
227.27
227.14
227.07
227.06
227.10
227.18
227.28
227.36
227.41
227.42
227.41
227.38
227.28
227.12
226.89
226.63
226.36
226.21
226.20
226.34
226.58
226.88
227.15
227.35
227.48
227.54
227.56
227.51
227.41
227.27
227.10
226.92
226.80
226.75
226.79
226.88
227.00
227.16
227.36
227.59
227.83
228.06
228.24
228.37
228.44
228.46
228.46
228.32
228.05
227.64
227.16
226.74
226.41
226.22
226.12
226.10
226.16
226.29
226.47
226.68
226.90
227.03
227.05
226.96
226.79
226.57
226.44
226.44
226.57
226.79
227.07
227.39
227.74
228.11
228.47
228.80
229.07
229.27
229.40
229.46
229.48
229.34
229.02
228.53
227.94
227.32
226.84
226.55
226.48
226.57
226.76
227.04
227.38
227.76
228.14
228.51
228.80
228.98
229.06
229.05
229.00
228.88
228.70
228.49
228.26
228.04
227.82
227.63
227.46
227.31
227.14
226.94
226.69
226.42
226.16
226.02
226.03
226.20
226.46
226.78
227.10
227.38
227.62
227.80
227.94
228.07
228.19
228.32
228.45
228.57
228.65
228.68
228.67
228.63
228.56
228.33
227.90
227.29
226.58
225.84
225.24
224.86
224.70
224.71
224.84
225.10
225.47
225.91
226.39
226.86
227.23
227.46
227.54
227.52
227.42
227.33
227.28
227.28
227.31
227.30
227.20
227.02
226.78
226.52
226.28
226.09
225.95
225.85
225.79
225.89
226.17
226.63
227.18
227.77
228.25
228.57
228.71
228.72
228.64
228.57
228.56
228.63
228.75
228.90
228.96
228.90
228.70
228.41
228.09
227.66
227.16
226.58
225.99
225.41
224.99
224.74
224.69
224.78
224.96
225.22
225.54
225.89
226.26
226.60
226.87
227.03
227.09
227.08
227.01
226.93
226.87
226.83
226.82
226.81
226.85
226.92
227.03
227.16
227.35
227.59
227.90
228.22
228.54
228.82
229.04
229.19
229.28
229.33
229.35
229.35
229.32
229.29
229.25
229.13
228.92
228.61
228.26
227.89
227.43
226.86
226.21
225.53
224.86
224.37
224.10
224.07
224.20
224.45
224.73
225.00
225.25
225.47
225.64
225.87
226.15
226.50
226.88
227.26
227.62
227.95
228.23
228.47
228.67
228.77
228.77
228.68
228.53
228.34
228.19
228.10
228.08
228.12
228.09
227.95
227.70
227.38
227.03
226.78
226.67
226.72
226.88
227.10
227.25
227.29
227.19
227.01
226.77
226.62
226.59
226.69
226.89
227.14
227.41
227.69
227.96
228.20
228.41
228.51
228.49
228.34
228.11
227.83
227.68
227.68
227.86
228.15
228.51
228.78
228.94
228.94
228.84
228.67
228.54
228.49
228.53
228.64
228.79
228.88
228.88
228.78
228.62
228.42
228.15
227.82
227.43
227.03
226.73
226.54
226.49
226.53
226.64
226.79
226.96
227.13
227.30
227.46
227.57
227.63
227.64
227.61
227.56
227.47
227.34
227.17
227.00
226.82
226.78
226.92
227.23
227.65
228.13
228.45
228.57
228.47
228.21
227.86
227.57
227.38
227.34
227.40
227.53
227.64
227.72
227.73
227.70
227.64
227.56
227.48
227.40
227.32
227.24
227.23
227.29
227.43
227.60
227.80
227.93
227.95
227.86
227.70
227.44
227.11
226.70
226.28
225.86
225.54
225.36
225.32
225.38
225.51
225.60
225.62
225.55
225.41
225.24
225.16
225.21
225.39
225.65
225.96
226.21
226.36
226.39
226.34
226.23
226.17
226.18
226.29
226.46
226.66
226.81
226.91
226.93
226.89
226.81
226.80
226.87
227.03
227.25
227.49
227.69
227.82
227.87
227.86
227.80
227.69
227.54
227.35
227.15
226.94
226.75
226.57
226.42
226.29
226.18
226.07
225.95
225.81
225.67
225.62
225.67
225.83
226.06
226.32
226.54
226.69
226.76
226.77
226.74
226.73
226.76
226.85
226.97
227.12
227.24
227.32
227.36
227.37
227.36
227.39
227.46
227.60
227.77
227.95
228.14
228.32
228.48
228.62
228.74
228.78
228.74
228.62
228.45
228.25
228.10
228.02
228.01
228.06
228.14
228.19
228.19
228.13
228.02
227.89
227.65
227.28
226.80
226.25
225.70
225.25
224.93
224.76
224.71
224.77
224.92
225.14
225.39
225.65
225.85
225.97
226.01
225.98
225.90
225.78
225.61
225.40
225.18
224.97
224.98
225.25
225.81
226.53
227.32
228.02
228.57
228.92
229.11
229.19
229.08
228.78
228.31
227.76
227.17
226.64
226.20
225.89
225.68
225.54
225.42
225.29
225.12
224.95
224.78
224.69
224.72
224.86
225.07
225.32
225.64
226.02
226.44
226.88
227.29
227.62
227.85
227.96
227.99
227.98
227.96
227.95
227.95
227.95
227.98
228.04
228.13
228.25
228.37
228.35
228.17
227.83
227.38
226.88
226.46
226.16
225.99
225.92
225.94
225.97
226.02
226.04
226.06
226.07
226.05
225.99
225.89
225.78
225.66
225.62
225.68
225.84
226.07
226.34
226.53
226.63
226.61
226.51
226.36
226.15
225.91
225.63
225.35
225.08
224.95
224.96
225.13
225.40
225.73
226.06
226.35
226.59
226.78
226.93
227.03
227.10
227.15
227.17
227.15
227.09
226.99
226.87
226.73
226.65
226.64
226.71
226.82
226.97
227.18
227.45
227.77
228.12
228.46
228.68
228.74
228.64
228.43
228.15
227.84
227.52
227.22
226.94
226.70
226.49
226.32
226.18
226.07
225.99
225.94
225.90
225.89
225.88
225.88
225.99
226.23
226.60
227.04
227.51
227.92
228.23
228.44
228.57
228.62
228.52
228.26
227.85
227.36
226.84
226.48
226.33
226.43
226.69
227.02
227.37
227.70
228.00
228.27
228.47
228.60
228.65
228.66
228.63
228.52
228.33
228.08
227.79
227.49
227.26
227.11
227.05
227.06
227.11
227.12
227.05
226.90
226.68
226.45
226.17
225.88
225.58
225.28
225.00
224.86
224.87
225.05
225.33
225.67
225.96
226.14
226.21
226.20
226.12
225.98
225.79
225.56
225.32
225.08
224.88
224.73
224.64
224.60
224.59
224.61
224.64
224.68
224.73
224.80
224.90
225.03
225.18
225.32
225.46
225.58
225.69
225.79
225.86
225.90
225.89
225.83
225.75
225.65
225.66
225.78
226.04
226.39
226.76
227.10
227.35
227.51
227.59
227.62
227.58
227.48
227.33
227.16
226.97
226.90
226.96
227.16
227.46
227.80
228.08
228.25
228.31
228.28
228.19
228.12
228.09
228.12
228.18
228.27
228.27
228.14
227.89
227.55
227.18
226.86
226.62
226.46
226.39
226.34
226.30
226.26
226.21
226.17
226.19
226.27
226.42
226.60
226.81
227.15
227.64
228.27
228.96
229.66
230.09
230.18
229.92
229.42
228.78
228.13
227.53
227.03
226.63
226.31
226.04
225.81
225.61
225.43
225.29
225.22
225.25
225.36
225.52
225.72
225.89
226.04
226.14
226.20
226.23
226.22
226.15
226.05
225.92
225.78
225.66
225.59
225.56
225.56
225.59
225.63
225.67
225.72
225.78
225.82
225.87
225.90
225.93
225.96
226.03
226.16
226.35
226.57
226.80
227.03
227.24
227.43
227.59
227.73
227.86
228.01
228.16
228.31
228.45
228.53
228.53
228.45
228.31
228.15
227.97
227.79
227.63
227.48
227.35
227.26
227.23
227.25
227.30
227.38
227.36
227.22
226.94
226.60
226.22
225.91
225.71
225.64
225.67
225.76
225.88
226.03
226.19
226.34
226.49
226.61
226.72
226.81
226.89
226.95
226.96
226.94
226.87
226.77
226.69
226.64
226.62
226.63
226.65
226.61
226.48
226.26
225.98
225.68
225.40
225.18
225.01
224.89
224.81
224.85
225.00
225.27
225.60
225.97
226.33
226.67
226.98
227.26
227.49
227.65
227.74
227.77
227.74
227.69
227.67
227.69
227.78
227.91
228.06
228.19
228.28
228.33
228.35
228.34
228.40
228.54
228.77
229.05
229.35
229.49
229.42
229.14
228.73
228.23
227.77
227.38
227.08
226.87
226.73
226.70
226.77
226.94
227.17
227.46
227.78
228.13
228.47
228.79
229.00
229.08
229.02
228.88
228.67
228.50
228.37
228.32
228.32
228.35
228.36
228.32
228.22
228.08
227.93
227.77
227.62
227.48
227.36
227.25
227.22
227.26
227.39
227.56
227.76
227.94
228.08
228.17
228.23
228.26
228.21
228.09
227.89
227.65
227.39
227.24
227.23
227.38
227.61
227.91
228.04
227.96
227.63
227.16
226.60
226.18
225.96
225.96
226.13
226.37
226.64
226.90
227.15
227.36
227.57
227.79
228.00
228.20
228.39
228.60
228.85
229.15
229.45
229.75
229.86
229.76
229.44
228.97
228.43
227.87
227.33
226.82
226.37
225.98
225.65
225.39
225.18
225.03
224.92
224.82
224.72
224.61
224.50
224.40
224.39
224.48
224.67
224.94
225.23
225.59
225.99
226.43
226.88
227.31
227.70
228.04
228.33
228.57
228.76
228.94
229.10
229.27
229.42
229.45
229.34
229.09
228.74
228.36
228.04
227.83
227.74
227.75
227.82
228.02
228.32
228.74
229.20
229.67
229.92
229.88
229.54
229.00
228.36
227.76
227.25
226.89
226.64
226.48
226.43
226.46
226.56
226.71
226.89
226.96
226.91
226.72
226.44
226.11
225.82
225.60
225.47
225.41
225.39
225.28
225.04
224.66
224.19
223.70
223.37
223.25
223.37
223.64
224.02
224.36
224.62
224.77
224.83
224.83
224.73
224.54
224.28
223.97
223.78
223.75
223.91
224.18
224.52
224.90
225.27
225.62
225.95
226.23
226.52
226.83
227.16
227.50
227.81
228.07
228.26
228.37
228.44
228.46
228.40
228.25
228.03
227.76
227.48
227.26
227.12
227.07
227.08
227.14
227.17
227.16
227.09
226.98
226.85
226.72
226.58