276.95
276.66
276.25
275.80
275.30
274.79
274.28
273.81
273.54
273.50
273.72
274.10
274.58
275.20
275.95
276.80
277.67
278.51
279.18
279.64
279.87
279.94
279.88
279.79
279.72
279.68
279.67
279.68
279.65
279.57
279.43
279.25
279.06
278.79
278.44
278.01
277.55
277.09
276.60
276.09
275.57
275.07
274.61
274.44
274.60
275.11
275.84
276.68
277.50
278.23
278.84
279.33
279.71
280.01
280.27
280.49
280.67
280.81
280.79
280.58
280.20
279.70
279.18
278.69
278.25
277.88
277.57
277.30
277.05
276.82
276.62
276.44
276.37
276.43
276.60
276.85
277.14
277.39
277.57
277.67
277.70
277.68
277.77
277.99
278.36
278.81
279.30
279.65
279.82
279.79
279.62
279.36
279.27
279.40
279.79
280.35
280.98
281.56
282.03
282.36
282.57
282.69
282.65
282.47
282.16
281.78
281.36
280.88
280.37
279.83
279.30
278.97
278.87
279.02
279.34
279.76
280.09
280.28
280.29
280.18
279.98
279.71
279.39
279.03
278.68
278.34
278.16
278.18
278.39
278.74
279.15
279.49
279.70
279.75
279.70
279.57
279.48
279.45
279.52
279.64
279.80
279.82
279.65
279.29
278.80
278.26
277.60
276.83
275.99
275.13
274.30
273.68
273.31
273.19
273.25
273.44
273.72
274.03
274.35
274.67
274.96
275.25
275.53
275.80
276.06
276.32
276.58
276.83
277.07
277.29
277.54
277.81
278.12
278.44
278.75
278.90
278.86
278.63
278.27
277.84
277.55
277.46
277.58
277.84
278.20
278.57
278.92
279.23
279.48
279.69
279.79
279.80
279.71
279.55
279.36
279.15
278.95
278.75
278.57
278.42
278.45
278.69
279.14
279.71
280.34
280.72
280.75
280.41
279.84
279.12
278.34
277.57
276.83
276.17
275.64
275.26
275.03
274.93
274.91
275.01
275.21
275.50
275.84
276.19
276.46
276.60
276.62
276.55
276.41
276.40
276.56
276.91
277.37
277.89
278.39
278.84
279.22
279.53
279.77
279.98
280.16
280.34
280.50
280.64
280.75
280.85
280.92
280.98
281.02
280.86
280.47
279.86
279.11
278.32
277.56
276.87
276.29
275.82
275.44
275.21
275.11
275.15
275.27
275.45
275.68
275.96
276.26
276.56
276.88
277.20
277.53
277.83
278.11
278.37
278.63
278.89
279.13
279.34
279.45
279.43
279.29
279.07
278.80
278.49
278.16
277.80
277.46
277.14
276.89
276.70
276.58
276.52
276.51
276.52
276.56
276.61
276.66
276.72
276.78
276.83
276.87
276.91
276.94
276.97
276.98
277.00
277.01
277.02
277.02
277.02
277.02
277.02
277.02
277.10
277.27
277.53
277.85
278.24
278.69
279.18
279.67
280.15
280.60
281.04
281.45
281.82
282.14
282.25
282.13
281.77
281.26
280.68
280.21
279.91
279.81
279.85
280.00
280.13
280.20
280.19
280.11
280.00
279.95
279.99
280.12
280.31
280.53
280.64
280.58
280.35
280.01
279.61
279.27
279.03
278.92
278.89
278.94
278.97
278.97
278.91
278.83
278.72
278.56
278.33
278.05
277.74
277.43
277.17
276.96
276.81
276.72
276.73
276.82
277.01
277.25
277.50
277.58
277.43
277.03
276.48
275.86
275.30
274.85
274.54
274.35
274.25
274.27
274.41
274.64
274.93
275.25
275.75
276.45
277.34
278.32
279.31
280.15
280.78
281.19
281.40
281.48
281.38
281.11
280.70
280.22
279.71
279.18
278.65
278.14
277.67
277.25
276.91
276.67
276.52
276.43
276.41
276.47
276.63
276.86
277.14
277.49
277.90
278.35
278.80
279.24
279.69
280.16
280.64
281.10
281.53
281.99
282.48
283.02
283.55
284.06
284.33
284.33
284.04
283.57
283.00
282.22
281.27
280.15
278.99
277.86
276.91
276.20
275.74
275.49
275.39
275.62
276.18
277.04
278.07
279.16
280.05
280.66
280.94
280.99
280.86
280.48
279.88
279.09
278.22
277.32
276.49
275.76
275.16
274.67
274.30
274.18
274.32
274.73
275.30
275.89
276.45
276.92
277.31
277.62
277.78
277.78
277.63
277.39
277.09
276.82
276.62
276.49
276.44
276.42
276.37
276.24
276.03
275.78
275.50
275.26
275.06
274.92
274.82
274.76
274.87
275.15
275.61
276.16
276.76
277.27
277.65
277.88
278.00
278.03
277.99
277.91
277.81
277.70
277.58
277.38
277.11
276.75
276.35
275.94
275.72
275.70
275.93
276.30
276.68
277.00
277.23
277.37
277.46
277.60
277.82
278.15
278.54
278.94
279.22
279.35
279.32
279.17
278.96
278.70
278.43
278.16
277.91
277.69
277.55
277.50
277.55
277.66
277.81
278.00
278.23
278.49
278.75
279.00
279.20
279.34
279.43
279.46
279.46
279.46
279.48
279.52
279.57
279.63
279.67
279.67
279.64
279.58
279.51
279.51
279.60
279.80
280.05
280.07
279.78
279.16
278.35
277.44
276.67
276.12
275.84
275.75
275.82
275.87
275.86
275.75
275.59
275.38
275.19
275.04
274.93
274.85
274.81
275.03
275.54
276.35
277.33
278.37
279.16
279.61
279.68
279.48
279.10
278.62
278.08
277.54
277.03
276.56
276.20
275.97
275.86
275.84
275.89
276.01
276.19
276.41
276.65
276.89
277.01
276.99
276.81
276.54
276.21
275.89
275.61
275.37
275.19
275.02
274.87
274.71
274.56
274.43
274.37
274.38
274.48
274.63
274.81
274.94
275.01
275.01
274.95
274.86
274.97
275.31
275.90
276.65
277.46
278.11
278.53
278.69
278.66
278.49
278.38
278.37
278.51
278.74
279.02
279.13
279.03
278.69
278.21
277.64
277.13
276.72
276.45
276.29
276.22
276.21
276.24
276.31
276.39
276.48
276.65
276.91
277.26
277.65
278.02
278.35
278.61
278.82
278.97
279.11
279.24
279.37
279.49
279.61
279.50
279.13
278.48
277.69
276.83
276.18
275.82
275.79
276.00
276.36
276.70
276.95
277.08
277.11
277.07
277.01
276.96
276.93
276.90
276.89
276.87
276.81
276.73
276.64
276.54
276.49
276.51
276.61
276.75
276.91
277.03
277.09
277.07
277.00
276.90
276.70
276.40
276.01
275.57
275.13
274.90
274.91
275.19
275.64
276.20
276.79
277.37
277.92
278.42
278.74
278.88
278.82
278.63
278.35
278.11
277.95
277.90
277.92
277.99
277.99
277.88
277.65
277.35
277.01
276.75
276.59
276.55
276.61
276.72
276.78
276.77
276.67
276.51
276.32
276.03
275.66
275.20
274.71
274.22
273.83
273.59
273.49
273.51
273.59
273.87
274.32
274.94
275.64
276.37
277.07
277.72
278.30
278.79
279.07
279.12
278.93
278.58
278.15
277.74
277.38
277.11
276.91
276.78
276.75
276.82
276.99
277.22
277.47
277.68
277.81
277.86
277.85
277.80
277.77
277.79
277.87
277.99
278.12
278.18
278.15
278.01
277.81
277.57
277.29
276.98
276.67
276.35
276.06
275.80
275.57
275.39
275.23
275.11
275.10
275.21
275.44
275.73
276.06
276.55
277.22
278.04
278.94
279.84
280.35
280.38
279.90
279.08
278.27
277.59
277.14
276.86
276.73
276.66
276.60
276.52
276.44
276.36
276.36
276.47
276.68
276.95
277.25
277.60
278.01
278.45
278.90
279.32
279.53
279.46
279.13
278.62
278.02
277.65
277.59
277.90
278.44
279.11
279.77
280.33
280.76
281.08
281.30
281.32
281.17
280.83
280.40
279.91
279.52
279.27
279.19
279.23
279.35
279.50
279.64
279.76
279.86
279.88
279.82
279.68
279.50
279.29
278.99
278.61
278.15
277.66
277.17
276.77
276.47
276.29
276.20
276.18
276.19
276.19
276.19
276.17
276.15
276.29
276.61
277.13
277.75
278.41
278.88
279.09
279.02
278.76
278.38
278.06
277.87
277.86
277.96
278.14
278.34
278.53
278.69
278.81
278.91
278.93
278.87
278.73
278.53
278.32
278.12
277.96
277.86
277.79
277.75
277.77
277.83
277.93
278.07
278.29
278.60
279.00
279.45
279.89
280.24
280.45
280.53
280.50
280.40
280.14
279.75
279.21
278.61
278.00
277.30
276.53
275.70
274.86
274.07
273.64
273.64
274.09
274.83
275.72
276.53
277.15
277.52
277.70
277.73
277.66
277.53
277.35
277.15
276.95
276.84
276.84
276.95
277.14
277.38
277.44
277.28
276.89
276.36
275.75
275.23
274.86
274.65
274.58
274.72
275.04
275.53
276.11
276.73
277.26
277.65
277.89
278.02
278.05
278.04
278.02
278.00
277.99
277.99
277.98
277.98
277.98
277.98
277.98
277.90
277.73
277.47
277.15
276.81
276.53
276.34
276.23
276.20
276.22
276.28
276.36
276.44
276.54
276.63
276.76
276.95
277.19
277.46
277.73
278.01
278.30
278.60
278.88
279.14
279.39
279.64
279.89
280.12
280.33
280.46
280.50
280.45
280.33
280.18
280.01
279.84
279.67
279.52
279.33
279.10
278.83
278.54
278.26
278.07
278.00
278.06
278.21
278.40
278.57
278.69
278.73
278.72
278.68
278.35
277.69
276.72
275.57
274.36
273.41
272.82
272.62
272.72
273.02
273.52
274.18
274.95
275.76
276.56
277.17
277.54
277.67
277.62
277.44
277.37
277.48
277.80
278.24
278.76
279.18
279.47
279.60
279.60
279.54
279.46
279.38
279.30
279.23
279.11
278.95
278.72
278.48
278.23
277.90
277.51
277.05
276.56
276.08
275.74
275.57
275.58
275.72
275.93
276.33
276.90
277.62
278.42
279.22
279.72
279.84
279.56
279.01
278.31
277.64
277.08
276.69
276.43
276.27
276.26
276.37
276.59
276.87
277.18
277.36
277.38
277.21
276.92
276.56
276.25
276.03
275.93
275.92
275.97
276.11
276.34
276.64
276.98
277.38
277.82
278.30
278.79
279.24
279.44
279.35
278.94
278.34
277.63
276.94
276.32
275.82
275.43
275.13
274.99
275.02
275.19
275.47
275.79
276.14
276.48
276.81
277.09
277.35
277.58
277.81
278.04
278.24
278.43
278.65
278.89
279.18
279.48
279.77
279.96
280.03
279.97
279.82
279.62
279.47
279.41
279.45
279.56
279.72
279.82
279.83
279.74
279.58
279.49
279.51
279.66
279.89
280.16
280.32
280.32
280.14
279.84
279.49
279.13
278.81
278.54
278.32
278.15
277.92
277.60
277.18
276.72
276.25
275.99
275.98
276.24
276.68
277.22
277.63
277.87
277.88
277.73
277.48
277.26
277.10
277.03
277.04
277.10
277.16
277.21
277.23
277.23
277.22
277.20
277.18
277.15
277.13
277.10
277.18
277.39
277.73
278.14
278.59
278.86
278.93
278.77
278.46
278.02
277.52
276.98
276.44
275.93
275.63
275.58
275.77
276.14
276.60
276.94
277.11
277.06
276.86
276.57
276.33
276.20
276.21
276.31
276.47
276.58
276.62
276.56
276.43
276.26
276.16
276.15
276.24
276.39
276.59
276.99
277.60
278.43
279.36
280.31
280.96
281.24
281.09
280.67
280.07
279.43
278.82
278.30
277.87
277.52
277.27
277.12
277.07
277.08
277.16
277.30
277.49
277.71
277.93
278.14
278.33
278.50
278.65
278.77
278.82
278.78
278.65
278.48
278.28
277.88
277.28
276.46
275.55
274.61
273.87
273.38
273.18
273.19
273.34
273.78
274.49
275.44
276.51
277.61
278.50
279.13
279.46
279.56
279.49
279.36
279.22
279.12
279.04
278.98
279.02
279.17
279.42
279.74
280.08
280.32
280.41
280.35
280.18
279.94
279.57
279.06
278.44
277.76
277.17
276.70
276.39
276.20
276.12
276.21
276.48
276.91
277.43
277.98
278.43
278.71
278.82
278.80
278.69
278.63
278.66
278.81
279.03
279.29
279.48
279.58
279.56
279.46
279.32
279.09
278.80
278.44
278.06
277.68
277.46
277.43
277.60
277.90
278.27
278.50
278.50
278.27
277.88
277.40
277.04
276.86
276.91
277.11
277.40
277.61
277.68
277.59
277.39
277.18
276.99
276.86
276.77
276.73
276.81
277.05
277.42
277.87
278.36
278.68
278.79
278.66
278.38
278.00
277.73
277.64
277.75
278.01
278.35
278.62
278.78
278.79
278.71
278.56
278.23
277.74
277.09
276.36
275.62
275.14
275.00
275.23
275.69
276.30
276.68
276.74
276.42
275.86
275.15
274.64
274.44
274.60
274.99
275.54
276.00
276.30
276.38
276.31
276.25
276.25
276.34
276.49
276.68
276.93
277.25
277.62
278.00
278.38
278.52
278.37
277.93
277.30
276.58
276.02
275.69
275.63
275.77
276.05
276.26
276.36
276.30
276.14
275.91
275.80
275.88
276.15
276.54
277.01
277.41
277.71
277.88
277.96
277.96
278.04
278.24
278.59
279.01
279.47
279.79
279.93
279.87
279.68
279.40
279.21
279.16
279.28
279.50
279.80
279.88
279.69
279.20
278.52
278.13
278.14
278.62
279.41
280.36
281.20
281.82
282.15
282.27
282.23
282.09
281.87
281.62
281.36
281.11
280.95
280.91
280.99
281.15
281.37
281.42
281.26
280.87
280.33
279.72
279.12
278.58
278.11
277.73
277.42
277.23
277.17
277.22
277.35
277.54
277.79
278.12
278.50
278.90
279.30
279.61
279.82
279.93
279.95
279.92
279.85
279.75
279.64
279.53
279.43
279.33
279.25
279.17
279.11
279.06
279.03
279.00
278.98
278.97
278.83
278.54
278.09
277.56
277.00
276.55
276.26
276.15
276.17
276.29
276.40
276.49
276.53
276.52
276.49
276.47
276.47
276.50
276.55
276.60
276.66
276.72
276.78
276.83
276.88
276.97
277.12
277.32
277.55
277.79
277.89
277.82
277.56
277.20
276.77
276.40
276.13
275.99
275.95
275.97
275.91
275.73
275.40
274.99
274.59
274.26
274.01
273.83
273.72
273.73
273.88
274.15
274.49
274.86
275.40
276.10
276.96
277.89
278.81
279.44
279.71
279.59
279.21
278.67
278.04
277.38
276.74
276.14
275.61
275.20
274.94
274.80
274.78
274.82
275.02
275.38
275.87
276.44
277.03
277.47
277.71
277.73
277.60
277.37
277.22
277.19
277.33
277.56
277.86
278.20
278.58
278.98
279.36
279.64
279.79
279.80
279.70
279.55
279.44
279.40
279.47
279.59
279.75
279.91
280.03
280.12
280.17
280.20
280.08
279.79
279.33
278.77
278.18
277.68
277.30
277.08
276.97
276.95
276.93
276.90
276.83
276.74
276.63
276.42
276.09
275.63
275.12
274.60
274.30
274.30
274.60
275.09
275.71
276.34
276.94
277.47
277.92
278.29
278.43
278.32
277.96
277.44
276.84
276.29
275.85
275.55
275.37
275.27
275.24
275.26
275.32
275.39
275.53
275.73
275.99
276.28
276.58
276.81
276.96
277.01
276.99
276.92
276.83
276.71
276.60
276.49
276.38
276.37
276.46
276.66
276.92
277.22
277.49
277.73
277.91
278.04
278.13
278.18
278.21
278.22
278.22
278.20
277.99
277.57
276.92
276.14
275.33
274.74
274.45
274.49
274.75
275.17
275.77
276.53
277.40
278.31
279.04
279.53
279.73
279.73
279.58
279.52
279.63
279.94
280.37
280.87
281.23
281.38
281.31
281.09
280.76
280.36
279.91
279.44
278.98
278.56
278.17
277.84
277.56
277.34
277.16
277.01
276.85
276.70
276.56
276.43
276.26
276.05
275.79
275.51
275.24
275.06
275.00
275.06
275.21
275.41
275.61
275.78
275.91
276.01
276.08
276.28
276.65
277.20
277.83
278.50
279.11
279.60
279.97
280.23
280.30
280.16
279.85
279.42
278.94
278.50
278.14
277.88
277.70
277.59
277.48
277.36
277.19
277.02
276.84
276.45
275.84
274.99
274.02
273.02
272.24
271.74
271.57
271.63
271.86
272.18
272.56
272.95
273.34
273.70
274.08
274.47
274.88
275.28
275.65
275.91
276.02
275.99
275.87
275.68
275.41
275.06
274.65
274.22
273.81
273.55
273.49
273.63
273.91
274.30
274.76
275.25
275.74
276.21
276.45
276.41
276.10
275.61
275.02
274.60
274.44
274.57
274.90
275.35
275.80
276.21
276.54
276.80
276.99
277.12
277.21
277.26
277.28
277.28
277.27
277.24
277.21
277.18
277.15
277.12
277.09
277.06
277.04
277.03
276.93
276.75
276.48
276.15
275.81
275.39
274.91
274.36
273.79
273.25
272.85
272.63
272.61
272.72
272.92
273.28
273.78
274.41
275.10
275.71
276.19
276.52
276.72
276.83
276.78
276.58
276.25
275.84
275.41
275.08
274.90
274.89
274.99
275.17
275.37
275.55
275.70
275.83
275.92
275.94
275.88
275.73
275.54
275.32
275.12
274.96
274.86
274.79
274.75
274.68
274.57
274.41
274.23
274.03
273.94
273.99
274.19
274.47
274.81
275.14
275.42
275.66
275.84
275.97
276.04
276.05
276.00
275.91
275.69
275.34
274.86
274.32
273.77
273.47
273.49
273.85
274.43
275.14
275.89
276.64
277.35
277.98
278.53
278.97
279.30
279.51
279.63
279.68
279.54
279.22
278.71
278.11
277.46
276.77
276.06
275.34
274.66
274.04
273.66
273.54
273.70
274.04
274.49
274.94
275.34
275.65
275.89
276.06
275.99
275.67
275.08
274.34
273.54
272.92
272.56
272.49
272.63
272.91
273.13
273.24
273.20
273.06
272.90
272.76
272.68
272.64
272.63
272.62
272.59
272.54
272.47
272.40
272.44
272.60
272.90
273.27
273.68
274.11
274.56
275.00
275.42
275.80
275.99
275.98
275.76
275.41
274.98
274.54
274.14
273.80
273.52
273.29
273.09
272.91
272.73
272.56
272.42
272.40
272.53
272.80
273.17
273.57
273.83
273.88
273.71
273.39
272.99
272.60
272.27
272.02
271.85
271.84
272.00
272.33
272.76
273.23
273.63
273.92
274.07
274.12
274.09
274.12
274.24
274.48
274.77
275.10
275.33
275.41
275.34
275.17
274.93
274.61
274.22
273.77
273.31
272.86
272.50
272.25
272.11
272.07
272.08
272.20
272.40
272.68
273.00
273.33
273.68
274.04
274.39
274.72
275.03
275.37
275.76
276.21
276.68
277.13
277.49
277.74
277.88
277.93
277.92
277.83
277.69
277.49
277.28
277.06
276.85
276.66
276.49
276.34
276.28
276.30
276.40
276.56
276.75
276.81
276.72
276.46
276.09
275.66
275.44
275.47
275.79
276.29
276.89
277.35
277.58
277.55
277.35
277.02
276.74
276.55
276.50
276.55
276.65
276.83
277.05
277.32
277.59
277.86
277.94
277.82
277.48
277.00
276.45
275.90
275.41
274.99
274.64
274.36
274.25
274.32
274.57
274.93
275.18
275.27
275.15
274.91
274.58
274.34
274.25
274.34
274.54
274.81
275.12
275.44
275.74
276.02
276.27
276.49
276.66
276.80
276.91
277.00
277.00
276.92
276.77
276.56
276.34
276.40
276.81
277.59
278.58
279.68
280.57
281.16
281.41
281.40
281.21
280.91
280.54
280.15
279.76
279.39
278.84
278.10
277.14
276.09
275.02
274.22
273.76
273.66
273.82
274.16
274.47
274.67
274.72
274.67
274.57
274.45
274.35
274.26
274.18
274.12
274.06
274.02
274.00
273.98
273.94
273.87
273.78
273.67
273.56
273.43
273.27
273.09
272.91
272.73
272.70
272.85
273.17
273.60
274.08
274.55
274.97
275.32
275.60
275.82
276.17
276.68
277.38
278.17
278.99
279.66
280.15
280.44
280.56
280.56
280.29
279.75
278.96
278.04
277.06
276.35
275.98
275.99
276.26
276.49
276.58
276.44
276.17
275.80
275.50
275.32
275.28
275.35
275.48
275.79
276.27
276.92
277.64
278.38
278.90
279.16
279.11
278.86
278.48
278.08
277.71
277.42
277.19
277.02
276.90
276.82
276.77
276.75
276.75
276.66
276.45
276.12
275.72
275.30
274.90
274.57
274.30
274.10
273.95
273.79
273.62
273.41
273.18
272.96
272.97
273.25
273.80
274.52
275.18
275.70
276.03
276.21
276.27
276.40
276.66
277.07
277.57
278.11
278.50
278.71
278.71
278.57
278.33
278.04
277.73
277.42
277.12
276.86
276.57
276.26
275.92
275.58
275.26
275.10
275.13
275.36
275.71
276.13
276.61
277.11
277.62
278.10
278.54
278.71
278.58
278.14
277.50
276.76
276.22
275.98
276.09
276.42
276.90
277.45
278.03
278.59
279.12
279.59
279.88
279.99
279.90
279.69
279.34
278.89
278.37
277.82
277.29
276.98
276.94
277.18
277.61
278.14
278.64
279.05
279.33
279.52
279.62
279.60
279.48
279.26
278.98
278.68
278.49
278.44
278.54
278.74
279.00
279.13
279.08
278.83
278.45
277.99
277.60
277.30
277.13
277.06
277.06
277.11
277.19
277.29
277.40
277.51
277.53
277.45
277.26
277.01
276.73
276.52
276.41
276.42
276.51
276.68
276.91
277.18
277.47
277.75
277.86
277.75
277.42
276.96
276.42
275.91
275.48
275.16
274.92
274.75
274.71
274.77
274.93
275.16
275.41
275.65
275.85
276.00
276.10
276.17
276.18
276.14
276.05
275.93
275.79
275.71
275.70
275.76
275.86
276.00
276.18
276.38
276.61
276.85
277.08
277.26
277.39
277.45
277.48
277.47
277.38
277.22
276.99
276.72
276.44
276.06
275.58
275.00
274.37
274.05
274.10
274.56
275.28
276.14
276.90
277.46
277.78
277.91
277.89
277.84
277.78
277.75
277.74
277.75
277.77
277.80
277.83
277.86
277.88
277.83
277.68
277.43
277.13
276.80
276.64
276.68
276.93
277.33
277.81
278.20
278.47
278.58
278.57
278.48
278.28
278.00
277.64
277.24
276.85
276.50
276.21
276.00
275.85
275.76
275.73
275.77
275.86
275.98
276.07
276.10
276.06
275.98
275.87
275.75
275.62
275.50
275.39
275.29
275.23
275.22
275.25
275.31
275.39
275.59
275.91
276.35
276.86
277.38
277.86
278.27
278.60
278.85
279.03
279.08
278.99
278.76
278.46
278.11
277.89
277.84
277.97
278.22
278.55
278.72
278.68
278.40
277.98
277.46
277.02
276.72
276.57
276.54
276.60
276.85
277.29
277.90
278.60
279.33
279.82
280.01
279.88
279.53
279.09
278.65
278.25
277.90
277.61
277.27
276.85
276.35
275.83
275.31
274.92
274.71
274.69
274.80
274.99
275.18
275.33
275.41
275.45
275.46
275.49
275.56
275.69
275.85
276.03
276.18
276.28
276.34
276.37
276.36
276.45
276.64
276.96
277.35
277.76
278.17
278.55
278.90
279.20
279.45
279.66
279.82
279.95
280.04
280.10
280.11
280.07
279.99
279.88
279.64
279.29
278.81
278.27
277.71
277.18
276.69
276.26
275.89
275.58
275.36
275.23
275.17
275.18
275.23
275.39
275.65
276.01
276.43
276.85
277.35
277.90
278.51
279.12
279.71
280.21
280.62
280.93
281.15
281.29
281.46
281.67
281.94
282.25
282.55
282.66
282.52
282.13
281.58
280.95
280.27
279.58
278.91
278.28
277.72
277.20
276.74
276.32
275.96
275.65
275.38
275.12
274.88
274.67
274.67
274.92
275.41
276.06
276.78
277.32
277.62
277.63
277.45
277.13
276.83
276.58
276.43
276.36
276.34
276.33
276.33
276.30
276.27
276.24
276.28
276.41
276.64
276.93
277.25
277.43
277.44
277.26
276.96
276.59
276.36
276.31
276.47
276.77
277.16
277.68
278.34
279.10
279.89
280.67
281.18
281.37
281.21
280.82
280.29
279.75
279.24
278.82
278.49
278.01
277.35
276.50
275.56
274.60
274.03
273.93
274.35
275.11
276.06
276.88
277.47
277.74
277.79
277.68
277.59
277.58
277.71
277.92
278.18
278.41
278.57
278.66
278.68
278.66
278.64
278.63
278.64
278.67
278.71
278.72
278.71
278.66
278.59
278.51
278.40
278.26
278.10
277.92
277.75
277.57
277.36
277.15
276.94
276.74
276.59
276.49
276.45
276.45
276.48
276.61
276.84
277.17
277.55
277.93
278.26
278.53
278.75
278.91
279.01
279.03
278.99
278.91
278.81
278.75
278.74
278.81
278.92
279.05
279.14
279.17
279.13
279.04
278.92
278.95
279.16
279.56
280.09
280.66
281.08
281.29
281.26
281.07
280.77
280.46
280.20
280.00
279.86
279.77
279.67
279.54
279.36
279.16
278.96
278.82
278.76
278.79
278.87
278.99
278.99
278.84
278.54
278.13
277.84
277.73
277.82
278.06
278.38
278.75
279.12
279.49
279.82
280.12
280.30
280.34
280.24
280.06
279.81
279.55
279.28
279.02
278.79
278.58
278.40
278.26
278.14
278.06
277.99
278.03
278.17
278.42
278.74
279.08
279.29
279.32
279.17
278.90
278.55
278.17
277.79
277.42
277.09
276.80
276.69
276.77
277.06
277.47
277.95
278.34
278.59
278.69
278.66
278.56
278.37
278.13
277.85
277.55
277.20
276.82
276.40
275.97
275.57
275.13
274.63
274.09
273.55
273.03
272.72
272.65
272.84
273.19
273.64
274.16
274.72
275.28
275.82
276.32
276.71
276.96
277.09
277.13
277.09
277.08
277.14
277.28
277.47
277.69
278.07
278.63
279.36
280.17
281.00
281.61
281.93
281.95
281.75
281.42
280.89
280.20
279.39
278.54
277.69
277.04
276.62
276.45
276.47
276.59
276.76
276.95
277.14
277.32
277.56
277.87
278.26
278.68
279.09
279.46
279.76
279.98
280.14
280.24
280.33
280.41
280.50
280.59
280.67
280.75
280.82
280.87
280.92
280.96
280.80
280.42
279.81
279.07
278.28
277.71
277.44
277.49
277.77
278.19
278.63
279.04
279.38
279.65
279.86
279.91
279.79
279.50
279.11
278.67
278.06
277.28
276.35
275.35
274.37
273.66
273.29
273.28
273.53
273.78
273.94
273.95
273.85
273.68
273.74
274.09
274.76
275.62
276.56
277.37
277.99
278.37
278.57
278.62
278.65
278.70
278.81
278.95
279.10
279.18
279.15
279.02
278.82
278.58
278.28
277.92
277.51
277.09
276.68
276.44
276.39
276.55
276.85
277.23
277.67
278.14
278.62
279.09
279.52
279.71
279.63
279.28
278.75
278.12
277.44
276.73
276.04
275.39
274.84
274.39
274.05
273.82
273.66
273.73
274.03
274.56
275.23
275.95
276.64
277.27
277.80
278.23
278.58
278.77
278.79
278.66
278.42
278.13
277.83
277.57
277.35
277.18
277.06
276.96
276.90
276.86
276.84
276.83
276.81
276.77
276.69
276.61
276.51
276.55
276.75
277.12
277.58
278.09
278.44
278.58
278.49
278.24
277.89
277.41
276.83
276.16
275.47
274.80
274.29
273.97
273.85
273.88
274.15
274.64
275.32
276.11
276.91
277.59
278.09
278.38
278.51
278.52
278.58
278.74
279.02
279.38
279.77
280.25
280.79
281.40
282.02
282.61
282.94
282.96
282.66
282.14
281.50
280.82
280.13
279.48
278.90
278.39
277.98
277.68
277.49
277.38
277.34
277.24
277.05
276.75
276.40
276.02
275.84
275.89
276.20
276.67
277.24
277.75
278.17
278.45
278.62
278.76
278.90
279.06
279.22
279.37
279.38
279.22
278.88
278.43
277.94
277.43
276.95
276.51
276.12
275.78
275.51
275.29
275.12
274.99
274.90
274.85
274.82
274.80
274.81
274.82
274.97
275.28
275.75
276.30
276.89
277.28
277.42
277.28
276.95
276.51
276.12
275.84
275.71
275.69
275.74
275.90
276.15
276.47
276.84
277.21
277.43
277.47
277.31
277.02
276.66
276.37
276.20
276.18
276.26
276.36
276.43
276.46
276.46
276.43
276.52
276.76
277.15
277.63
278.15
278.50
278.64
278.55
278.29
277.94
277.69
277.61
277.74
278.01
278.35
278.76
279.21
279.67
280.12
280.53
280.80
280.88
280.79
280.58
280.29
279.86
279.30
278.62
277.90
277.19
276.70
276.50
276.60
276.90
277.33
277.62
277.68
277.47
277.09
276.60
276.17
275.86
275.71
275.67
275.66
275.64
275.60
275.53
275.46
275.36
275.23
275.07
274.90
274.74
274.61
274.52
274.49
274.50
274.53
274.63
274.80
275.03
275.30
275.59
275.86
276.11
276.33
276.53
276.69
276.98
277.42
278.03
278.72
279.44
279.94
280.18
280.12
279.86
279.47
279.04
278.61
278.23
277.90
277.61
277.46
277.45
277.58
277.80
278.07
278.07
277.73
277.03
276.11
275.08
274.17
273.46
272.98
272.71
272.69
272.91
273.33
273.88
274.48
275.07
275.59
276.04
276.40
276.69
276.98
277.31
277.69
278.07
278.45
278.71
278.85
278.84
278.74
278.58
278.35
278.08
277.78
277.47
277.18
276.91
276.67
276.47
276.31
276.17
276.07
275.99
275.94
275.91
275.89
275.96
276.13
276.41
276.74
277.09
277.34
277.43
277.37
277.20
276.97
276.67
276.33
275.97
275.61
275.27
274.97
274.70
274.48
274.30
274.39
274.80
275.53
276.43
277.42
278.25
278.84
279.16
279.27
279.22
279.02
278.69
278.26
277.78
277.30
276.81
276.34
275.88
275.45
275.08
274.89
274.91
275.15
275.52
275.96
276.25
276.32
276.14
275.79
275.34
274.93
274.60
274.40
274.28
274.24
274.44
274.89
275.59
276.42
277.30
278.11
278.81
279.36
279.79
280.09
280.25
280.27
280.16
279.96
279.72
279.46
279.20
278.96
278.73
278.56
278.45
278.41
278.41
278.44
278.46
278.47
278.45
278.41
278.36
278.25
278.08
277.86
277.60
277.33
276.96
276.49
275.93
275.32
274.71
274.31
274.14
274.23
274.49
274.86
275.21
275.48
275.65
275.73
275.75
275.83
276.00
276.28
276.62
276.99
277.27
277.45
277.49
277.44
277.33
277.12
276.84
276.49
276.11
275.87
275.80
275.92
276.17
276.50
276.91
277.40
277.93
278.46
278.97
279.33
279.52
279.51
279.37
279.14
278.90
278.67
278.47
278.30
278.17
277.96
277.66
277.25
276.79
276.32
275.81
275.28
274.73
274.20
273.71
273.17
272.57
271.90
271.22
270.58
270.42
270.81
271.80
273.14
274.66
276.17
277.57
278.79
279.81
280.64
281.20
281.46
281.47
281.28
280.98
280.58
280.12
279.64
279.15
278.73
278.38
278.11
277.92
277.79
277.68
277.58
277.48
277.39
277.30
277.38
277.66
278.14
278.74
279.38
279.97
280.47
280.85
281.12
281.30
281.28
281.05
280.62
280.07
279.47
278.92
278.45
278.10
277.85
277.68
277.61
277.62
277.70
277.83
277.98
278.11
278.21
278.27
278.30
278.30
278.37
278.51
278.75
279.04
279.34
279.64
279.93
280.18
280.41
280.49
280.41
280.18
279.84
279.46
279.03
278.58
278.13
277.69
277.30
276.82
276.24
275.56
274.83
274.12
273.61
273.36
273.38
273.58
273.91
274.28
274.64
274.97
275.25
275.49
275.68
275.84
275.95
276.04
276.10
276.16
276.23
276.32
276.43
276.53
276.70
276.96
277.31
277.69
278.09
278.30
278.31
278.08
277.70
277.24
276.87
276.67
276.64
276.76
276.95
277.23
277.56
277.92
278.28
278.55
278.69
278.70
278.62
278.47
278.35
278.27
278.25
278.28
278.33
278.36
278.33
278.24
278.11
277.96
277.77
277.56
277.33
277.10
276.88
276.75
276.75
276.87
277.06
277.30
277.53
277.74
277.89
278.01
278.09
278.06
277.91
277.66
277.34
276.99
276.63
276.30
276.00
275.73
275.51
275.40
275.43
275.58
275.82
276.10
276.32
276.45
276.46
276.38
276.42
276.61
276.98
277.45
277.97
278.42
278.75
278.94
279.03
279.03
278.98
278.89
278.78
278.66
278.54
278.43
278.33
278.24
278.17
278.10
278.06
278.02
277.99
277.97
277.96
277.90
277.79
277.61
277.40
277.18
276.96
276.75
276.57
276.41
276.28
276.28
276.42
276.71
277.09
277.52
277.92
278.27
278.56
278.78
278.95
278.94
278.73
278.33
277.82
277.26
276.80
276.49
276.35
276.34
276.40
276.48
276.57
276.65
276.73
276.53
276.02
275.17
274.15
273.04
272.11
271.42
271.02
270.85
270.84
271.14
271.73
272.58
273.58
274.62
275.58
276.41
277.08
277.60
277.98
278.17
278.18
278.01
277.73
277.39
277.10
276.91
276.83
276.84
276.91
276.94
276.89
276.76
276.57
276.36
276.27
276.34
276.58
276.93
277.35
277.67
277.86
277.90
277.82
277.69
277.56
277.43
277.32
277.22
277.04
276.75
276.34
275.88
275.40
275.02
274.76
274.65
274.64
274.71
274.85
275.05
275.30
275.56
275.82
276.10
276.37
276.66
276.93
277.17
277.47
277.83
278.25
278.69
279.12
279.34
279.30
278.99
278.50
277.92
277.31
276.70
276.13
275.61
275.17
274.87
274.74
274.77
274.90
275.11
275.33
275.54
275.71
275.84
275.94
275.93
275.81
275.58
275.28
275.08
275.03
275.15
275.39
275.69
276.09
276.54
277.05
277.56
278.05
278.34
278.39
278.19
277.82
277.36
276.91
276.53
276.22
276.00
275.84
275.85
276.02
276.36
276.78
277.26
277.76
278.27
278.78
279.25
279.68
279.83
279.68
279.22
278.56
277.81
277.10
276.50
276.06
275.75
275.54
275.39
275.28
275.19
275.11
275.06
275.06
275.15
275.31
275.51
275.67
275.78
275.81
275.80
275.74
275.74
275.82
275.99
276.22
276.48
276.74
276.99
277.22
277.42
277.59
277.74
277.85
277.94
278.00
278.05
278.13
278.26
278.45
278.66
278.88
278.91
278.70
278.26
277.66
277.00
276.40
275.92
275.58
275.37
275.26
275.30
275.48
275.80
276.19
276.62
276.91
277.03
276.95
276.73
276.44
276.15
275.92
275.76
275.66
275.61
275.62
275.69
275.81
275.95
276.22
276.61
277.11
277.68
278.25
278.69
278.96
279.05
279.00
278.86
278.74
278.68
278.72
278.81
278.93
278.84
278.47
277.82
277.00
276.10
275.38
274.93
274.77
274.84
275.05
275.31
275.55
275.74
275.89
276.00
276.00
275.88
275.64
275.33
274.99
274.75
274.65
274.70
274.87
275.09
275.30
275.46
275.54
275.57
275.56
275.50
275.39
275.24
275.06
274.89
274.71
274.56
274.41
274.29
274.11
273.86
273.53
273.16
272.79
272.49
272.28
272.17
272.13
272.16
272.27
272.47
272.75
273.06
273.38
273.64
273.82
273.90
273.90
273.86
273.84
273.86
273.93
274.04
274.17
274.33
274.52
274.73
274.95
275.15
275.42
275.77
276.18
276.62
277.05
277.51
278.00
278.50
278.98
279.43
279.80
280.08
280.28
280.40
280.46
280.30
279.88
279.22
278.43
277.61
276.83
276.13
275.53
275.02
274.64
274.38
274.23
274.17
274.17
274.29
274.53
274.89
275.31
275.74
276.04
276.15
276.05
275.83
275.52
275.43
275.64
276.18
276.93
277.77
278.35
278.56
278.36
277.88
277.23
276.68
276.33
276.22
276.29
276.49
276.63
276.65
276.53
276.30
276.03
275.93
276.09
276.51
277.10
277.78
278.50
279.24
279.96
280.62
281.03
281.14
280.94
280.54
280.01
279.38
278.67
277.93
277.19
276.51
276.06
275.87
275.96
276.24
276.64
277.12
277.65
278.21
278.74
279.24
279.52
279.56
279.34
278.95
278.47
278.06
277.76
277.62
277.60
277.66
277.85
278.16
278.59
279.07
279.57
279.83
279.81
279.48
278.96
278.33
277.71
277.16
276.71
276.36
276.09
276.03
276.19
276.56
277.05
277.61
278.08
278.40
278.55
278.57
278.48
278.29
278.04
277.75
277.46
277.31
277.33
277.55
277.88
278.28
278.55
278.62
278.48
278.20
277.83
277.50
277.25
277.12
277.08
277.09
277.18
277.33
277.52
277.73
277.95
278.26
278.68
279.21
279.78
280.35
280.71
280.80
280.61
280.23
279.73
279.21
278.72
278.28
277.90
277.59
277.37
277.23
277.18
277.18
277.23
277.12
276.81
276.28
275.62
275.11
274.80
274.76
274.91
275.17
275.49
275.80
276.08
276.33
276.54
276.66
276.68
276.60
276.46
276.29
275.99
275.57
275.03
274.43
273.83
273.32
272.91
272.63
272.45
272.36
272.46
272.76
273.25
273.85
274.49
274.97
275.22
275.23
275.06
274.78
274.57
274.48
274.56
274.74
274.99
275.32
275.73
276.19
276.66
277.11
277.45
277.66
277.71
277.65
277.53
277.36
277.16
276.97
276.78
276.63
276.53
276.49
276.49
276.51
276.69
277.03
277.54
278.13
278.75
279.33
279.84
280.26
280.60
280.85
280.93
280.83
280.56
280.17
279.74
279.20
278.59
277.92
277.23
276.58
276.02
275.55
275.20
274.94
274.76
274.67
274.67
274.74
274.85
275.00
275.15
275.30
275.45
275.58
275.69
275.82
275.95
276.10
276.26
276.41
276.54
276.66
276.76
276.85
276.91
276.86
276.67
276.34
275.93
275.75
275.88
276.35
277.04
277.84
278.62
279.32
279.90
280.37
280.73
280.78
280.51
279.92
279.14
278.26
277.39
276.58
275.88
275.29
274.81
274.42
274.13
273.92
273.78
273.69
273.70
273.80
273.99
274.23
274.49
274.76
275.01
275.24
275.44
275.61
275.70
275.70
275.60
275.45
275.27
275.21
275.30
275.56
275.93
276.35
276.73
277.04
277.26
277.40
277.50
277.58
277.66
277.74
277.81
277.84
277.83
277.77
277.70
277.61
277.67
277.92
278.37
278.93
279.54
280.04
280.40
280.57
280.60
280.55
280.18
279.50
278.52
277.37
276.18
275.17
274.43
273.99
273.79
273.77
273.95
274.31
274.82
275.39
275.99
276.41
276.60
276.54
276.31
275.97
275.63
275.33
275.10
274.94
274.82
274.81
274.89
275.06
275.28
275.52
275.86
276.27
276.76
277.28
277.70
278.01
278.16
278.21
278.18
278.12
278.06
278.02
277.98
277.96
277.81
277.52
277.07
276.54
275.98
275.61
275.50
275.66
276.00
276.46
276.83
277.06
277.11
277.04
276.88
276.79
276.84
277.04
277.34
277.70
278.01
278.26
278.42
278.51
278.55
278.49
278.34
278.11
277.84
277.55
277.32
277.17
277.10
277.11
277.16
277.00
276.58
275.88
275.02
274.21
273.52
273.01
272.65
272.41
272.39
272.57
272.93
273.40
273.92
274.61
275.46
276.46
277.51
278.54
279.37
279.94
280.24
280.33
280.27
279.94
279.37
278.57
277.67
276.73
275.92
275.31
274.92
274.70
274.62
274.69
274.88
275.19
275.56
275.94
276.22
276.34
276.31
276.16
275.94
275.71
275.49
275.32
275.18
275.07
274.99
274.94
274.90
274.88
274.87
275.04
275.39
275.93
276.59
277.28
277.97
278.61
279.19
279.69
279.98
280.03
279.86
279.53
279.11
278.59
278.02
277.40
276.78
276.20
275.73
275.39
275.18
275.08
275.06
275.14
275.33
275.61
275.93
276.26
276.46
276.47
276.30
276.00
275.63
275.24
274.84
274.46
274.11
273.81
273.61
273.52
273.54
273.62
273.76
273.97
274.26
274.60
274.98
275.34
275.72
276.09
276.45
276.79
277.01
277.09
277.04
276.90
276.70
276.44
276.14
275.81
275.49
275.18
275.01
275.00
275.15
275.41
275.73
275.99
276.16
276.22
276.20
276.12
275.98
275.78
275.55
275.31
275.07
274.87
274.72
274.63
274.59
274.58
274.60
274.63
274.68
274.72
274.77
274.95
275.28
275.76
276.33
276.92
277.45
277.87
278.18
278.38
278.50
278.43
278.15
277.68
277.11
276.48
275.99
275.69
275.60
275.66
275.92
276.32
276.86
277.46
278.06
278.67
279.26
279.83
280.33
280.78
281.02
281.05
280.85
280.50
280.07
279.53
278.89
278.18
277.46
276.77
276.27
276.00
275.97
276.12
276.37
276.55
276.61
276.52
276.31
276.05
275.91
275.95
276.20
276.58
277.02
277.52
278.04
278.57
279.06
279.52
279.81
279.91
279.83
279.62
279.34
279.06
278.84
278.70
278.61
278.57
278.57
278.59
278.62
278.67
278.66
278.60
278.47
278.30
278.11
278.00
277.99
278.09
278.26
278.47
278.70
278.94
279.15
279.35
279.53
279.59
279.54
279.37
279.12
278.84
278.56
278.33
278.15
278.01
277.92
277.93
278.07
278.32
278.64
278.99
279.45
280.02
280.68
281.37
282.06
282.50
282.67
282.54
282.20
281.74
281.30
280.93
280.68
280.52
280.43
280.35
280.25
280.11
279.95
279.68
279.30
278.80
278.25
277.68
277.23
276.91
276.74
276.70
276.73
276.69
276.53
276.23
275.85
275.43
275.24
275.36
275.79
276.42
277.17
277.79
278.21
278.38
278.38
278.25
277.96
277.53
276.98
276.39
275.79
275.31
274.96
274.78
274.71
274.73
274.92
275.28
275.78
276.35
276.95
277.42
277.73
277.86
277.85
277.74
277.71
277.79
278.02
278.34
278.60
278.75
278.77
278.68
278.53
278.31
278.05
277.76
277.46
277.18
277.07
277.18
277.52
277.99
278.54
278.97
279.24
279.30
279.23
279.06
278.80
278.48
278.13
277.76
277.42
277.07
276.73
276.40
276.09
275.82
275.53
275.22
274.88
274.55
274.23
273.94
273.69
273.47
273.30
273.16
273.11
273.14
273.27
273.45
273.66
273.90
274.18
274.46
274.75
275.01
275.25
275.46
275.63
275.77
275.91
276.05
276.20
276.35
276.49
276.67
276.89
277.16
277.44
277.73
277.76
277.48
276.89
276.10
275.23
274.50
273.98
273.73
273.68
273.76
274.05
274.51
275.13
275.83
276.54
277.25
277.93
278.57
279.15
279.66
280.06
280.35
280.53
280.64
280.67
280.58
280.37
280.04
279.64
279.23
278.79
278.34
277.91
277.50
277.14
276.90
276.81
276.86
277.01
277.22
277.46
277.72
277.96
278.19
278.18
277.89
277.33
276.59
275.78
275.06
274.50
274.13
273.92
273.83
273.88
274.06
274.34
274.68
275.04
275.43
275.82
276.21
276.58
276.92
277.21
277.46
277.66
277.82
277.94
277.98
277.92
277.78
277.59
277.37
277.17
277.00
276.89
276.81
276.77
276.75
276.76
276.77
276.79
276.82
276.85
276.87
276.90
276.92
276.94
276.94
276.89
276.81
276.72
276.66
276.67
276.75
276.87
277.01
277.22
277.49
277.81
278.15
278.49
278.65
278.59
278.31
277.87
277.37
276.94
276.64
276.50
276.49
276.56
276.76
277.10
277.54
278.03
278.53
278.97
279.30
279.51
279.64
279.69
279.72
279.74
279.77
279.80
279.83
279.79
279.64
279.40
279.10
278.78
278.38
277.91
277.37
276.81
276.27
275.95
275.91
276.15
276.58
277.06
277.53
277.94
278.28
278.56
278.72
278.77
278.71
278.58
278.40
278.18
277.92
277.63
277.34
277.07
276.90
276.85
276.94
277.11
277.32
277.67
278.15
278.74
279.39
280.03
280.59
281.03
281.33
281.53
281.64
281.68
281.68
281.63
281.57
281.50
281.31
281.01
280.58
280.08
279.57
279.13
278.79
278.56
278.42
278.36
278.24
278.04
277.73
277.37
276.99
276.76
276.70
276.83
277.09
277.25
277.22
276.98
276.59
276.13
275.83
275.75
275.91
276.25
276.69
277.09
277.41
277.61
277.72
277.75
277.66
277.44
277.10
276.70
276.27
275.90
275.62
275.45
275.36
275.32
275.29
275.22
275.10
274.96
274.82
274.67
274.53
274.40
274.29
274.20
274.18
274.23
274.37
274.55
274.75
274.96
275.16
275.35
275.52
275.66
275.59
275.28
274.73
274.04
273.47
273.11
273.02
273.11
273.33
273.60
273.88
274.13
274.36
274.55
274.73
274.92
275.10
275.28
275.45
275.64
275.88
276.16
276.46
276.75
277.01
277.26
277.47
277.64
277.78
277.92
278.06
278.21
278.36
278.49
278.64
278.81
278.99
279.17
279.34
279.41
279.37
279.22
279.00
278.73
278.45
278.18
277.93
277.70
277.50
277.44
277.54
277.79
278.14
278.54
278.92
279.26
279.54
279.76
279.82
279.71
279.43
279.06
278.63
278.38
278.35
278.59
278.98
279.48
279.88
280.13
280.19
280.11
279.95
279.67
279.31
278.88
278.43
277.98
277.74
277.77
278.06
278.54
279.10
279.60
279.98
280.18
280.27
280.26
280.10
279.82
279.41
278.94
278.46
277.99
277.55
277.16
276.83
276.55
276.33
276.15
276.02
275.93
275.87
275.83
275.81
275.81
275.82
275.78
275.69
275.53
275.34
275.13
274.96
274.82
274.73
274.69
274.67
274.84
275.21
275.77
276.45
277.17
277.79
278.28
278.61
278.81
278.91
278.90
278.80
278.64
278.44
278.22
278.06
277.97
277.96
278.01
278.09
278.12
278.07
277.92
277.72
277.48
277.18
276.83
276.43
276.02
275.63
275.29
275.03
274.84
274.72
274.65
274.75
275.03
275.50
276.07
276.67
277.22
277.68
278.01
278.25
278.35
278.31
278.17
277.95
277.70
277.40
277.08
276.74
276.41
276.10
275.83
275.59
275.40
275.24
275.11
275.07
275.12
275.26
275.44
275.66
275.72
275.59
275.25
274.79
274.27
274.07
274.29
274.96
275.92
277.02
277.97
278.69
279.10
279.27
279.27
279.13
278.87
278.54
278.17
277.79
277.46
277.19
276.99
276.85
276.76
276.68
276.61
276.52
276.43
276.45
276.61
276.89
277.26
277.66
278.02
278.29
278.47
278.57
278.61
278.60
278.57
278.51
278.44
278.37
278.23
277.99
277.66
277.29
276.91
276.70
276.70
276.93
277.31
277.78
278.17
278.43
278.54
278.53
278.45
278.50
278.73
279.18
279.75
280.38
280.90
281.28
281.47
281.53
281.49
281.19
280.64
279.84
278.92
277.96
277.21
276.73
276.58
276.65
276.88
277.21
277.59
277.98
278.37
278.48
278.29
277.76
277.03
276.19
275.44
274.83
274.41
274.15
274.02
274.24
274.84
275.80
276.97
278.21
279.45
280.61
281.66
282.58
283.35
283.73
283.71
283.29
282.60
281.76
280.90
280.07
279.32
278.68
278.13
277.64
277.18
276.74
276.34
275.99
275.69
275.44
275.24
275.09
274.98
275.07
275.36
275.87
276.50
277.18
277.78
278.26
278.58
278.77
278.86
278.88
278.85
278.78
278.69
278.56
278.40
278.22
278.02
277.83
277.65
277.49
277.35
277.24
277.14
277.04
276.93
276.80
276.67
276.54
276.31
275.98
275.53
275.03
274.51
274.18
274.07
274.20
274.50
274.89
275.23
275.45
275.53
275.50
275.40
275.37
275.43
275.61
275.86
276.15
276.43
276.67
276.85
276.99
277.09
277.07
276.93
276.68
276.36
276.01
275.95
276.25
276.92
277.83
278.63
279.21
279.50
279.57
279.48
279.34
279.20
279.09
279.00
278.95
278.80
278.55
278.18
277.76
277.31
276.90
276.55
276.28
276.07
275.92
275.85
275.85
275.91
276.01
276.13
276.37
276.73
277.21
277.75
278.30
278.68
278.82
278.72
278.44
278.07
277.62
277.12
276.60
276.10
275.64
275.42
275.46
275.79
276.30
276.91
277.53
278.10
278.61
279.04
279.21
279.08
278.67
278.08
277.40
276.89
276.65
276.72
276.99
277.40
277.85
278.29
278.70
279.05
279.34
279.48
279.44
279.23
278.91
278.53
278.16
277.82
277.54
277.31
277.14
277.01
276.92
276.86
276.82
276.81
276.65
276.31
275.80
275.18
274.52
274.08
273.93
274.10
274.48
274.99
275.53
276.05
276.53
276.94
277.28
277.51
277.61
277.60
277.51
277.36
277.26
277.25
277.33
277.48
277.67
277.87
278.07
278.26
278.43
278.53
278.54
278.47
278.34
278.18
277.90
277.49
276.96
276.38
275.80
275.40
275.23
275.31
275.57
275.93
276.29
276.61
276.86
277.04
277.16
277.24
277.28
277.30
277.29
277.27
277.30
277.38
277.52
277.70
277.90
277.96
277.86
277.58
277.20
276.76
276.30
275.86
275.45
275.08
274.77
274.56
274.47
274.48
274.57
274.71
274.93
275.23
275.58
275.96
276.30
276.60
276.82
276.99
277.11
277.21
277.32
277.42
277.53
277.63
277.64
277.54
277.34
277.08
276.78
276.63
276.69
276.95
277.36
277.84
278.23
278.50
278.60
278.59
278.50
278.38
278.26
278.17
278.09
278.03
278.07
278.21
278.46
278.77
279.11
279.50
279.93
280.40
280.87
281.31
281.71
282.06
282.35
282.59
282.78
282.77
282.53
282.07
281.47
281.00
280.74
280.73
280.90
281.18
281.32
281.24
280.90
280.40
279.82
279.26
278.77
278.39
278.10
277.89
277.81
277.84
277.97
278.18
278.42
278.62
278.75
278.80
278.80
278.75
278.79
278.93
279.19
279.53
279.89
280.24
280.53
280.76
280.94
281.06
280.94
280.53
279.84
278.99
278.08
277.14
276.22
275.35
274.56
273.87
273.53
273.57
273.99
274.66
275.47
276.23
276.85
277.30
277.59
277.72
277.68
277.52
277.27
276.97
276.74
276.60
276.58
276.64
276.76
276.90
277.07
277.23
277.39
277.53
277.73
278.01
278.37
278.75
279.15
279.28
279.11
278.60
277.90
277.09
276.30
275.60
275.03
274.57
274.22
274.01
273.95
274.01
274.16
274.37
274.65
275.00
275.41
275.83
276.24
276.71
277.22
277.78
278.35
278.89
279.38
279.81
280.17
280.47
280.58
280.47
280.16
279.72
279.21
278.74
278.34
278.04
277.83
277.69
277.72
277.91
278.27
278.71
279.20
279.64
280.00
280.24
280.40
280.50
280.40
280.11
279.63
279.05
278.43
277.76
277.06
276.35
275.67
275.06
274.49
273.97
273.50
273.09
272.75
272.60
272.67
272.94
273.35
273.84
274.45
275.18
276.00
276.84
277.65
278.32
278.81
279.11
279.27
279.30
279.26
279.16
279.03
278.89
278.60
278.17
277.59
276.94
276.27
275.74
275.38
275.21
275.19
275.27
275.47
275.78
276.16
276.59
277.01
277.33
277.53
277.58
277.54
277.42
277.27
277.09
276.91
276.73
276.57
276.48
276.47
276.54
276.67
276.84
276.96
277.02
277.01
276.95
276.85
276.77
276.71
276.68
276.68
276.70
276.59
276.34
275.93
275.43
274.90
274.48
274.21
274.12
274.16
274.39
274.80
275.36
276.00
276.67
277.31
277.91
278.44
278.89
279.27
279.36
279.13
278.60
277.87
277.04
276.38
275.97
275.84
275.91
276.13
276.39
276.62
276.81
276.95
277.05
277.17
277.33
277.53
277.75
277.97
278.04
277.95
277.67
277.28
276.83
276.55
276.50
276.70
277.08
277.55
277.98
278.33
278.55
278.68
278.73
278.54
278.10
277.41
276.59
275.71
274.98
274.45
274.17
274.06
274.17
274.47
274.92
275.45
276.02
276.52
276.92
277.21
277.40
277.51
277.56
277.57
277.54
277.49
277.43
277.24
276.88
276.38
275.79
275.17
274.81
274.77
275.07
275.60
276.26
277.03
277.86
278.72
279.55
280.31
280.78
280.91
280.68
280.21
279.61
279.10
278.77
278.65
278.70
278.85
278.97
279.00
278.91
278.75
278.54
278.37
278.25
278.21
278.22
278.28
278.32
278.35
278.36
278.34
278.09
277.60
276.84
275.95
275.00
274.37
274.13
274.33
274.83
275.51
276.17
276.73
277.14
277.42
277.59
277.63
277.54
277.34
277.08
276.78
276.51
276.27
276.09
275.96
275.87
275.93
276.13
276.47
276.90
277.37
277.87
278.37
278.86
279.32
279.73
279.85
279.63
279.07
278.30
277.42
276.68
276.15
275.87
275.80
275.86
275.91
275.90
275.79
275.62
275.38
275.10
274.80
274.49
274.19
273.97
273.84
273.82
273.86
273.96
274.05
274.13
274.17
274.20
274.20
274.12
273.93
273.64
273.30