47.73
47.23
46.71
46.31
46.06
45.99
46.05
46.20
46.34
46.45
46.50
46.51
46.49
46.45
46.40
46.34
46.28
46.23
46.23
46.30
46.44
46.62
46.82
47.00
47.13
47.22
47.27
47.29
47.27
47.19
47.08
46.94
46.79
46.75
46.85
47.08
47.40
47.76
48.14
48.50
48.83
49.13
49.38
49.54
49.60
49.55
49.43
49.28
49.10
48.91
48.74
48.57
48.45
48.39
48.37
48.40
48.44
48.45
48.41
48.30
48.16
48.00
47.78
47.50
47.17
46.83
46.49
46.20
45.97
45.81
45.71
45.65
45.71
45.89
46.18
46.54
46.92
47.24
47.48
47.63
47.69
47.70
47.75
47.87
48.06
48.30
48.56
48.71
48.73
48.59
48.36
48.07
47.75
47.44
47.14
46.88
46.64
46.44
46.28
46.15
46.05
46.06
46.18
46.42
46.72
47.06
47.32
47.47
47.49
47.43
47.31
47.13
46.91
46.65
46.37
46.11
45.95
45.90
45.98
46.15
46.36
46.52
46.59
46.55
46.44
46.29
46.19
46.18
46.27
46.43
46.62
46.80
46.95
47.06
47.14
47.18
47.20
47.20
47.20
47.18
47.16
47.16
47.20
47.26
47.35
47.44
47.49
47.46
47.37
47.23
47.07
46.90
46.73
46.57
46.43
46.28
46.12
45.95
45.78
45.62
45.53
45.51
45.58
45.71
45.87
46.01
46.12
46.20
46.24
46.25
46.20
46.07
45.87
45.62
45.37
45.17
45.05
45.01
45.04
45.11
45.32
45.66
46.13
46.66
47.22
47.68
48.00
48.17
48.23
48.21
48.13
48.01
47.87
47.73
47.59
47.49
47.43
47.42
47.45
47.49
47.55
47.62
47.68
47.75
47.75
47.69
47.55
47.38
47.18
47.08
47.12
47.30
47.57
47.89
48.12
48.22
48.17
48.02
47.81
47.62
47.48
47.40
47.39
47.41
47.43
47.43
47.41
47.37
47.33
47.23
47.06
46.84
46.58
46.32
46.14
46.08
46.14
46.28
46.47
46.71
46.99
47.29
47.59
47.88
48.12
48.29
48.39
48.45
48.49
48.53
48.58
48.64
48.70
48.68
48.57
48.35
48.07
47.76
47.48
47.24
47.06
46.93
46.85
46.71
46.52
46.24
45.93
45.61
45.41
45.35
45.45
45.66
45.93
46.20
46.45
46.65
46.81
46.94
47.10
47.34
47.64
47.98
48.33
48.64
48.88
49.06
49.18
49.26
49.25
49.14
48.96
48.72
48.46
48.18
47.88
47.56
47.26
47.01
46.82
46.69
46.62
46.59
46.65
46.79
47.00
47.26
47.53
47.75
47.89
47.94
47.92
47.86
47.83
47.84
47.91
48.02
48.14
48.23
48.25
48.19
48.09
47.96
47.85
47.76
47.71
47.69
47.70
47.72
47.75
47.78
47.81
47.85
47.83
47.74
47.59
47.40
47.19
46.98
46.78
46.60
46.44
46.30
46.11
45.85
45.52
45.15
44.91
44.84
44.96
45.21
45.53
45.86
46.17
46.42
46.64
46.81
46.96
47.11
47.26
47.41
47.55
47.58
47.51
47.33
47.08
46.79
46.54
46.37
46.28
46.26
46.28
46.34
46.41
46.49
46.58
46.66
46.76
46.89
47.04
47.19
47.34
47.46
47.53
47.55
47.53
47.49
47.41
47.29
47.14
46.97
46.80
46.67
46.58
46.54
46.53
46.53
46.51
46.47
46.42
46.36
46.27
46.15
46.01
45.86
45.70
45.58
45.51
45.48
45.49
45.53
45.63
45.80
46.04
46.31
46.59
46.81
46.95
46.99
46.97
46.90
46.86
46.87
46.93
47.03
47.16
47.31
47.50
47.71
47.93
48.14
48.31
48.42
48.48
48.49
48.47
48.44
48.39
48.33
48.28
48.22
48.17
48.13
48.09
48.06
48.06
48.10
48.17
48.27
48.38
48.40
48.34
48.16
47.93
47.66
47.41
47.20
47.04
46.93
46.85
46.86
46.95
47.13
47.35
47.60
47.65
47.49
47.08
46.52
45.88
45.31
44.86
44.54
44.35
44.25
44.30
44.49
44.81
45.21
45.63
46.06
46.46
46.83
47.14
47.41
47.58
47.64
47.59
47.47
47.31
47.21
47.19
47.28
47.43
47.65
47.91
48.21
48.51
48.80
49.02
49.14
49.17
49.12
49.03
48.89
48.70
48.47
48.24
48.01
47.74
47.43
47.08
46.73
46.39
46.18
46.14
46.26
46.49
46.78
47.03
47.19
47.23
47.20
47.11
46.94
46.69
46.37
46.01
45.66
45.40
45.27
45.27
45.36
45.51
45.64
45.73
45.75
45.72
45.67
45.62
45.59
45.59
45.62
45.71
45.87
46.09
46.35
46.62
46.83
46.96
47.00
46.97
46.90
46.91
47.03
47.27
47.59
47.94
48.21
48.38
48.42
48.38
48.27
48.19
48.14
48.15
48.21
48.29
48.39
48.48
48.58
48.67
48.75
48.77
48.71
48.58
48.41
48.21
48.11
48.14
48.32
48.59
48.90
49.10
49.14
49.00
48.75
48.42
48.11
47.87
47.70
47.60
47.50
47.37
47.21
47.03
46.85
46.74
46.69
46.73
46.83
46.96
47.11
47.26
47.40
47.54
47.65
47.81
48.01
48.25
48.52
48.79
48.93
48.93
48.77
48.51
48.19
47.91
47.69
47.55
47.48
47.45
47.39
47.25
47.04
46.78
46.50
46.25
46.05
45.91
45.81
45.76
45.76
45.81
45.91
46.04
46.18
46.32
46.46
46.58
46.69
46.79
46.86
46.92
46.97
47.01
47.03
47.04
47.05
47.06
47.05
47.10
47.21
47.39
47.59
47.81
47.98
48.07
48.07
48.02
47.93
47.79
47.61
47.39
47.17
46.95
46.85
46.90
47.10
47.39
47.74
48.05
48.29
48.44
48.53
48.56
48.47
48.26
47.94
47.56
47.16
46.73
46.30
45.88
45.48
45.12
44.94
44.97
45.20
45.57
45.96
46.31
46.59
46.82
46.98
47.10
47.17
47.22
47.24
47.24
47.28
47.37
47.53
47.71
47.91
48.08
48.21
48.29
48.33
48.34
48.36
48.39
48.44
48.51
48.59
48.61
48.56
48.45
48.29
48.11
47.98
47.91
47.93
47.99
48.09
48.08
47.92
47.59
47.18
46.71
46.32
46.05
45.90
45.86
45.89
45.92
45.92
45.87
45.79
45.77
45.83
45.99
46.21
46.46
46.64
46.72
46.68
46.56
46.40
46.29
46.26
46.34
46.48
46.66
46.86
47.06
47.25
47.42
47.57
47.65
47.64
47.55
47.40
47.22
47.08
47.01
47.01
47.07
47.15
47.26
47.37
47.49
47.59
47.69
47.70
47.59
47.38
47.11
46.81
46.55
46.37
46.27
46.24
46.27
46.35
46.48
46.65
46.85
47.02
47.15
47.23
47.28
47.30
47.29
47.28
47.25
47.22
47.18
47.12
47.03
46.91
46.78
46.65
46.55
46.49
46.47
46.49
46.53
46.61
46.73
46.88
47.04
47.21
47.23
47.09
46.77
46.35
45.87
45.44
45.09
44.83
44.66
44.56
44.46
44.34
44.18
44.01
43.84
43.86
44.10
44.59
45.22
45.92
46.55
47.05
47.40
47.63
47.72
47.71
47.61
47.46
47.27
47.04
46.79
46.52
46.24
45.99
45.86
45.89
46.07
46.36
46.70
46.98
47.17
47.23
47.21
47.14
47.08
47.05
47.09
47.16
47.26
47.31
47.31
47.23
47.12
46.97
46.88
46.84
46.88
46.96
47.08
47.21
47.34
47.47
47.59
47.69
47.73
47.69
47.57
47.41
47.21
47.04
46.90
46.81
46.76
46.71
46.65
46.57
46.49
46.40
46.32
46.25
46.18
46.13
46.08
45.99
45.85
45.65
45.42
45.19
44.96
44.75
44.56
44.40
44.26
44.21
44.24
44.35
44.52
44.72
44.93
45.13
45.32
45.49
45.63
45.78
45.94
46.10
46.27
46.42
46.56
46.68
46.78
46.87
46.93
47.01
47.10
47.21
47.34
47.46
47.54
47.59
47.59
47.56
47.43
47.19
46.85
46.47
46.06
45.75
45.56
45.50
45.54
45.65
45.82
46.04
46.31
46.58
46.85
47.04
47.15
47.17
47.11
47.02
46.87
46.68
46.46
46.22
45.99
45.86
45.84
45.94
46.12
46.35
46.57
46.76
46.91
47.02
47.09
47.06
46.91
46.65
46.33
45.98
45.71
45.55
45.51
45.57
45.68
45.83
46.00
46.17
46.34
46.49
46.62
46.73
46.83
46.90
47.01
47.17
47.38
47.61
47.85
48.02
48.12
48.12
48.07
47.97
47.77
47.47
47.07
46.63
46.18
45.78
45.44
45.18
44.98
44.85
44.82
44.88
45.04
45.26
45.51
45.81
46.17
46.57
46.98
47.38
47.69
47.90
47.99
48.01
47.97
47.83
47.61
47.32
46.99
46.65
46.41
46.28
46.28
46.38
46.42
46.38
46.22
45.99
45.72
45.53
45.42
45.44
45.53
45.67
45.71
45.61
45.34
44.98
44.56
44.27
44.14
44.20
44.40
44.67
44.94
45.15
45.29
45.38
45.42
45.53
45.74
46.06
46.44
46.85
47.25
47.62
47.96
48.25
48.49
48.55
48.42
48.10
47.65
47.14
46.64
46.19
45.81
45.50
45.26
45.07
44.94
44.85
44.80
44.85
45.01
45.29
45.63
45.99
46.35
46.69
47.00
47.27
47.50
47.61
47.58
47.43
47.19
46.91
46.60
46.31
46.03
45.78
45.56
45.46
45.49
45.64
45.87
46.15
46.41
46.64
46.82
46.96
47.06
47.10
47.08
47.01
46.91
46.78
46.77
46.87
47.11
47.44
47.80
48.12
48.36
48.51
48.59
48.62
48.63
48.64
48.67
48.71
48.75
48.79
48.83
48.87
48.90
48.88
48.79
48.63
48.43
48.21
48.02
47.88
47.78
47.72
47.70
47.67
47.63
47.57
47.49
47.41
47.39
47.43
47.55
47.70
47.88
48.02
48.08
48.07
48.00
47.90
47.73
47.49
47.19
46.86
46.53
46.33
46.27
46.38
46.59
46.87
47.10
47.25
47.28
47.23
47.14
47.01
46.86
46.71
46.57
46.44
46.33
46.23
46.15
46.09
46.12
46.25
46.49
46.80
47.13
47.43
47.69
47.89
48.03
48.13
48.22
48.31
48.41
48.51
48.61
48.65
48.61
48.50
48.34
48.16
48.02
47.95
47.96
48.02
48.11
48.15
48.10
47.95
47.74
47.50
47.33
47.27
47.31
47.43
47.60
47.77
47.91
48.02
48.09
48.13
48.13
48.08
47.99
47.87
47.77
47.70
47.66
47.66
47.67
47.65
47.57
47.43
47.25
47.06
46.93
46.86
46.88
46.95
47.06
47.13
47.14
47.09
47.00
46.88
46.80
46.79
46.84
46.94
47.07
47.18
47.26
47.30
47.32
47.31
47.26
47.17
47.05
46.91
46.76
46.59
46.39
46.19
45.98
45.78
45.65
45.61
45.65
45.75
45.89
46.02
46.12
46.19
46.23
46.24
46.23
46.22
46.20
46.17
46.20
46.29
46.44
46.63
46.84
46.99
47.07
47.07
47.01
46.92
46.83
46.76
46.73
46.72
46.73
46.75
46.78
46.81
46.84
46.87
46.93
47.01
47.12
47.25
47.37
47.50
47.61
47.71
47.80
47.87
47.95
48.05
48.17
48.30
48.43
48.47
48.41
48.23
47.99
47.72
47.54
47.49
47.59
47.79
48.05
48.28
48.46
48.55
48.59
48.56
48.47
48.33
48.16
47.97
47.77
47.54
47.30
47.06
46.84
46.72
46.71
46.83
47.03
47.28
47.52
47.72
47.88
48.00
48.08
48.13
48.16
48.18
48.18
48.17
48.12
48.05
47.94
47.81
47.68
47.55
47.43
47.32
47.23
47.15
47.09
47.04
47.01
46.98
46.96
46.93
46.87
46.78
46.67
46.56
46.51
46.53
46.62
46.75
46.91
47.09
47.26
47.41
47.56
47.65
47.70
47.69
47.65
47.59
47.46
47.27
47.01
46.72
46.43
46.09
45.72
45.31
44.90
44.51
44.24
44.10
44.11
44.21
44.38
44.59
44.81
45.02
45.23
45.41
45.68
46.05
46.51
47.03
47.55
48.01
48.41
48.72
48.95
49.11
49.19
49.20
49.14
49.04
48.91
48.83
48.81
48.85
48.95
48.99
48.95
48.82
48.63
48.42
48.24
48.13
48.10
48.13
48.19
48.31
48.47
48.66
48.87
49.07
49.19
49.19
49.07
48.88
48.65
48.45
48.31
48.25
48.25
48.29
48.41
48.60
48.87
49.17
49.48
49.75
49.96
50.12
50.22
50.28
50.20
49.97
49.60
49.15
48.66
48.23
47.89
47.66
47.52
47.44
47.39
47.35
47.30
47.25
47.23
47.24
47.29
47.36
47.45
47.62
47.88
48.23
48.62
49.02
49.38
49.68
49.91
50.07
50.18
50.17
50.03
49.77
49.44
49.08
48.67
48.20
47.71
47.22
46.75
46.36
46.05
45.84
45.69
45.61
45.57
45.57
45.59
45.62
45.67
45.77
45.94
46.16
46.42
46.68
46.88
47.01
47.04
47.00
46.93
46.82
46.71
46.59
46.47
46.42
46.44
46.54
46.69
46.86
46.99
47.05
47.04
46.98
46.88
46.85
46.90
47.04
47.25
47.49
47.77
48.07
48.38
48.68
48.97
49.20
49.36
49.45
49.50
49.50
49.42
49.26
49.03
48.76
48.48
48.23
48.03
47.88
47.79
47.73
47.66
47.54
47.38
47.19
46.99
46.86
46.80
46.82
46.89
47.01
47.17
47.36
47.59
47.82
47.94
47.92
47.75
47.49
47.17
46.85
46.57
46.35
46.17
46.04
45.92
45.80
45.67
45.54
45.43
45.35
45.32
45.33
45.37
45.44
45.51
45.59
45.67
45.74
45.81
45.91
46.08
46.29
46.53
46.78
47.02
47.24
47.44
47.60
47.74
47.90
48.10
48.35
48.60
48.86
49.10
49.32
49.50
49.66
49.79
49.73
49.47
48.99
48.38
47.83
47.40
47.13
46.99
46.95
46.97
47.04
47.14
47.26
47.38
47.50
47.61
47.71
47.79
47.86
47.89
47.88
47.82
47.74
47.64
47.54
47.44
47.34
47.26
47.19
47.12
47.08
47.04
47.01
46.99
46.97
46.96
46.96
46.96
46.96
47.05
47.22
47.49
47.82
48.16
48.45
48.65
48.76
48.79
48.78
48.70
48.56
48.38
48.19
48.04
47.96
47.96
48.01
48.10
48.11
48.00
47.76
47.45
47.10
46.82
46.65
46.60
46.64
46.74
46.83
46.87
46.85
46.80
46.71
46.67
46.68
46.76
46.89
47.03
47.16
47.25
47.30
47.33
47.32
47.28
47.19
47.06
46.92
46.77
46.68
46.66
46.71
46.82
46.96
47.06
47.10
47.07
46.99
46.88
46.87
46.97
47.20
47.52
47.79
47.98
48.06
48.06
48.00
47.88
47.71
47.50
47.27
47.04
46.83
46.63
46.46
46.32
46.20
46.19
46.29
46.50
46.79
47.11
47.35
47.49
47.51
47.44
47.31
47.21
47.15
47.16
47.21
47.28
47.37
47.47
47.57
47.66
47.74
47.81
47.87
47.92
47.96
47.99
48.01
48.02
48.03
48.04
48.04
48.09
48.20
48.38
48.59
48.75
48.86
48.89
48.86
48.79
48.68
48.52
48.33
48.12
47.92
47.73
47.55
47.40
47.28
47.17
47.14
47.20
47.33
47.51
47.72
47.88
47.97
47.98
47.94
47.86
47.78
47.73
47.70
47.70
47.72
47.69
47.61
47.46
47.28
47.09
47.00
47.05
47.24
47.52
47.85
48.09
48.20
48.15
48.01
47.80
47.59
47.39
47.23
47.11
47.07
47.12
47.26
47.44
47.66
47.83
47.93
47.95
47.91
47.84
47.74
47.63
47.53
47.42
47.33
47.19
47.00
46.76
46.50
46.24
46.01
45.84
45.73
45.67
45.64
45.75
46.00
46.39
46.85
47.35
47.73
47.96
48.01
47.94
47.79
47.64
47.53
47.48
47.47
47.49
47.51
47.50
47.47
47.43
47.37
47.29
47.17
47.03
46.87
46.75
46.66
46.61
46.60
46.61
46.64
46.68
46.73
46.78
46.82
46.83
46.81
46.75
46.67
46.58
46.56
46.64
46.82
47.07
47.34
47.62
47.89
48.14
48.36
48.55
48.63
48.58
48.41
48.16
47.87
47.67
47.61
47.69
47.87
48.11
48.33
48.49
48.57
48.60
48.59
48.53
48.41
48.26
48.08
47.90
47.70
47.48
47.25
47.02
46.85
46.78
46.79
46.86
46.97
47.16
47.41
47.73
48.07
48.42
48.74
49.04
49.30
49.52
49.70
49.76
49.69
49.50
49.24
48.93
48.56
48.14
47.67
47.20
46.76
46.43
46.25
46.21
46.28
46.42
46.58
46.72
46.84
46.93
47.00
47.07
47.16
47.27
47.38
47.49
47.65
47.86
48.13
48.41
48.69
48.85
48.87
48.73
48.48
48.15
47.76
47.34
46.92
46.53
46.19
45.94
45.76
45.65
45.59
45.60
45.66
45.78
45.93
46.09
46.33
46.66
47.06
47.51
47.95
48.32
48.58
48.74
48.81
48.81
48.77
48.71
48.62
48.53
48.43
48.40
48.43
48.54
48.69
48.87
48.97
48.98
48.88
48.71
48.50
48.33
48.21
48.17
48.19
48.25
48.33
48.42
48.51
48.61
48.61
48.52
48.32
48.05
47.76
47.51
47.33
47.25
47.23
47.25
47.31
47.39
47.48
47.57
47.65
47.70
47.72
47.69
47.63
47.55
47.45
47.31
47.14
46.96
46.78
46.67
46.64
46.69
46.79
46.93
47.03
47.07
47.04
46.97
46.86
46.66
46.37
45.98
45.55
45.11
44.80
44.64
44.66
44.80
45.01
45.29
45.62
45.98
46.34
46.71
47.07
47.43
47.77
48.07
48.22
48.21
48.03
47.75
47.40
47.16
47.08
47.17
47.39
47.69
47.91
48.02
47.99
47.86
47.67
47.52
47.46
47.50
47.61
47.76
47.91
48.03
48.11
48.16
48.19
48.17
48.11
48.01
47.88
47.75
47.69
47.74
47.89
48.11
48.36
48.55
48.64
48.61
48.51
48.35
48.12
47.82
47.45
47.07
46.82
46.75
46.87
47.13
47.46
47.77
48.03
48.21
48.33
48.39
48.52
48.75
49.08
49.46
49.87
50.14
50.22
50.11
49.87
49.54
49.15
48.72
48.28
47.84
47.44
47.05
46.69
46.34
46.02
45.75
45.62
45.66
45.87
46.18
46.55
46.94
47.32
47.68
48.00
48.28
48.54
48.79
49.03
49.24
49.44
49.63
49.83
50.03
50.22
50.23
50.04
49.64
49.11
48.52
47.97
47.51
47.16
46.90
46.73
46.70
46.82
47.07
47.40
47.78
48.10
48.35
48.51
48.59
48.62
48.52
48.31
47.98
47.59
47.18
46.80
46.48
46.23
46.04
45.91
45.82
45.77
45.74
45.74
45.75
45.77
45.80
45.83
45.86
45.89
45.91
45.94
45.96
45.97
45.98
46.02
46.09
46.18
46.29
46.32
46.26
46.10
45.88
45.62
45.40
45.26
45.19
45.19
45.24
45.33
45.48
45.66
45.86
46.06
46.25
46.43
46.58
46.71
46.81
46.90
46.96
47.01
47.04
47.06
47.13
47.25
47.42
47.63
47.85
48.09
48.35
48.62
48.88
49.12
49.26
49.28
49.17
48.97
48.73
48.44
48.12
47.79
47.46
47.15
46.95
46.88
46.94
47.10
47.31
47.55
47.79
48.03
48.24
48.38
48.43
48.39
48.29
48.15
47.99
47.82
47.66
47.52
47.38
47.35
47.43
47.62
47.89
48.18
48.46
48.70
48.88
49.01
49.11
49.11
49.03
48.87
48.65
48.41
48.11
47.77
47.37
46.97
46.59
46.28
46.08
45.99
45.98
46.03
46.09
46.14
46.16
46.17
46.17
46.19
46.23
46.30
46.39
46.45
46.49
46.49
46.46
46.42
46.45
46.56
46.77
47.04
47.33
47.55
47.65
47.64
47.54
47.39
47.29
47.27
47.35
47.50
47.68
47.77
47.74
47.57
47.31
47.01
46.75
46.55
46.43
46.38
46.38
46.38
46.38
46.36
46.32
46.28
46.37
46.61
47.02
47.51
48.05
48.45
48.66
48.67
48.53
48.30
48.02
47.71
47.40
47.11
46.90
46.79
46.77
46.83
46.93
47.06
47.20
47.34
47.47
47.59
47.67
47.71
47.69
47.65
47.58
47.50
47.42
47.34
47.27
47.20
47.22
47.35
47.58
47.87
48.18
48.45
48.64
48.74
48.77
48.75
48.75
48.79
48.88
49.00
49.14
49.24
49.26
49.21
49.11
48.98
48.84
48.69
48.55
48.43
48.32
48.14
47.89
47.56
47.19
46.84
46.54
46.30
46.11
45.98
45.91
45.91
45.97
46.06
46.18
46.36
46.60
46.89
47.21
47.53
47.73
47.77
47.66
47.43
47.15
46.86
46.60
46.38
46.21
46.08
46.04
46.08
46.22
46.41
46.63
46.83
46.99
47.11
47.18
47.22
47.21
47.16
47.05
46.93
46.79
46.70
46.68
46.74
46.85
46.99
47.16
47.37
47.61
47.84
47.99
48.03
47.95
47.79
47.58
47.43
47.37
47.41
47.53
47.69
47.79
47.80
47.72
47.57
47.38
47.22
47.13
47.11
47.15
47.22
47.36
47.58
47.86
48.17
48.48
48.71
48.81
48.79
48.68
48.51
48.31
48.10
47.90
47.70
47.53
47.33
47.09
46.81
46.52
46.23
46.07
46.06
46.21
46.47
46.78
47.04
47.21
47.26
47.23
47.11
46.93
46.70
46.45
46.20
46.06
46.07
46.23
46.50
46.81
47.07
47.24
47.29
47.25
47.16
47.12
47.14
47.26
47.44
47.65
47.86
48.08
48.28
48.45
48.61
48.66
48.59
48.40
48.14
47.85
47.60
47.41
47.32
47.29
47.30
47.24
47.08
46.81
46.46
46.09
45.74
45.45
45.22
45.04
44.92
44.94
45.12
45.46
45.88
46.32
46.73
47.08
47.38
47.62
47.78
47.87
47.88
47.85
47.77
47.68
47.58
47.48
47.38
47.30
47.30
47.40
47.62
47.89
48.20
48.46
48.64
48.73
48.76
48.74
48.63
48.44
48.18
47.88
47.56
47.29
47.07
46.91
46.80
46.74
46.73
46.79
46.89
47.02
47.16
47.31
47.45
47.57
47.68
47.78
47.80
47.75
47.62
47.44
47.24
47.03
46.83
46.65
46.48
46.37
46.31
46.30
46.34
46.40
46.42
46.38
46.28
46.15
45.99
45.96
46.09
46.39
46.79
47.24
47.68
48.07
48.40
48.66
48.86
48.95
48.94
48.83
48.65
48.44
48.19
47.91
47.61
47.31
47.04
46.79
46.57
46.39
46.24
46.12
46.09
46.14
46.27
46.46
46.67
46.92
47.19
47.48
47.76
48.02
48.26
48.47
48.64
48.78
48.84
48.80
48.69
48.51
48.31
48.15
48.06
48.05
48.09
48.16
48.21
48.20
48.13
48.03
47.90
47.81
47.79
47.83
47.93
48.05
48.14
48.16
48.12
48.03
47.91
47.78
47.64
47.52
47.40
47.29
47.21
47.13
47.07
47.03
47.00
47.03
47.13
47.30
47.51
47.73
47.91
48.01
48.02
47.98
47.90
47.82
47.76
47.73
47.72
47.71
47.67
47.61
47.54
47.45
47.35
47.21
47.05
46.89
46.72
46.67
46.76
47.00
47.33
47.70
48.03
48.29
48.45
48.54
48.58
48.52
48.37
48.14
47.86
47.57
47.28
47.01
46.76
46.55
46.37
46.23
46.12
46.03
45.97
45.93
45.93
45.97
46.06
46.17
46.29
46.44
46.62
46.81
47.02
47.21
47.33
47.38
47.33
47.23
47.15
47.11
47.13
47.19
47.27
47.27
47.14
46.88
46.55
46.18
45.96
45.95
46.15
46.50
46.93
47.37
47.78
48.13
48.43
48.66
48.79
48.81
48.73
48.58
48.39
48.16
47.89
47.61
47.32
47.05
46.85
46.75
46.75
46.81
46.92
47.00
47.03
47.00
46.92
46.82
46.75
46.75
46.81
46.92
47.05
47.23
47.43
47.65
47.88
48.02
48.05
47.96
47.80
47.58
47.32
47.03
46.72
46.40
46.11
45.90
45.78
45.77
45.82
45.92
46.08
46.28
46.51
46.75
46.98
47.18
47.32
47.40
47.43
47.43
47.41
47.37
47.33
47.28
47.23
47.23
47.31
47.45
47.63
47.83
48.06
48.31
48.58
48.84
49.09
49.23
49.25
49.14
48.95
48.72
48.43
48.12
47.78
47.45
47.25
47.20
47.32
47.54
47.83
48.10
48.30
48.43
48.50
48.52
48.59
48.72
48.94
49.20
49.48
49.65
49.68
49.56
49.34
49.06
48.78
48.53
48.32
48.16
48.04
47.95
47.90
47.86
47.84
47.84
47.84
47.86
47.87
47.89
47.91
47.90
47.86
47.79
47.69
47.59
47.46
47.30
47.12
46.94
46.76
46.72
46.86
47.18
47.61
48.04
48.41
48.71
48.93
49.09
49.15
49.10
48.95
48.74
48.50
48.28
48.10
47.97
47.87
47.82
47.71
47.52
47.26
46.96
46.64
46.41
46.29
46.30
46.40
46.55
46.74
46.94
47.13
47.31
47.48
47.57
47.57
47.50
47.36
47.19
47.06
47.00
47.00
47.06
47.15
47.29
47.46
47.67
47.88
48.09
48.23
48.29
48.27
48.18
48.08
48.00
47.94
47.90
47.88
47.87
47.87
47.88
47.89
47.90
47.92
47.93
47.95
47.96
47.97
47.98
47.99
47.99
48.00
48.00
47.98
47.92
47.83
47.73
47.61
47.50
47.39
47.30
47.22
47.15
47.14
47.21
47.36
47.55
47.76
47.95
48.09
48.19
48.25
48.28
48.28
48.27
48.25
48.22
48.19
48.15
48.12
48.09
48.07
48.00
47.86
47.67
47.45
47.21
47.04
46.94
46.93
46.98
47.06
47.23
47.47
47.77
48.10
48.43
48.64
48.70
48.60
48.39
48.11
47.78
47.41
47.03
46.65
46.29
46.00
45.78
45.64
45.56
45.53
45.53
45.56
45.60
45.65
45.71
45.76
45.81
45.86
45.90
45.93
45.96
45.98
45.99
46.01
46.01
46.02
46.02
46.02
46.02
46.10
46.27
46.53
46.85
47.19
47.50
47.75
47.94
48.08
48.17
48.28
48.42
48.61
48.81
49.02
49.11
49.06
48.86
48.57
48.23
47.95
47.77
47.71
47.74
47.82
47.89
47.92
47.89
47.82
47.73
47.71
47.77
47.94
48.17
48.42
48.66
48.86
49.00
49.11
49.17
49.18
49.14
49.05
48.93
48.80
48.63
48.45
48.24
48.02
47.79
47.55
47.30
47.05
46.82
46.69
46.69
46.81
47.01
47.26
47.50
47.71
47.87
47.99
48.07
48.05
47.91
47.66
47.34
46.99
46.77
46.72
46.87
47.13
47.47
47.87
48.31
48.76
49.19
49.59
49.87
50.00
49.99
49.87
49.69
49.42
49.08
48.67
48.24
47.82
47.46
47.16
46.95
46.80
46.71
46.71
46.81
47.00
47.23
47.41
47.51
47.49
47.40
47.26
47.12
47.01
46.92
46.87
46.84
46.83
46.83
46.84
46.85
46.87
46.92
46.99
47.10
47.23
47.35
47.45
47.51
47.52
47.50
47.46
47.36
47.18
46.95
46.67
46.39
46.26
46.30
46.52
46.86
47.27
47.65
47.96
48.18
48.32
48.41
48.39
48.28
48.08
47.83
47.55
47.28
47.02
46.78
46.57
46.50
46.59
46.83
47.17
47.56
47.91
48.18
48.37
48.48
48.53
48.56
48.60
48.64
48.69
48.75
48.82
48.93
49.06
49.20
49.34
49.39
49.34
49.18
48.96
48.69
48.47
48.31
48.24
48.23
48.27
48.30
48.33
48.32
48.31
48.28
48.21
48.12
47.99
47.85
47.71
47.57
47.44
47.33
47.23
47.15
47.03
46.87
46.65
46.41
46.20
46.02
45.90
45.82
45.77
45.83
46.00
46.28
46.62
46.99
47.35
47.70
48.01
48.28
48.51
48.61
48.59
48.43
48.19
47.91
47.69
47.56
47.55
47.62
47.74
47.84
47.89
47.88
47.83
47.74
47.70
47.71
47.79
47.91
48.05
48.17
48.26
48.31
48.33
48.33
48.36
48.44
48.58
48.76
48.95
49.08
49.15
49.13
49.06
48.90
48.66
48.35
48.00
47.66
47.40
47.27
47.27
47.37
47.52
47.62
47.65
47.58
47.45
47.28
47.17
47.15
47.24
47.39
47.59
47.64
47.51
47.17
46.72
46.20
45.77
45.48
45.36
45.37
45.46
45.63
45.86
46.14
46.43
46.72
46.92
46.99
46.93
46.79
46.59
46.45
46.39
46.44
46.56
46.71
46.84
46.91
46.91
46.86
46.78
46.71
46.66
46.65
46.66
46.68
46.71
46.75
46.79
46.83
46.95
47.15
47.45
47.79
48.15
48.42
48.58
48.60
48.53
48.40
48.23
48.05
47.87
47.69
47.53
47.45
47.44
47.52
47.66
47.82
47.98
48.10
48.18
48.22
48.25
48.27
48.32
48.39
48.47
48.55
48.61
48.63
48.61
48.56
48.50
48.38
48.19
47.94
47.66
47.38
47.16
47.03
46.98
47.01
47.08
47.18
47.29
47.41
47.52
47.68
47.89
48.15
48.43
48.71
48.97
49.22
49.43
49.60
49.75
49.81
49.79
49.67
49.50
49.30
49.15
49.06
49.05
49.09
49.17
49.18
49.12
48.96
48.75
48.50
48.15
47.67
47.09
46.47
45.84
45.44
45.31
45.47
45.82
46.29
46.69
46.94
47.01
46.96
46.81
46.72
46.73
46.85
47.05
47.22
47.31
47.30
47.23
47.11
47.02
46.99
47.02
47.09
47.19
47.30
47.42
47.53
47.63
47.73
47.83
47.96
48.10
48.25
48.39
48.50
48.56
48.57
48.55
48.51
48.39
48.22
47.97
47.69
47.41
47.19
47.05
47.00
47.03
47.09
47.08
46.96
46.72
46.40
46.06
45.86
45.87
46.09
46.46
46.90
47.27
47.52
47.61
47.59
47.49
47.34
47.16
46.98
46.79
46.65
46.55
46.51
46.51
46.53
46.60
46.71
46.85
47.02
47.18
47.37
47.58
47.80
48.01
48.22
48.43
48.65
48.88
49.10
49.30
49.48
49.63
49.76
49.86
49.94
50.00
50.04
50.06
50.08
50.09
49.98
49.75
49.38
48.95
48.48
48.05
47.68
47.38
47.16
46.99
46.92
46.96
47.10
47.30
47.50
47.68
47.83
47.94
48.02
48.13
48.28
48.47
48.69
48.92
49.08
49.16
49.16
49.09
48.99
48.89
48.81
48.77
48.75
48.75
48.68
48.53
48.29
48.00
47.69
47.44
47.26
47.18
47.16
47.20
47.26
47.35
47.45
47.54
47.63
47.72
47.79
47.86
47.91
47.95
47.98
48.00
48.02
48.03
48.04
48.01
47.95
47.86
47.75
47.71
47.77
47.93
48.15
48.40
48.56
48.59
48.47
48.25
47.98
47.79
47.72
47.80
47.97
48.19
48.34
48.38
48.27
48.08
47.83
47.59
47.37
47.20
47.07
46.97
46.93
46.95
47.02
47.12
47.24
47.41
47.65
47.94
48.25
48.57
48.86
49.13
49.36
49.56
49.73
49.80
49.78
49.68
49.51
49.32
49.11
48.90
48.71
48.54
48.39
48.26
48.16
48.08
48.02
48.00
48.03
48.10
48.20
48.31
48.37
48.37
48.29
48.17
48.02
47.81
47.54
47.21
46.87
46.52
46.23
46.00
45.83
45.73
45.67
45.67
45.73
45.84
45.98
46.13
46.26
46.35
46.39
46.40
46.38
46.38
46.40
46.44
46.50
46.57
46.78
47.13
47.64
48.23
48.85
49.34
49.67
49.81
49.81
49.69
49.47
49.19
48.87
48.55
48.38
48.38
48.58
48.90
49.29
49.63
49.87
50.00
50.03
50.00
49.92
49.82
49.71
49.59
49.47
49.31
49.11
48.85
48.57
48.29
48.02
47.78
47.57
47.39
47.25
47.19
47.21
47.33
47.50
47.70
47.85
47.94
47.96
47.91
47.84
47.76
47.71
47.69
47.69
47.71
47.74
47.77
47.81
47.84
47.93
48.07
48.28
48.51
48.76
48.94
49.05
49.07
49.02
48.94
48.85
48.79
48.75
48.74
48.75
48.66
48.46
48.13
47.73
47.31
46.97
46.74
46.65
46.66
46.74
46.84
46.92
46.99
47.04
47.07
47.14
47.26
47.44
47.65
47.87
48.00
48.03
47.94
47.77
47.56
47.36
47.18
47.05
46.95
46.89
46.82
46.74
46.65
46.55
46.45
46.33
46.19
46.02
45.86
45.77
45.79
45.92
46.13
46.37
46.57
46.71
46.77
46.77
46.73
46.72
46.75
46.84
46.96
47.10
47.25
47.40
47.53
47.65
47.75
47.89
48.07
48.30
48.55
48.81
49.00
49.10
49.12
49.07
48.98
48.89
48.82
48.78
48.76
48.76
48.78
48.80
48.82
48.85
48.88
48.88
48.84
48.77
48.68
48.59
48.54
48.56
48.65
48.78
48.89
48.94
48.93
48.87
48.78
48.63
48.40
48.12
47.81
47.49
47.24
47.08
47.02
47.03
47.09
47.15
47.20
47.22
47.23
47.22
47.20
47.18
47.15
47.13
47.10
47.10
47.14
47.21
47.31
47.41
47.48
47.53
47.53
47.50
47.45
47.42
47.42
47.45
47.50
47.56
47.60
47.61
47.58
47.53
47.47
47.45
47.50
47.61
47.76
47.91
48.03
48.11
48.17
48.19
48.20
48.20
48.18
48.16
48.14
48.20
48.35
48.59
48.90
49.22
49.51
49.76
49.95
50.08
50.17
50.11
49.91
49.56
49.12
48.65
48.18
47.73
47.32
46.97
46.67
46.39
46.14
45.90
45.69
45.50
45.40
45.38
45.46
45.59
45.76
45.95
46.14
46.31
46.47
46.61
46.73
46.83
46.91
46.97
47.12
47.38
47.75
48.19
48.65
49.06
49.42
49.70
49.92
50.07
50.07
49.90
49.58
49.16
48.70
48.20
47.70
47.20
46.73
46.31
46.03
45.90
45.91
46.04
46.23
46.41
46.53
46.60
46.61
46.58
46.59
46.64
46.75
46.89
47.05
47.24
47.45
47.69
47.92
48.14
48.37
48.60
48.84
49.07
49.28
49.41
49.46
49.41
49.30
49.10
48.82
48.48
48.10
47.73
47.43
47.22
47.11
47.09
47.12
47.24
47.45
47.73
48.05
48.37
48.61
48.73
48.72
48.62
48.47
48.33
48.25
48.23
48.26
48.32
48.42
48.56
48.74
48.93
49.13
49.17
49.05
48.75
48.34
47.87
47.44
47.09
46.84
46.67
46.57
46.55
46.60
46.71
46.86
47.02
47.19
47.35
47.50
47.63
47.82
48.08
48.42
48.80
49.18
49.41
49.46
49.31
49.02
48.66
48.27
47.87
47.49
47.15
46.84
46.64
46.54
46.55
46.64
46.77
46.93
47.09
47.26
47.42
47.56
47.73
47.95
48.21
48.49
48.77
49.00
49.18
49.29
49.36
49.38
49.35
49.27
49.15
49.00
48.85
48.64
48.38
48.07
47.74
47.42
47.09
46.76
46.44
46.13
45.99
46.04
46.29
46.66
47.10
47.53
47.93
48.27
48.54
48.76
48.92
49.04
49.12
49.17
49.20
49.23
49.29
49.36
49.45
49.54
49.62
49.71
49.78
49.84
49.89
49.88
49.80
49.65
49.45
49.24
49.02
48.81
48.63
48.46
48.32
48.15
47.94
47.70
47.43
47.17
47.00
46.95
47.03
47.18
47.39
47.60
47.78
47.91
48.01
48.08
48.07
47.98
47.81
47.60
47.44
47.38
47.42
47.53
47.69
47.84
47.97
48.06
48.12
48.16
48.20
48.26
48.35
48.44
48.53
48.62
48.71
48.78
48.85
48.90
48.89
48.81
48.65
48.46
48.24
48.05
47.90
47.80
47.74
47.71
47.74
47.81
47.92
48.06
48.20
48.32
48.40
48.43
48.44
48.41
48.37
48.33
48.28
48.23
48.18
48.14
48.10
48.07
48.04
47.92
47.67
47.30
46.87
46.41
45.99
45.63
45.34
45.12
44.96
44.90
44.95
45.09
45.29
45.52
45.76
46.00
46.22
46.41
46.58
46.72
46.83
46.92
46.99
47.04
47.15
47.34
47.61
47.93
48.27
48.57
48.82
49.00
49.13
49.21
49.23
49.19
49.10
48.98
48.84
48.73
48.65
48.61
48.61
48.62
48.66
48.70
48.74
48.79
48.75
48.62
48.38
48.09
47.78
47.49
47.25
47.06
46.93
46.84
46.79
46.76
46.76
46.77
46.78
46.78
46.75
46.69
46.61
46.52
46.54
46.68
46.96
47.32
47.71
48.06
48.32
48.49
48.58
48.62
48.58
48.48
48.34
48.16
47.98
47.85
47.79
47.82
47.90
48.02
48.10
48.12
48.08
47.99
47.88
47.75
47.62
47.50
47.38
47.36
47.45
47.65
47.91
48.21
48.41
48.47
48.38
48.19
47.94
47.77
47.72
47.80
47.98
48.21
48.41
48.56
48.63
48.65
48.63
48.50
48.26
47.92
47.53
47.11
46.79
46.59
46.53
46.56
46.66
46.75
46.80
46.79
46.74
46.67
46.69
46.82
47.09
47.43
47.81
48.08
48.22
48.19
48.06
47.86
47.64
47.44
47.28
47.15
47.08
47.06
47.10
47.18
47.28
47.38
47.49
47.59
47.69
47.77
47.84
47.90
47.94
47.98
48.00
48.05
48.12
48.21
48.32
48.43
48.44
48.31
48.04
47.69
47.30
46.93
46.61
46.35
46.15
46.01
45.93
45.92
45.97
46.06
46.17
46.32
46.50
46.71
46.93
47.13
47.41
47.75
48.16
48.60
49.04
49.40
49.66
49.80
49.86
49.88
49.89
49.90
49.91
49.93
49.89
49.79
49.62
49.42
49.20
49.01
48.86
48.76
48.71
48.69
48.66
48.62
48.56
48.49
48.41
48.39
48.43
48.55
48.70
48.88
49.04
49.17
49.24
49.28
49.30
49.29
49.27
49.24
49.21
49.18
49.20
49.28
49.43
49.62
49.83
49.93
49.89
49.72
49.45
49.13
48.76
48.37
47.97
47.59
47.23
46.97
46.82
46.77
46.80
46.79
46.68
46.46
46.17
45.86
45.59
45.40
45.29
45.26
45.28
45.38
45.56
45.83
46.12
46.43
46.73
47.01
47.26
47.47
47.65
47.77
47.82
47.82
47.77
47.69
47.71
47.85
48.11
48.45
48.82
49.09
49.22
49.20
49.06
48.86
48.61
48.36
48.10
47.87
47.66
47.47
47.32
47.19
47.10
47.02
46.94
46.85
46.74
46.62
46.59
46.65
46.82
47.06
47.33
47.58
47.79
47.95
48.06
48.14
48.24
48.38
48.56
48.77
48.98
49.15
49.28
49.35
49.39
49.39
49.34
49.25
49.12
48.97
48.81
48.63
48.43
48.21
48.00
47.79
47.66
47.61
47.65
47.75
47.89
48.07
48.29
48.53
48.78
49.02
49.24
49.44
49.60
49.74
49.85
49.80
49.58
49.18
48.67
48.23
47.91
47.74
47.69
47.72
47.79
47.86
47.92
47.96
48.00
47.99
47.95
47.87
47.77
47.65
47.51
47.35
47.16
46.96
46.78
46.66
46.62
46.67
46.77
46.91
47.04
47.14
47.20
47.24
47.25
47.38
47.65
48.07
48.57
49.11
49.48
49.64
49.55
49.30
48.95
48.62
48.38
48.24
48.18
48.18
48.26
48.39
48.57
48.77
48.84
48.75
48.49
48.12
47.70
47.28
46.91
46.60
46.35
46.15
46.14
46.33
46.71
47.20
47.75
48.34
48.93
49.51
50.05
50.53
50.84
50.96
50.89
50.68
50.39
50.09
49.80
49.56
49.36
49.20
49.08
48.99
48.93
48.89
48.87
48.78
48.61
48.35
48.04
47.72
47.51
47.44
47.53
47.72
47.98
48.27
48.56
48.85
49.11
49.28
49.37
49.35
49.27
49.14
49.02
48.92
48.85
48.81
48.80
48.80
48.81
48.82
48.85
48.87
48.92
49.00
49.11
49.23
49.36
49.40
49.35
49.18
48.95
48.68
48.40
48.13
47.89
47.66
47.47
47.34
47.27
47.26
47.29
47.35
47.37
47.34
47.25
47.12
46.97
46.86
46.82
46.86
46.94
47.06
47.17
47.24
47.29
47.30
47.32
47.36
47.42
47.49
47.57
47.68
47.81
47.96
48.13
48.29
48.39
48.41
48.35
48.23
48.09
47.95
47.85
47.78
47.75
47.74
47.67
47.51
47.27
46.98
46.67
46.39
46.16
45.99
45.87
45.79
45.86
46.07
46.43
46.87
47.35
47.77
48.11
48.34
48.48
48.55
48.58
48.56
48.52
48.46
48.40
48.25
48.02
47.69
47.32
46.93
46.61
46.38
46.25
46.20
46.18
46.17
46.16
46.14
46.12
46.15
46.24
46.40
46.60
46.82
47.08
47.40
47.76
48.13
48.49
48.82
49.12
49.38
49.59
49.76
49.78
49.65
49.37
48.99
48.56
48.15
47.79
47.49
47.26
47.08
46.98
46.95
46.98
47.06
47.17
47.26
47.32
47.35
47.35
47.33
47.36
47.43
47.57
47.74
47.93
48.07
48.13
48.12
48.05
47.99
47.99
48.03
48.12
48.23
48.34
48.46
48.57
48.67
48.76
48.78
48.73
48.60
48.42
48.22
47.96
47.65
47.29
46.91
46.55
46.26
46.08
45.99
45.99
46.04
46.16
46.32
46.53
46.75
46.97
47.24
47.54
47.89
48.24
48.59
48.85
49.01
49.08
49.06
49.00
48.84
48.61
48.31
47.97
47.63
47.31
47.01
46.74
46.52
46.47
46.61
46.94
47.39
47.90
48.31
48.59
48.70
48.68
48.58
48.42
48.24
48.04
47.85
47.67
47.59
47.62
47.77
47.99
48.26
48.48
48.64
48.72
48.73
48.70
48.65
48.57
48.49
48.40
48.32
48.25
48.19
48.13
48.08
48.05
47.99
47.91
47.81
47.69
47.58
47.52
47.53
47.61
47.75
47.91
48.08
48.25
48.41
48.55
48.67
48.78
48.86
48.93
48.98
48.96
48.87
48.71
48.50
48.28
48.08
47.92
47.82
47.75
47.72
47.71
47.72
47.74
47.77
47.81
47.92
48.12
48.42
48.77
49.13
49.40
49.56
49.58
49.52
49.39
49.17
48.88
48.52
48.13
47.75
47.38
47.05
46.77
46.53
46.33
46.23
46.22
46.31
46.47
46.66
46.84
46.98
47.09
47.16
47.28
47.47
47.73
48.04
48.36
48.68
48.97
49.22
49.45
49.63
49.70
49.65
49.47
49.21
48.91
48.57
48.21
47.84
47.48
47.15
46.96
46.94
47.09
47.35
47.67
47.92
48.04
48.02
47.89
47.70
47.59
47.58
47.71
47.92
48.18
48.37
48.48
48.48
48.39
48.26
48.10
47.93
47.76
47.60
47.46
47.41
47.48
47.66
47.91
48.15
48.33
48.44
48.50
48.51
48.54
48.62
48.74
48.90
49.07
49.18
49.23
49.19
49.10
48.98
48.84
48.70
48.57
48.44
48.33
48.21
48.07
47.92
47.76
47.61
47.53
47.52
47.59
47.72
47.88
48.02
48.13
48.21
48.25
48.26
48.31
48.41
48.56
48.75
48.94
49.03
48.98
48.79
48.51
48.17
47.93
47.82
47.86
48.00
48.07
48.02
47.83
47.54
47.20
46.90
46.67
46.53
46.45
46.43
46.41
46.39
46.36
46.32
46.27
46.30
46.43
46.66
46.94
47.25
47.53
47.77
47.95
48.08
48.16
48.19
48.15
48.07
47.95
47.82
47.68
47.55
47.43
47.32
47.23
47.31
47.59
48.08
48.68
49.34
49.86
50.19
50.31
50.26
50.11
49.95
49.81
49.72
49.67
49.66
49.56
49.35
49.03
48.64
48.25
47.90
47.61
47.37
47.18
47.09
47.11
47.22
47.39
47.60
47.79
47.95
48.07
48.14
48.19
48.21
48.22
48.21
48.19
48.17
48.17
48.20
48.27
48.35
48.45
48.46
48.38
48.20
47.95
47.67
47.50
47.45
47.56
47.76
48.03
48.29
48.53
48.72
48.86
48.98
49.11
49.28
49.49
49.71
49.94
50.05
50.02
49.83
49.55
49.19
48.78
48.35
47.92
47.51
47.23
47.08
47.09
47.19
47.36
47.51
47.62
47.66
47.65
47.61
47.58
47.57
47.58
47.61
47.65
47.73
47.84
47.97
48.13
48.28
48.48
48.72
49.02
49.33
49.64
49.85
49.94
49.89
49.76
49.58
49.42
49.31
49.27
49.28
49.33
49.26
49.06
48.69
48.24
47.75
47.45
47.39
47.59
47.97
48.34
48.64
48.81
48.89
48.90
48.86
48.78
48.68
48.58
48.48
48.33
48.12
47.87
47.59
47.31
47.07
46.88
46.76
46.69
46.65
46.62
46.58
46.52
46.45
46.37
46.38
46.49
46.70
46.97
47.26
47.56
47.85
48.12
48.35
48.54
48.68
48.75
48.76
48.73
48.67
48.61
48.58
48.59
48.61
48.65
48.66
48.65
48.61
48.55
48.51
48.49
48.50
48.54
48.59
48.67
48.79
48.93
49.09
49.25
49.41
49.54
49.67
49.77
49.85
49.81
49.64
49.32
48.92
48.48
48.07
47.71
47.42
47.19
47.02
47.04
47.25
47.65
48.16
48.73
49.27
49.76
50.16
50.49
50.75
50.84
50.75
50.49
50.12
49.69
49.30
48.98
48.76
48.62
48.54
48.48
48.43
48.37
48.31
48.22
48.11
47.97
47.82
47.67
47.56
47.49
47.47
47.48
47.52
47.52
47.46
47.35
47.19
47.02
46.93
46.93
47.04
47.23
47.45
47.69
47.93
48.15
48.36
48.53
48.65
48.72
48.72
48.69
48.63
48.55
48.47
48.39
48.31
48.24
48.20
48.20
48.25
48.32
48.41
48.45
48.42
48.33
48.20
48.04
47.95
47.96
48.07
48.26
48.43
48.55
48.60
48.61
48.58
48.48
48.30
48.05
47.77
47.48
47.30
47.26
47.39
47.61
47.90
48.16
48.36
48.48
48.54
48.55
48.61
48.74
48.95
49.21
49.49
49.65
49.68
49.56
49.34
49.06
48.80
48.61
48.49
48.44
48.43
48.43
48.42
48.39
48.35
48.30
48.25
48.20
48.16
48.12
48.08
48.03
47.95
47.84
47.72
47.63
47.57
47.55
47.56
47.59
47.69
47.85
48.08
48.35
48.62
48.80
48.88
48.83
48.70
48.51
48.30
48.09
47.88
47.68
47.51
47.34
47.16
46.97
46.78
46.61
46.54
46.58
46.74
46.97
47.24
47.52
47.80
48.06
48.29
48.49
48.55
48.46
48.21
47.86
47.46
47.19
47.08
47.16
47.37
47.65
47.95
48.23
48.47
48.66
48.82
48.96
49.10
49.25
49.40
49.42
49.31
49.06
48.72
48.33
47.96
47.64
47.38
47.18
47.03
46.92
46.85
46.81
46.79
46.79
46.80
46.81
46.84
46.86
46.89
46.96
47.10
47.30
47.52
47.76
47.94
48.05
48.06
48.02
47.93
47.90
47.95
48.10
48.30
48.53
48.70
48.76
48.71
48.58
48.41
48.24
48.09
47.99
47.91
47.87
47.81
47.75
47.66
47.56
47.52
47.54
47.63
47.77
47.93
48.05
48.10
48.08
48.01
47.90
47.73
47.49
47.18
46.86
46.53
46.29
46.18
46.20
46.31
46.48
46.73
47.05
47.44
47.84
48.25
48.57
48.79
48.90
48.93
48.90
48.78
48.58
48.29
47.97
47.64
47.38
47.20
47.11
47.10
47.14
47.19
47.23
47.24
47.24
47.22
47.25
47.34
47.49
47.68
47.83
47.91
47.92
47.88
47.81
47.84
48.02
48.36
48.80
49.27
49.64
49.87
49.93
49.86
49.72
49.56
49.40
49.26
49.16
49.07
49.01
48.97
48.94
48.92
48.91
48.88
48.83
48.75
48.65
48.55
48.55
48.69
48.96
49.31
49.70
50.02
50.23
50.31
50.29
50.21
50.01
49.70
49.28
48.81
48.33
47.95
47.70
47.60
47.60
47.65
47.71
47.77
47.83
47.88
47.92
47.95
47.98
47.99
48.01
48.02
48.02
48.03
48.03
48.03
47.97
47.85
47.67
47.45
47.23
47.03
46.87
46.77
46.71
46.69
46.76
46.95
47.25
47.60
47.98
48.38
48.78
49.18
49.56
49.91
50.13
50.21
50.14
49.99
49.77
49.52
49.27
49.02
48.80
48.59
48.37
48.11
47.81
47.51
47.30
47.20
47.23
47.34
47.51
47.71
47.91
48.12
48.31
48.48
48.63
48.75
48.85
48.93
48.98
48.97
48.89
48.72
48.52
48.29
48.09
47.94
47.83
47.76
47.73
47.61
47.39
47.05
46.66
46.23
45.90
45.68
45.60
45.62
45.71
45.84
45.99
46.15
46.31
46.46
46.64
46.87
47.15
47.44
47.73
47.94
48.07
48.10
48.07
47.96
47.79
47.58
47.34
47.11
46.94
46.85
46.85
46.91
47.01
47.10
47.18
47.22
47.24
47.24
47.28
47.38
47.53
47.71
47.91
48.11
48.30
48.46
48.61
48.73
48.86
49.00
49.15
49.30
49.44
49.57
49.68
49.78
49.86
49.92
49.92
49.84
49.69
49.49
49.27
49.05
48.84
48.65
48.48
48.33
48.21
48.12
48.05
47.99
47.96
47.93
47.92
47.91
47.92
47.95
48.01
48.11
48.23
48.35
48.42
48.42
48.34
48.21
48.06
47.98
47.99
48.10
48.28
48.50
48.68
48.80
48.84
48.82
48.76
48.71
48.68
48.67
48.68
48.71
48.61
48.36
47.95
47.45
46.92
46.42
45.98
45.61
45.33
45.11
45.08
45.26
45.64
46.14
46.69
47.26
47.80
48.30
48.74
48.98
49.01
48.81
48.47
48.04
47.66
47.37
47.20
47.13
47.12
47.22
47.41
47.68
47.99
48.32
48.56
48.68
48.68
48.59
48.44
48.23
47.98
47.70
47.41
47.13
46.93
46.82
46.80
46.86
46.96
47.05
47.13
47.18
47.21
47.21
47.18
47.11
46.99
46.86
46.73
46.67
46.72
46.87
47.09
47.35
47.67
48.05
48.47
48.90
49.32
49.59
49.70
49.63
49.44
49.20
48.96
48.74
48.54
48.38
48.21
48.05
47.88
47.71
47.55
47.39
47.21
47.02
46.84
46.66
46.50
46.36
46.25
46.15
46.08
46.05
46.07
46.13
46.22
46.32
46.40
46.45
46.47
46.45
46.41
46.42
46.48
46.60
46.77
46.95
47.15
47.39
47.64
47.88
48.12
48.27
48.34
48.32
48.23
48.10
47.96
47.80
47.65
47.51
47.41
47.36
47.36
47.39
47.45
47.60
47.84
48.18
48.57
48.98
49.21
49.22
49.01
48.64
48.19
47.76
47.39
47.11
46.91
46.77
46.69
46.64
46.63
46.65
46.67
46.74
46.84
46.97
47.11
47.26
47.49
47.79
48.18
48.60
49.02
49.37
49.62
49.77
49.83
49.82
49.80
49.79
49.79
49.80
49.82
49.81
49.78
49.72
49.63
49.51
49.36
49.18
49.00
48.81
48.66
48.57
48.52
48.51
48.54
48.52
48.46
48.34
48.18
48.00
47.80
47.58
47.34
47.10
46.87
46.69
46.57
46.50
46.49
46.50
46.51
46.51
46.47
46.43
46.37
46.42
46.59
46.89
47.27
47.68
48.04
48.32
48.49
48.59
48.63
48.59
48.50
48.35
48.17
47.99
47.83
47.72
47.65
47.63
47.60
47.56
47.51
47.44
47.37
47.30
47.24
47.18
47.13
47.09
47.08
47.11
47.18
47.27
47.38
47.51
47.67
47.85
48.04