102.98
102.77
102.74
102.83
102.94
103.00
102.99
102.93
102.84
102.81
102.87
103.02
103.24
103.48
103.57
103.47
103.16
102.72
102.22
101.88
101.77
101.91
102.24
102.66
103.06
103.38
103.58
103.69
103.73
103.74
103.76
103.78
103.80
103.83
103.89
103.97
104.09
104.22
104.35
104.45
104.51
104.53
104.51
104.47
104.44
104.44
104.47
104.52
104.58
104.64
104.71
104.77
104.82
104.87
104.91
104.94
104.97
104.99
105.06
105.18
105.37
105.58
105.81
105.98
106.07
106.08
106.03
105.94
105.80
105.62
105.40
105.18
104.96
104.86
104.90
105.10
105.39
105.74
105.94
105.95
105.75
105.41
104.98
104.69
104.58
104.68
104.94
105.28
105.50
105.55
105.39
105.10
104.74
104.44
104.26
104.23
104.30
104.44
104.57
104.66
104.68
104.66
104.62
104.52
104.39
104.22
104.04
103.85
103.73
103.69
103.73
103.82
103.95
104.10
104.25
104.40
104.53
104.70
104.92
105.18
105.47
105.75
106.03
106.33
106.62
106.91
107.16
107.22
107.07
106.69
106.17
105.59
105.01
104.49
104.04
103.67
103.38
103.15
102.99
102.87
102.79
102.75
102.79
102.91
103.10
103.34
103.60
103.82
104.00
104.13
104.21
104.26
104.28
104.28
104.26
104.24
104.21
104.17
104.14
104.11
104.08
104.06
104.04
104.03
104.01
104.00
104.05
104.16
104.34
104.55
104.77
104.97
105.12
105.23
105.28
105.31
105.36
105.46
105.62
105.80
105.99
106.04
105.93
105.64
105.25
104.79
104.52
104.47
104.67
105.05
105.53
105.91
106.15
106.20
106.11
105.94
105.69
105.39
105.04
104.70
104.36
104.08
103.87
103.72
103.64
103.60
103.64
103.77
103.99
104.24
104.52
104.81
105.12
105.44
105.75
105.93
105.94
105.80
105.55
105.24
104.87
104.48
104.07
103.67
103.30
103.05
102.95
102.98
103.11
103.30
103.56
103.85
104.17
104.49
104.80
105.03
105.16
105.19
105.14
105.05
104.91
104.71
104.49
104.25
104.02
103.83
103.69
103.61
103.57
103.57
103.65
103.80
104.02
104.28
104.56
104.75
104.83
104.79
104.66
104.49
104.31
104.16
104.04
103.96
103.90
103.79
103.60
103.33
103.01
102.79
102.70
102.76
102.92
103.15
103.32
103.41
103.40
103.32
103.19
103.12
103.13
103.23
103.40
103.61
103.77
103.87
103.89
103.86
103.80
103.76
103.77
103.85
103.96
104.10
104.24
104.38
104.51
104.63
104.73
104.79
104.81
104.77
104.71
104.62
104.50
104.35
104.18
103.99
103.81
103.63
103.48
103.34
103.23
103.14
103.02
102.85
102.63
102.39
102.15
101.97
101.88
101.87
101.92
101.99
102.06
102.10
102.12
102.13
102.16
102.21
102.28
102.38
102.48
102.68
103.00
103.44
103.94
104.45
104.92
105.32
105.63
105.87
106.05
106.20
106.33
106.46
106.58
106.68
106.64
106.43
106.05
105.56
105.03
104.50
103.99
103.53
103.12
102.78
102.55
102.44
102.44
102.53
102.67
102.84
103.02
103.20
103.37
103.52
103.68
103.85
104.03
104.20
104.37
104.50
104.57
104.59
104.57
104.61
104.73
104.93
105.18
105.45
105.59
105.57
105.36
105.03
104.64
104.31
104.07
103.95
103.93
103.97
104.08
104.24
104.45
104.68
104.91
105.08
105.17
105.16
105.10
105.00
104.85
104.65
104.43
104.20
103.97
103.81
103.74
103.75
103.83
103.95
104.06
104.15
104.20
104.23
104.24
104.15
103.96
103.67
103.32
102.95
102.70
102.59
102.64
102.80
103.04
103.30
103.58
103.85
104.10
104.25
104.27
104.16
103.97
103.73
103.50
103.30
103.14
103.02
102.93
102.83
102.68
102.49
102.27
102.05
101.92
101.90
102.00
102.18
102.40
102.69
103.05
103.45
103.88
104.28
104.61
104.83
104.94
104.97
104.94
104.94
105.02
105.18
105.39
105.62
105.75
105.75
105.60
105.35
105.06
104.71
104.34
103.95
103.58
103.23
103.00
102.91
102.95
103.10
103.30
103.53
103.77
104.00
104.22
104.44
104.67
104.90
105.12
105.32
105.49
105.65
105.77
105.87
105.95
105.90
105.71
105.38
104.96
104.52
104.15
103.90
103.78
103.76
103.81
103.81
103.71
103.49
103.21
102.89
102.70
102.68
102.84
103.12
103.47
103.80
104.07
104.25
104.37
104.43
104.47
104.52
104.58
104.64
104.71
104.77
104.82
104.87
104.91
104.94
104.97
104.99
105.00
105.01
104.97
104.86
104.68
104.46
104.24
104.04
103.88
103.78
103.72
103.69
103.58
103.37
103.04
102.64
102.23
101.95
101.85
101.95
102.18
102.50
102.82
103.13
103.39
103.60
103.78
103.96
104.17
104.42
104.68
104.93
105.08
105.12
105.03
104.86
104.64
104.43
104.24
104.10
103.99
103.92
103.90
103.93
104.01
104.12
104.24
104.29
104.24
104.08
103.86
103.61
103.37
103.17
103.03
102.92
102.93
103.06
103.31
103.63
103.98
104.20
104.25
104.11
103.85
103.51
103.22
103.02
102.93
102.92
102.98
103.04
103.10
103.14
103.15
103.16
103.23
103.39
103.64
103.94
104.27
104.64
105.05
105.50
105.95
106.37
106.67
106.84
106.85
106.77
106.61
106.41
106.20
105.99
105.79
105.60
105.42
105.22
105.02
104.82
104.64
104.54
104.51
104.57
104.69
104.85
105.07
105.36
105.70
106.06
106.26
106.25
106.02
105.64
105.18
104.69
104.20
103.74
103.32
102.96
102.74
102.66
102.73
102.90
103.13
103.32
103.41
103.41
103.33
103.20
103.10
103.05
103.07
103.13
103.22
103.35
103.52
103.71
103.92
104.12
104.23
104.23
104.11
103.91
103.67
103.49
103.41
103.43
103.54
103.69
103.89
104.13
104.40
104.67
104.93
105.10
105.14
105.05
104.88
104.66
104.50
104.43
104.46
104.56
104.63
104.64
104.55
104.41
104.23
104.10
104.02
104.02
104.08
104.16
104.24
104.30
104.32
104.32
104.30
104.27
104.24
104.20
104.16
104.13
104.10
104.07
104.05
104.03
104.02
104.06
104.16
104.34
104.55
104.77
104.94
105.04
105.05
105.00
104.91
104.88
104.94
105.08
105.29
105.52
105.66
105.67
105.53
105.30
105.01
104.68
104.32
103.94
103.57
103.23
103.00
102.91
102.96
103.10
103.22
103.28
103.25
103.17
103.05
102.90
102.76
102.61
102.48
102.36
102.31
102.34
102.45
102.61
102.79
102.99
103.18
103.36
103.52
103.65
103.71
103.69
103.59
103.43
103.24
103.07
102.93
102.84
102.78
102.76
102.78
102.84
102.95
103.08
103.22
103.39
103.58
103.79
104.00
104.20
104.44
104.72
105.03
105.36
105.67
105.89
105.98
105.93
105.80
105.61
105.42
105.25
105.11
105.01
104.97
104.98
105.04
105.14
105.25
105.32
105.32
105.25
105.13
104.99
104.89
104.86
104.89
104.98
105.09
105.17
105.18
105.13
105.03
104.91
104.75
104.56
104.34
104.11
103.90
103.75
103.69
103.71
103.80
103.93
104.10
104.31
104.54
104.79
105.02
105.19
105.26
105.25
105.18
105.06
105.03
105.11
105.33
105.62
105.95
106.13
106.12
105.89
105.52
105.13
104.77
104.47
104.24
104.06
103.96
103.94
103.97
104.05
104.16
104.20
104.15
104.00
103.79
103.55
103.35
103.21
103.16
103.17
103.22
103.33
103.48
103.66
103.86
104.07
104.20
104.26
104.24
104.15
104.03
103.95
103.91
103.95
104.03
104.14
104.24
104.30
104.34
104.34
104.32
104.27
104.18
104.05
103.90
103.75
103.63
103.56
103.53
103.53
103.56
103.68
103.91
104.23
104.60
104.94
105.20
105.38
105.48
105.53
105.53
105.51
105.46
105.41
105.34
105.34
105.39
105.52
105.69
105.87
106.07
106.25
106.42
106.57
106.70
106.67
106.47
106.09
105.60
105.07
104.64
104.36
104.25
104.26
104.37
104.50
104.63
104.75
104.84
104.91
105.00
105.10
105.21
105.34
105.46
105.52
105.51
105.42
105.28
105.12
104.94
104.77
104.61
104.46
104.33
104.25
104.22
104.24
104.30
104.40
104.55
104.72
104.92
105.11
105.27
105.38
105.43
105.45
105.44
105.27
104.94
104.44
103.86
103.24
102.74
102.41
102.26
102.25
102.33
102.51
102.75
103.04
103.35
103.65
103.99
104.36
104.76
105.17
105.54
105.75
105.77
105.58
105.25
104.85
104.49
104.23
104.09
104.04
104.06
104.14
104.29
104.49
104.70
104.93
105.08
105.16
105.16
105.09
104.99
104.86
104.73
104.59
104.47
104.38
104.34
104.35
104.39
104.45
104.44
104.34
104.15
103.90
103.62
103.42
103.33
103.35
103.45
103.61
103.79
103.98
104.17
104.35
104.51
104.65
104.76
104.86
104.93
104.98
105.00
104.97
104.89
104.79
104.68
104.59
104.54
104.53
104.54
104.58
104.63
104.68
104.73
104.79
104.83
104.85
104.83
104.77
104.69
104.59
104.55
104.57
104.66
104.79
104.95
105.12
105.28
105.44
105.58
105.67
105.71
105.70
105.66
105.59
105.49
105.35
105.18
105.00
104.82
104.70
104.66
104.70
104.80
104.94
104.98
104.91
104.70
104.41
104.08
103.79
103.57
103.44
103.38
103.37
103.45
103.61
103.86
104.14
104.44
104.68
104.84
104.91
104.90
104.85
104.75
104.59
104.40
104.19
103.98
103.83
103.76
103.78
103.86
103.98
104.17
104.42
104.74
105.09
105.43
105.67
105.79
105.78
105.68
105.60
105.58
105.64
105.75
105.90
105.98
105.97
105.86
105.68
105.47
105.29
105.18
105.15
105.17
105.23
105.28
105.32
105.33
105.32
105.29
105.26
105.22
105.19
105.15
105.12
105.09
105.06
105.04
105.02
105.01
105.05
105.16
105.34
105.55
105.77
105.94
106.04
106.05
106.00
105.91
105.86
105.85
105.91
106.01
106.13
106.24
106.31
106.35
106.35
106.34
106.23
106.02
105.71
105.35
105.03
104.77
104.61
104.51
104.47
104.39
104.24
104.02
103.76
103.48
103.26
103.12
103.07
103.08
103.14
103.25
103.41
103.61
103.82
104.03
104.15
104.16
104.05
103.87
103.64
103.41
103.22
103.08
102.97
102.90
102.91
103.00
103.17
103.38
103.62
103.84
104.01
104.13
104.21
104.25
104.29
104.35
104.42
104.50
104.59
104.62
104.58
104.46
104.31
104.13
103.94
103.76
103.59
103.44
103.37
103.38
103.47
103.62
103.79
103.98
104.17
104.34
104.50
104.64
104.73
104.76
104.75
104.70
104.63
104.57
104.54
104.54
104.57
104.61
104.66
104.71
104.77
104.82
104.86
104.93
105.02
105.13
105.26
105.39
105.51
105.62
105.72
105.81
105.88
105.93
105.97
106.00
106.03
106.04
105.97
105.80
105.53
105.21
104.86
104.55
104.28
104.09
103.94
103.95
104.12
104.45
104.86
105.32
105.63
105.73
105.60
105.32
104.94
104.58
104.26
104.03
103.86
103.75
103.72
103.75
103.83
103.96
104.10
104.30
104.56
104.87
105.20
105.53
105.81
106.04
106.19
106.29
106.34
106.25
106.02
105.64
105.18
104.68
104.22
103.82
103.49
103.24
103.05
102.96
102.99
103.11
103.30
103.52
103.78
104.07
104.38
104.68
104.96
105.11
105.10
104.92
104.65
104.31
103.95
103.60
103.26
102.96
102.80
102.81
102.99
103.27
103.62
103.93
104.18
104.35
104.45
104.49
104.53
104.56
104.61
104.66
104.72
104.75
104.74
104.69
104.63
104.54
104.51
104.54
104.64
104.78
104.95
105.04
105.03
104.92
104.74
104.52
104.34
104.22
104.18
104.19
104.25
104.24
104.16
103.99
103.76
103.51
103.30
103.17
103.12
103.13
103.19
103.24
103.28
103.30
103.29
103.32
103.41
103.55
103.73
103.93
104.07
104.13
104.12
104.05
103.95
103.93
104.03
104.26
104.56
104.91
105.23
105.52
105.74
105.91
106.04
106.10
106.09
106.03
105.93
105.81
105.66
105.48
105.27
105.06
104.85
104.66
104.49
104.35
104.23
104.13
104.11
104.17
104.31
104.50
104.71
104.85
104.89
104.81
104.66
104.47
104.28
104.12
104.00
103.92
103.89
103.92
104.00
104.10
104.23
104.25
104.14
103.90
103.58
103.21
102.89
102.64
102.49
102.41
102.39
102.46
102.61
102.85
103.13
103.43
103.70
103.91
104.07
104.17
104.24
104.30
104.36
104.44
104.53
104.61
104.70
104.77
104.83
104.88
104.93
104.96
104.99
105.01
105.02
105.03
105.06
105.12
105.21
105.31
105.42
105.45
105.38
105.20
104.96
104.68
104.38
104.05
103.70
103.38
103.12
102.97
102.91
102.93
103.00
103.08
103.14
103.18
103.20
103.20
103.16
103.08
102.97
102.85
102.71
102.63
102.62
102.69
102.80
102.95
103.16
103.44
103.76
104.11
104.46
104.79
105.08
105.33
105.55
105.72
105.78
105.71
105.52
105.25
104.94
104.70
104.56
104.54
104.60
104.72
104.82
104.87
104.86
104.81
104.73
104.61
104.45
104.26
104.06
103.86
103.73
103.68
103.72
103.81
103.97
104.17
104.41
104.67
104.91
105.04
105.02
104.84
104.57
104.24
103.86
103.46
103.04
102.64
102.27
102.05
102.01
102.13
102.37
102.68
103.00
103.28
103.52
103.72
103.87
104.01
104.14
104.29
104.42
104.55
104.69
104.85
105.02
105.19
105.35
105.42
105.38
105.22
105.00
104.73
104.42
104.09
103.75
103.42
103.11
102.91
102.84
102.91
103.07
103.29
103.48
103.61
103.67
103.68
103.65
103.59
103.52
103.44
103.36
103.29
103.22
103.16
103.11
103.07
103.17
103.43
103.86
104.38
104.94
105.34
105.51
105.45
105.22
104.89
104.58
104.35
104.22
104.17
104.18
104.18
104.14
104.05
103.94
103.80
103.67
103.54
103.42
103.31
103.22
103.17
103.17
103.21
103.28
103.37
103.38
103.31
103.13
102.89
102.63
102.54
102.68
103.06
103.59
104.19
104.74
105.18
105.48
105.66
105.70
105.61
105.41
105.14
104.83
104.60
104.48
104.47
104.54
104.68
104.84
105.01
105.19
105.36
105.51
105.67
105.84
106.02
106.20
106.37
106.44
106.40
106.24
106.01
105.74
105.44
105.10
104.76
104.42
104.11
103.89
103.76
103.74
103.79
103.89
104.00
104.08
104.14
104.17
104.18
104.18
104.17
104.16
104.14
104.12
104.09
104.07
104.06
104.04
104.03
104.02
104.01
104.00
104.00
103.99
103.99
103.99
103.99
103.99
103.99
103.99
103.99
104.00
104.00
104.00
104.00
104.00
104.00
104.00
104.03
104.08
104.17
104.28
104.39
104.56
104.78
105.05
105.35
105.64
105.84
105.92
105.88
105.74
105.56
105.37
105.21
105.08
104.99
104.92
104.80
104.61
104.33
104.01
103.68
103.39
103.15
102.97
102.85
102.77
102.84
103.05
103.41
103.86
104.28
104.65
104.92
105.12
105.25
105.35
105.45
105.54
105.64
105.72
105.77
105.77
105.73
105.67
105.59
105.47
105.33
105.15
104.97
104.79
104.62
104.47
104.34
104.23
104.14
103.96
103.68
103.29
102.83
102.37
102.02
101.83
101.81
101.91
102.10
102.36
102.66
103.01
103.35
103.68
103.93
104.08
104.13
104.10
104.03
103.97
103.96
104.01
104.09
104.20
104.35
104.53
104.73
104.94
105.14
105.33
105.50
105.64
105.76
105.83
105.85
105.82
105.75
105.67
105.54
105.39
105.20
105.01
104.82
104.65
104.49
104.35
104.24
104.14
104.12
104.18
104.32
104.51
104.72
104.91
105.06
105.16
105.23
105.26
105.24
105.18
105.07
104.93
104.79
104.65
104.51
104.39
104.28
104.20
104.12
104.06
104.02
103.99
103.97
103.93
103.86
103.77
103.67
103.56
103.53
103.60
103.78
104.03
104.22
104.34
104.34
104.28
104.16
103.99
103.78
103.54
103.28
103.04
102.86
102.78
102.78
102.85
102.96
103.11
103.31
103.54
103.78
104.01
104.31
104.67
105.11
105.57
106.02
106.31
106.40
106.28
106.02
105.68
105.30
104.91
104.53
104.19
103.88
103.65
103.49
103.40
103.38
103.39
103.54
103.83
104.26
104.75
105.28
105.76
106.18
106.52
106.78
106.98
107.06
107.04
106.91
106.72
106.52
106.34
106.20
106.09
106.00
105.94
105.91
105.88
105.88
105.88
105.83
105.73
105.56
105.36
105.15
104.91
104.66
104.39
104.13
103.89
103.72
103.65
103.67
103.75
103.88
104.08
104.35
104.68
105.04
105.39
105.65
105.78
105.77
105.68
105.52
105.30
105.04
104.74
104.45
104.16
103.90
103.66
103.47
103.30
103.17
103.15
103.25
103.46
103.75
104.07
104.40
104.71
105.00
105.26
105.45
105.58
105.63
105.64
105.61
105.53
105.40
105.24
105.06
104.88
104.65
104.37
104.05
103.72
103.39
103.15
102.99
102.93
102.95
103.02
103.12
103.24
103.36
103.48
103.59
103.77
104.03
104.37
104.75
105.14
105.51
105.85
106.14
106.40
106.61
106.65
106.49
106.14
105.67
105.15
104.67
104.27
103.97
103.77
103.64
103.56
103.54
103.54
103.57
103.56
103.50
103.37
103.21
103.03
102.88
102.77
102.70
102.67
102.66
102.76
102.96
103.26
103.62
104.00
104.26
104.38
104.34
104.18
103.96
103.77
103.67
103.67
103.74
103.86
104.00
104.15
104.31
104.45
104.58
104.69
104.79
104.87
104.93
104.98
104.96
104.87
104.70
104.50
104.27
104.10
104.00
103.99
104.03
104.11
104.22
104.33
104.45
104.56
104.66
104.78
104.91
105.06
105.22
105.26
105.17
104.94
104.62
104.26
103.93
103.68
103.53
103.44
103.41
103.50
103.71
104.04
104.42
104.83
105.15
105.35
105.42
105.40
105.30
105.22
105.18
105.19
105.25
105.32
105.39
105.43
105.43
105.41
105.37
105.27
105.11
104.88
104.62
104.35
104.17
104.10
104.16
104.29
104.48
104.61
104.66
104.60
104.48
104.31
104.18
104.10
104.10
104.14
104.22
104.37
104.59
104.87
105.18
105.39
105.46
105.38
105.20
104.95
104.78
104.73
104.81
104.99
105.22
105.37
105.40
105.29
105.10
104.85
104.68
104.63
104.73
104.91
105.16
105.29
105.28
105.09
104.80
104.44
104.14
103.94
103.85
103.85
103.91
104.04
104.22
104.44
104.68
104.92
105.09
105.18
105.18
105.11
105.01
104.83
104.58
104.26
103.92
103.58
103.31
103.13
103.05
103.05
103.09
103.15
103.19
103.21
103.22
103.29
103.44
103.69
103.98
104.30
104.61
104.90
105.16
105.39
105.59
105.69
105.70
105.62
105.47
105.29
105.20
105.24
105.41
105.67
105.97
106.27
106.53
106.74
106.90
107.01
106.93
106.64
106.14
105.51
104.82
104.28
103.92
103.78
103.80
103.93
104.08
104.21
104.28
104.32
104.33
104.40
104.55
104.79
105.07
105.37
105.53
105.53
105.33
105.02
104.77
104.65
104.69
104.84
105.07
105.24
105.34
105.34
105.27
105.15
105.06
105.02
105.04
105.11
105.20
105.29
105.34
105.36
105.36
105.34
105.20
104.93
104.53
104.06
103.57
103.17
102.89
102.76
102.73
102.78
102.90
103.09
103.32
103.58
103.83
104.07
104.29
104.48
104.64
104.77
104.85
104.87
104.84
104.78
104.69
104.64
104.66
104.74
104.86
105.01
105.19
105.41
105.64
105.88
106.05
106.14
106.14
106.08
105.98
105.97
106.07
106.29
106.60
106.94
107.20
107.37
107.41
107.36
107.26
107.12
106.96
106.80
106.64
106.50
106.32
106.09
105.82
105.54
105.26
104.99
104.75
104.54
104.37
104.23
104.22
104.37
104.66
105.05
105.48
105.80
105.99
106.02
105.93
105.76
105.55
105.32
105.09
104.87
104.66
104.54
104.51
104.56
104.68
104.83
104.97
105.09
105.16
105.21
105.28
105.40
105.56
105.76
105.96
106.10
106.17
106.16
106.09
105.98
105.90
105.88
105.93
106.02
106.13
106.18
106.13
105.99
105.78
105.54
105.32
105.13
104.99
104.89
104.83
104.88
105.04
105.31
105.64
106.00
106.22
106.28
106.14
105.87
105.53
105.11
104.62
104.08
103.54
103.02
102.63
102.39
102.31
102.34
102.46
102.67
102.97
103.34
103.75
104.15
104.48
104.71
104.83
104.88
104.86
104.80
104.72
104.62
104.52
104.53
104.67
104.94
105.30
105.69
106.04
106.30
106.48
106.57
106.61
106.55
106.39
106.16
105.88
105.58
105.34
105.18
105.12
105.12
105.16
105.19
105.17
105.09
104.98
104.85
104.66
104.41
104.11
103.78
103.46
103.26
103.22
103.33
103.56
103.84
104.11
104.31
104.44
104.51
104.53
104.48
104.39
104.25
104.08
103.91
103.79
103.75
103.78
103.87
103.97
104.05
104.11
104.14
104.16
104.16
104.15
104.14
104.12
104.10
104.11
104.15
104.23
104.32
104.42
104.50
104.54
104.53
104.51
104.46
104.35
104.17
103.93
103.66
103.38
103.22
103.20
103.34
103.57
103.87
104.22
104.60
104.99
105.38
105.73
106.00
106.15
106.20
106.17
106.09
105.95
105.75
105.53
105.29
105.05
104.96
105.05
105.32
105.71
106.02
106.20
106.21
106.09
105.90
105.75
105.67
105.68
105.76
105.88
105.92
105.85
105.64
105.36
105.03
104.72
104.45
104.24
104.08
103.96
103.93
104.00
104.15
104.36
104.59
104.77
104.89
104.92
104.89
104.83
104.76
104.72
104.70
104.71
104.72
104.78
104.87
104.99
105.13
105.28
105.34
105.29
105.14
104.92
104.66
104.53
104.55
104.75
105.07
105.44
105.63
105.57
105.23
104.71
104.23
103.86
103.67
103.60
103.63
103.70
103.78
103.84
103.90
103.94
103.97
104.00
104.02
104.03
104.03
104.09
104.21
104.38
104.59
104.81
104.98
105.07
105.08
105.02
104.93
104.87
104.86
104.92
105.01
105.13
105.26
105.39
105.52
105.63
105.73
105.79
105.80
105.76
105.70
105.61
105.58
105.60
105.69
105.82
105.98
106.09
106.14
106.11
106.03
105.92
105.82
105.75
105.71
105.70
105.65
105.56
105.41
105.23
105.04
104.90
104.84
104.86
104.93
105.04
105.11
105.13
105.08
104.99
104.88
104.77
104.70
104.67
104.66
104.67
104.70
104.74
104.77
104.81
104.85
104.91
105.00
105.11
105.24
105.37
105.42
105.36
105.19
104.96
104.69
104.46
104.31
104.24
104.23
104.26
104.32
104.41
104.49
104.58
104.67
104.66
104.56
104.35
104.08
103.77
103.47
103.17
102.91
102.67
102.44
102.22
102.00
101.79
101.60
101.54
101.63
101.88
102.21
102.60
103.03
103.47
103.92
104.34
104.73
105.06
105.35
105.59
105.78
105.92
105.97
105.93
105.79
105.61
105.39
105.16
104.94
104.73
104.55
104.39
104.32
104.32
104.42
104.57
104.75
104.95
105.14
105.32
105.48
105.63
105.69
105.67
105.57
105.42
105.23
105.01
104.76
104.49
104.22
103.97
103.77
103.62
103.54
103.51
103.54
103.63
103.76
103.92
104.09
104.21
104.25
104.21
104.12
104.00
103.91
103.88
103.92
104.01
104.12
104.22
104.29
104.32
104.33
104.32
104.32
104.34
104.39
104.46
104.54
104.59
104.61
104.59
104.54
104.48
104.41
104.34
104.28
104.21
104.16
104.03
103.82
103.52
103.18
102.82
102.53
102.32
102.21
102.17
102.19
102.23
102.25
102.25
102.24
102.35
102.61
103.03
103.53
104.07
104.55
104.94
105.22
105.40
105.50
105.55
105.55
105.53
105.48
105.42
105.30
105.13
104.89
104.62
104.34
104.11
103.92
103.80
103.72
103.68
103.70
103.76
103.88
104.02
104.17
104.34
104.54
104.76
104.98
105.19
105.38
105.54
105.68
105.80
105.89
105.91
105.84
105.70
105.51
105.29
105.13
105.03
105.02
105.06
105.14
105.16
105.10
104.94
104.73
104.52
104.33
104.17
104.06
103.97
103.94
103.97
104.04
104.14
104.25
104.35
104.41
104.43
104.42
104.39
104.46
104.64
104.95
105.33
105.74
106.06
106.27
106.35
106.34
106.26
106.08
105.82
105.48
105.11
104.74
104.44
104.24
104.13
104.11
104.14
104.23
104.38
104.56
104.77
104.99
105.16
105.29
105.37
105.40
105.40
105.43
105.51
105.65
105.82
106.00
106.18
106.35
106.50
106.64
106.72
106.76
106.74
106.69
106.62
106.46
106.20
105.84
105.44
105.03
104.66
104.36
104.12
103.95
103.83
103.79
103.81
103.88
104.00
104.13
104.32
104.57
104.88
105.21
105.53
105.71
105.70
105.49
105.16
104.76
104.33
103.91
103.51
103.15
102.83
102.57
102.35
102.18
102.05
101.96
101.98
102.11
102.36
102.67
103.02
103.39
103.78
104.17
104.54
104.88
105.07
105.09
104.94
104.68
104.46
104.34
104.34
104.43
104.57
104.67
104.69
104.62
104.48
104.30
104.13
104.00
103.90
103.84
103.80
103.87
104.04
104.32
104.66
105.02
105.28
105.39
105.34
105.17
104.95
104.76
104.66
104.66
104.73
104.85
104.88
104.81
104.61
104.33
104.01
103.73
103.52
103.40
103.35
103.35
103.46
103.69
104.03
104.42
104.84
105.11
105.20
105.09
104.85
104.53
104.25
104.06
103.97
103.96
104.07
104.27
104.56
104.89
105.24
105.39
105.30
104.95
104.44
103.85
103.36
103.04
102.92
102.95
103.08
103.19
103.24
103.22
103.13
103.01
102.95
102.98
103.11
103.30
103.53
103.71
103.83
103.86
103.84
103.78
103.75
103.77
103.85
103.97
104.11
104.17
104.14
104.00
103.80
103.56
103.39
103.32
103.36
103.47
103.63
103.79
103.93
104.03
104.10
104.14
104.19
104.25
104.34
104.43
104.48
104.45
104.36
104.22
104.06
103.97
103.98
104.09
104.27
104.49
104.64
104.70
104.65
104.53
104.36
104.31
104.40
104.65
105.01
105.42
105.85
106.26
106.64
106.98
107.28
107.41
107.38
107.18
106.87
106.49
106.07
105.63
105.17
104.74
104.34
103.99
103.69
103.45
103.25
103.10
103.02
103.00
103.04
103.11
103.22
103.36
103.53
103.73
103.94
104.14
104.33
104.50
104.64
104.76
104.88
105.02
105.16
105.31
105.45
105.52
105.52
105.44
105.30
105.14
105.04
105.04
105.14
105.31
105.52
105.67
105.72
105.67
105.54
105.37
105.18
104.98
104.79
104.61
104.45
104.32
104.21
104.12
104.05
104.00
103.99
104.03
104.10
104.20
104.32
104.41
104.46
104.47
104.46
104.42
104.43
104.49
104.61
104.77
104.95
105.03
104.97
104.77
104.48
104.20
103.97
103.81
103.70
103.65
103.63
103.63
103.65
103.69
103.73
103.75
103.73
103.68
103.61
103.53
103.52
103.61
103.80
104.05
104.33
104.48
104.47
104.27
103.96
103.59
103.26
103.04
102.93
102.91
102.96
103.10
103.33
103.63
103.97
104.31
104.62
104.87
105.05
105.17
105.25
105.29
105.30
105.30
105.28
105.25
105.19
105.09
104.97
104.83
104.69
104.66
104.77
105.01
105.34
105.69
106.02
106.30
106.54
106.73
106.74
106.56
106.19
105.71
105.18
104.66
104.19
103.80
103.49
103.24
103.19
103.34
103.70
104.18
104.72
105.19
105.55
105.78
105.89
105.93
105.85
105.67
105.40
105.08
104.75
104.42
104.11
103.84
103.60
103.41
103.30
103.29
103.37
103.52
103.70
103.90
104.09
104.28
104.45
104.60
104.61
104.49
104.21
103.85
103.44
103.18
103.13
103.30
103.61
103.91
104.12
104.21
104.21
104.14
104.17
104.32
104.63
105.02
105.46
105.85
106.15
106.36
106.49
106.55
106.46
106.21
105.81
105.32
104.81
104.40
104.15
104.07
104.12
104.25
104.44
104.66
104.88
105.09
105.29
105.45
105.54
105.58
105.57
105.54
105.46
105.34
105.18
105.01
104.84
104.67
104.52
104.38
104.27
104.17
104.15
104.21
104.34
104.53
104.73
105.03
105.40
105.86
106.35
106.73
106.95
107.00
106.94
106.78
106.55
106.27
105.95
105.62
105.31
105.04
104.84
104.71
104.63
104.59
104.65
104.78
104.99
105.25
105.52
105.66
105.63
105.41
105.08
104.68
104.26
103.84
103.45
103.10
102.79
102.62
102.58
102.69
102.88
103.13
103.38
103.60
103.78
103.91
104.01
104.08
104.13
104.15
104.16
104.16
104.20
104.30
104.46
104.66
104.86
105.07
105.27
105.44
105.59
105.62
105.49
105.22
104.85
104.45
104.16
104.05
104.13
104.34
104.62
104.98
105.38
105.80
106.21
106.59
106.88
107.07
107.14
107.13
107.06
106.90
106.66
106.35
106.01
105.66
105.38
105.19
105.10
105.09
105.13
105.09
104.96
104.71
104.38
104.03
103.65
103.25
102.85
102.48
102.13
101.96
101.99
102.23
102.60
103.04
103.56
104.13
104.74
105.34
105.77
105.99
105.99
105.82
105.56
105.37
105.31
105.41
105.62
105.90
106.09
106.17
106.11
105.96
105.75
105.58
105.51
105.53
105.63
105.77
105.88
105.94
105.93
105.87
105.78
105.68
105.57
105.47
105.37
105.28
105.33
105.56
105.95
106.44
106.98
107.38
107.60
107.62
107.49
107.27
106.99
106.69
106.39
106.10
105.84
105.59
105.34
105.10
104.86
104.66
104.58
104.66
104.89
105.22
105.52
105.74
105.86
105.89
105.87
105.83
105.80
105.79
105.80
105.81
105.78
105.69
105.53
105.34
105.14
104.90
104.65
104.39
104.13
103.89
103.73
103.65
103.67
103.76
103.88
104.06
104.27
104.51
104.76
105.00
105.22
105.42
105.59
105.73
105.84
105.96
106.08
106.21
106.35
106.48
106.52
106.45
106.27
106.03
105.75
105.46
105.18
104.92
104.68
104.49
104.32
104.19
104.08
104.01
103.90
103.75
103.55
103.33
103.10
102.99
103.02
103.20
103.48
103.80
104.15
104.49
104.81
105.10
105.35
105.53
105.65
105.69
105.69
105.65
105.58
105.51
105.43
105.35
105.27
105.15
104.98
104.76
104.50
104.25
104.05
103.94
103.92
103.96
104.05
104.13
104.20
104.23
104.24
104.24
104.33
104.54
104.87
105.27
105.69
105.98
106.09
106.00
105.78
105.47
105.18
104.94
104.77
104.67
104.64
104.68
104.78
104.91
105.06
105.25
105.46
105.69
105.92
106.14
106.31
106.43
106.49
106.50
106.49
106.45
106.40
106.34
106.29
106.23
106.18
106.13
106.09
106.06
106.04
106.04
106.08
106.16
106.26
106.37
106.51
106.67
106.86
107.05
107.23
107.27
107.13
106.82
106.39
105.91
105.37
104.78
104.16
103.56
103.01
102.62
102.42
102.41
102.55
102.78
103.08
103.44
103.82
104.21
104.50
104.66
104.68
104.61
104.47
104.43
104.53
104.78
105.13
105.53
105.88
106.17
106.36
106.47
106.53
106.46
106.26
105.95
105.58
105.18
104.78
104.41
104.07
103.78
103.53
103.38
103.34
103.40
103.52
103.69
103.88
104.07
104.25
104.42
104.57
104.75
104.97
105.23
105.51
105.79
105.99
106.11
106.13
106.09
106.00
105.88
105.75
105.62
105.50
105.38
105.28
105.20
105.13
105.07
104.97
104.83
104.63
104.40
104.17
103.91
103.65
103.37
103.11
102.86
102.72
102.71
102.82
103.01
103.26
103.52
103.78
104.03
104.26
104.46
104.60
104.68
104.70
104.68
104.62
104.58
104.56
104.57
104.60
104.64
104.69
104.74
104.79
104.83
104.88
104.96
105.11
105.31
105.54
105.78
105.94
105.98
105.91
105.75
105.55
105.30
105.01
104.71
104.40
104.11
103.85
103.62
103.42
103.27
103.14
103.05
102.98
102.93
102.90
102.88
102.88
102.88
102.89
102.90
102.94
103.01
103.12
103.24
103.36
103.51
103.68
103.87
104.06
104.25
104.42
104.57
104.70
104.80
104.89
104.95
105.00
105.04
105.06
105.07
105.02
104.91
104.72
104.50
104.27
104.04
103.82
103.62
103.45
103.31
103.27
103.35
103.55
103.82
104.12
104.38
104.57
104.67
104.71
104.72
104.73
104.76
104.78
104.82
104.87
104.96
105.08
105.21
105.34
105.47
105.59
105.70
105.79
105.86
105.89
105.88
105.83
105.74
105.65
105.57
105.53
105.52
105.54
105.58
105.61
105.60
105.57
105.51
105.45
105.35
105.23
105.07
104.91
104.74
104.59
104.45
104.33
104.22
104.14
104.13
104.19
104.33
104.52
104.73
104.92
105.07
105.17
105.23
105.27
105.30
105.35
105.42
105.50
105.55
105.57
105.56
105.52
105.46
105.37
105.25
105.10
104.93
104.76
104.63
104.55
104.51
104.51
104.54
104.56
104.55
104.52
104.47
104.41
104.37
104.36
104.39
104.45
104.51
104.59
104.66
104.73
104.79
104.85
104.89
104.93
104.96
104.99
105.00
104.96
104.86
104.68
104.47
104.24
104.10
104.06
104.13
104.28
104.48
104.65
104.76
104.80
104.78
104.72
104.70
104.73
104.81
104.94
104.98
104.90
104.68
104.39
104.06
103.83
103.72
103.77
103.93
104.15
104.34
104.49
104.57
104.59
104.58
104.62
104.73
104.93
105.18
105.46
105.68
105.82
105.88
105.87
105.82
105.69
105.48
105.20
104.89
104.56
104.28
104.06
103.90
103.79
103.72
103.67
103.61
103.53
103.45
103.37
103.26
103.14
102.99
102.83
102.68
102.58
102.57
102.64
102.75
102.90
103.12
103.40
103.74
104.09
104.36
104.52
104.55
104.49
104.36
104.31
104.36
104.54
104.80
105.10
105.30
105.37
105.30
105.12
104.88
104.67
104.51
104.43
104.40
104.41
104.42
104.42
104.40
104.36
104.32
104.32
104.39
104.52
104.69
104.88
105.02
105.09
105.08
105.02
104.92
104.91
105.01
105.24
105.55
105.90
106.15
106.26
106.22
106.07
105.86
105.66
105.52
105.44
105.42
105.43
105.44
105.44
105.42
105.38
105.31
105.20
105.06
104.90
104.75
104.60
104.46
104.34
104.24
104.15
104.08
104.03
103.99
103.97
103.95
103.94
103.94
103.94
103.94
103.95
103.96
103.96
103.97
103.98
103.98
103.93
103.82
103.65
103.44
103.21
103.10
103.12
103.29
103.55
103.87
104.20
104.53
104.84
105.12
105.36
105.54
105.65
105.69
105.68
105.64
105.52
105.33
105.08
104.78
104.48
104.22
104.01
103.86
103.77
103.79
103.94
104.21
104.55
104.91
105.20
105.38
105.43
105.39
105.29
105.20
105.16
105.17
105.22
105.30
105.34
105.32
105.24
105.12
104.97
104.84
104.75
104.69
104.67
104.68
104.72
104.81
104.93
105.08
105.23
105.30
105.26
105.11
104.90
104.65
104.35
104.04
103.71
103.38
103.08
102.95
103.00
103.26
103.63
104.08
104.49
104.83
105.08
105.26
105.31
105.25
105.09
104.86
104.60
104.39
104.25
104.19
104.19
104.23
104.28
104.31
104.31
104.30
104.27
104.22
104.12
104.00
103.86
103.71
103.63
103.61
103.68
103.79
103.94
104.12
104.34
104.58
104.83
105.06
105.30
105.55
105.80
106.04
106.26
106.40
106.45
106.41
106.30
106.16
105.97
105.74
105.49
105.24
104.99
104.74
104.49
104.23
103.98
103.75
103.61
103.56
103.59
103.70
103.84
104.00
104.17
104.33
104.48
104.61
104.72
104.82
104.89
104.95
104.97
104.94
104.87
104.78
104.67
104.56
104.45
104.35
104.26
104.19
104.15
104.16
104.21
104.28
104.37
104.42
104.40
104.31
104.18
104.03
103.84
103.62
103.38
103.14
102.91
102.70
102.51
102.36
102.23
102.13
102.13
102.24
102.47
102.76
103.09
103.53
104.07
104.72
105.40
106.07
106.59
106.92
107.05
107.03
106.94
106.81
106.67
106.54
106.42
106.24
105.97
105.63
105.25
104.86
104.54
104.32
104.20
104.15
104.17
104.17
104.14
104.05
103.94
103.81
103.72
103.71
103.77
103.87
104.01
104.08
104.05
103.93
103.73
103.51
103.35
103.28
103.33
103.45
103.62
103.81
104.01
104.20
104.38
104.54
104.67
104.78
104.87
104.94
105.00
104.95
104.80
104.55
104.24
103.90
103.58
103.32
103.12
102.97
102.98
103.14
103.46
103.88
104.33
104.69
104.90
104.95
104.88
104.73
104.56
104.40
104.26
104.15
104.07
103.98
103.88
103.76
103.63
103.51
103.43
103.39
103.39
103.42
103.48
103.52
103.53
103.51
103.47
103.42
103.41
103.47
103.59
103.74
103.92
104.05
104.11
104.10
104.03
103.92
103.91
104.01
104.24
104.55
104.90
105.20
105.43
105.56
105.63
105.64
105.59
105.48
105.33
105.15
104.99
104.86
104.78
104.74
104.72
104.70
104.66
104.59
104.52
104.43
104.38
104.36
104.39
104.43
104.50
104.54
104.56
104.54
104.50
104.44
104.41
104.40
104.43
104.48
104.54
104.63
104.76
104.92
105.08
105.25
105.38
105.46
105.50
105.49
105.47
105.34
105.11
104.79
104.41
104.02
103.72
103.53
103.48
103.53
103.64
103.76
103.87
103.96
104.02
104.09
104.18
104.28
104.39
104.50
104.55
104.53
104.43
104.29
104.12
103.99
103.93
103.95
104.01
104.11
104.23
104.35
104.47
104.59
104.69
104.78
104.85
104.91
104.95
104.99
104.96
104.86
104.70
104.49
104.26
104.04
103.82
103.63
103.46
103.32
103.33
103.53
103.90
104.38
104.91
105.37
105.71
105.91
106.00
106.02
105.97
105.88
105.78
105.66
105.54
105.38
105.16
104.90
104.61
104.29
103.96
103.63
103.31
103.01
102.83
102.78
102.86
103.03
103.26
103.54
103.85
104.18
104.52
104.83
105.08
105.27
105.39
105.45
105.47
105.53
105.67
105.90
106.16
106.45
106.63
106.66
106.55
106.33
106.05
105.77
105.53
105.32
105.16
105.04
104.98
104.98
105.04
105.12
105.23
105.30
105.30
105.23
105.12
104.98
104.83
104.68
104.54
104.41
104.30
104.23
104.21
104.24
104.30
104.33
104.30
104.21
104.09
103.94
103.87
103.89
104.02
104.22
104.45
104.67
104.85
104.99
105.09
105.15
105.21
105.29
105.38
105.47
105.57
105.63
105.65
105.64
105.59
105.53
105.40
105.21
104.96
104.68
104.39
104.14
103.95
103.81
103.73
103.69
103.72
103.85
104.05
104.29
104.56
104.79
104.98
105.11
105.20
105.25
105.22
105.11
104.91
104.68
104.42
104.25
104.18
104.23
104.36
104.48
104.57
104.60
104.59
104.55
104.55
104.60
104.71
104.85
105.02
105.16
105.26
105.32
105.34
105.34
105.35
105.37
105.43
105.49
105.57
105.64
105.71
105.78
105.84
105.89
105.87
105.79
105.64
105.44
105.23
105.01
104.81
104.62
104.46
104.32
104.26
104.28
104.39
104.55
104.74
104.81
104.72
104.46
104.09
103.67
103.33
103.14
103.10
103.17
103.32
103.54
103.82
104.13
104.44
104.69
104.86
104.93
104.93
104.88
104.82
104.78
104.76
104.76
104.78
104.80
104.82
104.85
104.88
104.90
104.90
104.86
104.79
104.70
104.59
104.52
104.48
104.48
104.50
104.55
104.66
104.83
105.07
105.34
105.62
105.78
105.80
105.66
105.42
105.13
104.78
104.40
104.01
103.62
103.27
103.00
102.85
102.80
102.83
102.91
103.00
103.08
103.13
103.15
103.22
103.33
103.50
103.70
103.91
104.09
104.22
104.30
104.34
104.35
104.40
104.48
104.63
104.80
104.99
105.14
105.26
105.33
105.36
105.36
105.37
105.39
105.45
105.51
105.58
105.66
105.72
105.79
105.84
105.89
105.96
106.05
106.16
106.28
106.41
106.50
106.55
106.56
106.53
106.49
106.38
106.20
105.95
105.68
105.40
105.10
104.79
104.48
104.18
103.91
103.62
103.30
102.95
102.61
102.36
102.23
102.24
102.33
102.49
102.71
102.97
103.26
103.56
103.85
104.13
104.42
104.71
104.98
105.22
105.38
105.45
105.41
105.32
105.18
105.04
104.93
104.86
104.82
104.80
104.79
104.80
104.82
104.84
104.86
104.86
104.82
104.76
104.67
104.57
104.53
104.55
104.64
104.77
104.94
105.13
105.36
105.60
105.85
106.08
106.19
106.15
105.95
105.65
105.30
104.96
104.66
104.41
104.21
104.04
103.87
103.71
103.56
103.42
103.36
103.37
103.47
103.62
103.80
104.04
104.35
104.70
105.07
105.43
105.72
105.90
105.99
105.99
105.94
105.81
105.59
105.29
104.97
104.63
104.44
104.43
104.62
104.93
105.31
105.67
105.96
106.17
106.31
106.39
106.32
106.09
105.71
105.25
104.75
104.28
103.87
103.54
103.27
103.07
102.98
103.00
103.12
103.30
103.52
103.68
103.73
103.68
103.56
103.46
103.44
103.51
103.64
103.80
104.06
104.41
104.85
105.32
105.80
106.25
106.66
107.02
107.32
107.57
107.66
107.58
107.34
106.99
106.58
106.18
105.83
105.54
105.30
105.12
105.07
105.15
105.36
105.65
105.97
106.20
106.30
106.25
106.09
105.86
105.66
105.51
105.43
105.41
105.42
105.44
105.44
105.41
105.37
105.33
105.20
104.97
104.66
104.30
103.92
103.66
103.55
103.60
103.77
104.00
104.28
104.56
104.83
105.09
105.24
105.26
105.16
104.97
104.73
104.58
104.55
104.66
104.86
105.12
105.37
105.59
105.77
105.91
106.01
105.98
105.79
105.46
105.04
104.59
104.21
103.95
103.82
103.79
103.84
103.93
104.06
104.19
104.33
104.47
104.61
104.78
104.96
105.14
105.32
105.39
105.36
105.21
104.99
104.73
104.50
104.35
104.27
104.26
104.29
104.35
104.42
104.51
104.59
104.65
104.67
104.64
104.59
104.52
104.48
104.46
104.47
104.51
104.56
104.63
104.69
104.75
104.80
104.85
104.87
104.85
104.79
104.70
104.61
104.53
104.49
104.49
104.52
104.56
104.59
104.59
104.56
104.51
104.45
104.43
104.48
104.59
104.75
104.92
105.02
105.03
104.92
104.74
104.52
104.34
104.23
104.18
104.20
104.25
104.36
104.50
104.69
104.89
105.06
105.19
105.27
105.31
105.33
105.26
105.13
104.92
104.67
104.40
104.17
103.98
103.85
103.77
103.73
103.73
103.80
103.90
104.04
104.18
104.33
104.46
104.59
104.70
104.79
104.84
104.85
104.80
104.73
104.64
104.49
104.28
104.01
103.71
103.41
103.23
103.20
103.33
103.56
103.86
104.18
104.50
104.80
105.08
105.33
105.48
105.53
105.49
105.38
105.23
105.06
104.88
104.71
104.55
104.52
104.63
104.89
105.23
105.62
105.84
105.82
105.55
105.12
104.60
104.12
103.74
103.49
103.33
103.27
103.28
103.37
103.52
103.71
103.91
104.05
104.12
104.11
104.05
103.94
103.93
104.03
104.26
104.56
104.91
105.13
105.18
105.05
104.80
104.47
104.16
103.91
103.74
103.63
103.57
103.53
103.49
103.43
103.37
103.30
103.32
103.44
103.66
103.94
104.24
104.52
104.76
104.94
105.07
105.21
105.37
105.58
105.80
106.01
106.14
106.15
106.05
105.86
105.64
105.39
105.14
104.91
104.69
104.51
104.35
104.22
104.12
104.04
103.98
103.94
103.92
103.91
103.90
103.91
103.97
104.09
104.28
104.50
104.74
105.03
105.36
105.74
106.12
106.49
106.80
107.04
107.21
107.32
107.38
107.34
107.22
107.02
106.77
106.50
106.12
105.64
105.05
104.42
103.80
103.21
102.68
102.22
101.83
101.60
101.52
101.60
101.78
102.03
102.36
102.76
103.21
103.68
104.13
104.58
105.00
105.41
105.78
106.10
106.27
106.27
106.09
105.80
105.45
105.10
104.78
104.51
104.30
104.14
104.07
104.09
104.22
104.40
104.61
104.83
105.05
105.25
105.44
105.60
105.78
106.00
106.27
106.54
106.81
106.99
107.04
106.97
106.82
106.61
106.38
106.15
105.92
105.71
105.53
105.40
105.33
105.31
105.34
105.31
105.21
105.02
104.78
104.52
104.25
104.00
103.77
103.56
103.39
103.33
103.39
103.57
103.83
104.12
104.43
104.73
105.01
105.26
105.47
105.62
105.71
105.73
105.71
105.65
105.61
105.58
105.59
105.61
105.65
105.70
105.75
105.79
105.84
105.88
105.88
105.86
105.79
105.70
105.60
105.39
105.07
104.62
104.11
103.59
103.17
102.87
102.73
102.70
102.74
102.87
103.06
103.29
103.55
103.75
103.88
103.93
103.91
103.85
103.81
103.82
103.89
104.00
104.13
104.27
104.41
104.53
104.65
104.74
104.77
104.73
104.60
104.43
104.23
104.08
104.00
103.99
104.04
104.13
104.21
104.27
104.29
104.30
104.28
104.26
104.23
104.19
104.16
104.13
104.07
103.99
103.88
103.75
103.62
103.55
103.56
103.63
103.76
103.92
104.06
104.17
104.23
104.27
104.31
104.35
104.42
104.50
104.59
104.64
104.65
104.63
104.58
104.51
104.47
104.45
104.47
104.51
104.56
104.57
104.52
104.40
104.24
104.07
103.97
103.97
104.07
104.25
104.47
104.68
104.85
104.99
105.08
105.14
105.15
105.11
105.02
104.90
104.77
104.67
104.60
104.57
104.57
104.60
104.61
104.60
104.56
104.50
104.44
104.39
104.38
104.41
104.46
104.52
104.67
104.91
105.25
105.63
105.92
106.07
106.07
105.95
105.77
105.55
105.31
105.07
104.85
104.64
104.55
104.57
104.72
104.94
105.21
105.44
105.60
105.69
105.71
105.69
105.58
105.39
105.14
104.84
104.54
104.19
103.80
103.38
102.95
102.55
102.30
102.21
102.29
102.50
102.78
103.06
103.33
103.55
103.73
103.87
104.03
104.22
104.45
104.69
104.93
105.13
105.27
105.36
105.40
105.41
105.37
105.28
105.15
104.99
104.91
104.93
105.05
105.24
105.47
105.68
105.86
105.99
106.09
106.15
106.10
105.95
105.68
105.35
104.99
104.71
104.55
104.51
104.56
104.68
104.77
104.83
104.82
104.77
104.70
104.71
104.85
105.11
105.45
105.82
106.12
106.31
106.37
106.34
106.25
106.04
105.71
105.29
104.81
104.33
103.92
103.61
103.42
103.31
103.27
103.31
103.42
103.57
103.76
103.96
104.18
104.42
104.67
104.92
105.15
105.36
105.54
105.69
105.81
105.85
105.81
105.68
105.50
105.30
105.11
104.96
104.86
104.79
104.76
104.67
104.50
104.25
103.96
103.64
103.44
103.39
103.49
103.69
103.96
104.25
104.55
104.84
105.11
105.34
105.54
105.70
105.83
105.93
106.01
105.95
105.75
105.42
105.00
104.54
104.11
103.74
103.44
103.21
103.03
102.96
102.99
103.12
103.31
103.54
103.80
104.09
104.39
104.69
104.94
105.14
105.27
105.34
105.38
105.35
105.28
105.16
105.01
104.86
104.73
104.64
104.59
104.59
104.60
104.61
104.59
104.55
104.49
104.42
104.33
104.20
104.05
103.89
103.73
103.68
103.77
104.01
104.34
104.71
105.04
105.29
105.45
105.55
105.58
105.57
105.54
105.48
105.42
105.35
105.29
105.23
105.17
105.12
105.08
105.02
104.94
104.83
104.71
104.59
104.47
104.36
104.27
104.19
104.18
104.24
104.37
104.56
104.76
104.87
104.84
104.67
104.41
104.09
103.87
103.77
103.82
103.98
104.19
104.44
104.70
104.94
105.18
105.38
105.53
105.62
105.65
105.64
105.60
105.53
105.46
105.39
105.31
105.24
105.13
104.96
104.74
104.49
104.24
104.05
103.94
103.92
103.96
104.05
104.13
104.20
104.23
104.25
104.24
104.25
104.29
104.35
104.43
104.54
104.68
104.85
105.03
105.21
105.27
105.19
104.97
104.65
104.29
103.94
103.63
103.38
103.18
103.03
102.93
102.86
102.82
102.80
102.80
102.94
103.24
103.71
104.27
104.86
105.33
105.64
105.78
105.78
105.68
105.52
105.33
105.13
104.92
104.73
104.61
104.57
104.62
104.73
104.88
104.98
105.03
105.01
104.94
104.85
104.73
104.61
104.50
104.39
104.29
104.21
104.14
104.08
104.04
104.03
104.07
104.14
104.24
104.35
104.46
104.57
104.66
104.75
104.82
104.94
105.10
105.32
105.56
105.81
106.04
106.26
106.45
106.61
106.75
106.80
106.77
106.66
106.49
106.29
106.11
105.96
105.86
105.80
105.76
105.75
105.76
105.78
105.80
105.83
105.83
105.80
105.74
105.65
105.56
105.52
105.54
105.63
105.77
105.94
106.08
106.19
106.26
106.29
106.30
106.23
106.10
105.89
105.64
105.46
105.38
105.40
105.51
105.66
105.79
105.86
105.86
105.82
105.75
105.71
105.72
105.80
105.92
106.06
106.13
106.11
105.98
105.78
105.55
105.30
105.06
104.83
104.63
104.45
104.36
104.35
104.44
104.58
104.76
104.87
104.88
104.79
104.64
104.44
104.30
104.26
104.32
104.45
104.63
104.80
104.94
105.05
105.12
105.16
105.13
105.02
104.83
104.61
104.36
104.22
104.22
104.37
104.61
104.80
104.90
104.86
104.73
104.55
104.34
104.12
103.91
103.71
103.54
103.38
103.26
103.15
103.07
103.01
102.92
102.77
102.58
102.36
102.13
102.12
102.38
102.91
103.61
104.39
105.10
105.69
106.12
106.41
106.59
106.66
106.64
106.53
106.38
106.19
106.00
105.81
105.64
105.48
105.35
105.23
105.14
105.07
105.01
104.98
104.90
104.77
104.58
104.37
104.14
104.01
103.98
104.06
104.23
104.41
104.58
104.73
104.84
104.93
105.00
105.04
105.08
105.09
105.10
105.15
105.26
105.43
105.63
105.85
106.01
106.09
106.09
106.03
105.94
105.87
105.86
105.92
106.01
106.13
106.29
106.48
106.69
106.91
107.12
107.24
107.24
107.12
106.92
106.68
106.42
106.17
105.92
105.70
105.51
105.38
105.30
105.29
105.32
105.37
105.36
105.27
105.09
104.85
104.58
104.33
104.13
103.98
103.88
103.86
103.94
104.11
104.32
104.57
104.81
105.05
105.26
105.45
105.62
105.75
105.86
105.94
106.00
106.05
106.02
105.92
105.75
105.53
105.30
105.04
104.77
104.48
104.20
103.93
103.78
103.75
103.85
104.04
104.27
104.53
104.79
105.03
105.26
105.45
105.49
105.34
105.00
104.55
104.05
103.64
103.37
103.27
103.29
103.40
103.56
103.75
103.95
104.14
104.33
104.49
104.63
104.75
104.85
104.95
105.07
105.20
105.33
105.46
105.53
105.52
105.43
105.29
105.13
105.01
104.95
104.96
105.03
105.12
105.29
105.53
105.83
106.15
106.48
106.79
107.07
107.32
107.53
107.70
107.70
107.52
107.15
106.67
106.14
105.65
105.25
104.95
104.75
104.62
104.55
104.52
104.53
104.56
104.60
104.63
104.63
104.59
104.54
104.47
104.42
104.41
104.43
104.47
104.53
104.55
104.50
104.39
104.24
104.06
103.88
103.71
103.55
103.41
103.34
103.36
103.46
103.61
103.79
103.95
104.08
104.17
104.22
104.25
104.28
104.33
104.39
104.47
104.56
104.64
104.72
104.79
104.85
104.90
104.91
104.89
104.82
104.73
104.63
104.47
104.25
103.98
103.69
103.39
103.13
102.93
102.79
102.71
102.67
102.71
102.83
103.03
103.28
103.55
103.78
103.97
104.11
104.20
104.22
104.19
104.10
103.98
103.84
103.73
103.65
103.61
103.61
103.63
103.69
103.78
103.92
104.07
104.22
104.27
104.18
103.94
103.62
103.26
102.99
102.85
102.87
103.00
103.20
103.35
103.43
103.40
103.31
103.18
103.10
103.11
103.22
103.39
103.59
103.76
103.86
103.88
103.86
103.79
103.75
103.77
103.85
103.96
104.10
104.27
104.47
104.69
104.91
105.13
105.41
105.75
106.17
106.61
106.86
106.87
106.62
106.20
105.67
105.22
104.89
104.72
104.66
104.70
104.79
104.92
105.07
105.23
105.37
105.49
105.55
105.57
105.55
105.51
105.40
105.22
104.97
104.70
104.41
104.17
103.97
103.83
103.75
103.70
103.68
103.69
103.71
103.74
103.77
103.78
103.76
103.71
103.63
103.54
103.42
103.28
103.11
102.93
102.76
102.70
102.78
103.01
103.34
103.70
104.00
104.20
104.27
104.26
104.18
104.06
103.92
103.77
103.63
103.63
103.79
104.14
104.58
105.08
105.42
105.56
105.46
105.21
104.87
104.58
104.40
104.35
104.41
104.54
104.65
104.72
104.74
104.70
104.64
104.59
104.57
104.57
104.60
104.64
104.71
104.82
104.96
105.11
105.26
105.36
105.38
105.32
105.21
105.06
104.88
104.66
104.42
104.18
103.94
103.78
103.71
103.73
103.80
103.92
104.07
104.22
104.36
104.50
104.62
104.73
104.82
104.89
104.94
105.01
105.10
105.21
105.33
105.45
105.54
105.58
105.58
105.55
105.50
105.36
105.12
104.78
104.40
104.00
103.59
103.18
102.77
102.39
102.05
101.89
101.93
102.18
102.55
103.00
103.47
103.94
104.38
104.77
105.11
105.37
105.55
105.64
105.67
105.66
105.59
105.47
105.30
105.12
104.93
104.77
104.66
104.60
104.58
104.59
104.62
104.66
104.70
104.75
104.75
104.67
104.54
104.36
104.16
103.93
103.68
103.42
103.15
102.91
102.77
102.75
102.86
103.05
103.28
103.54
103.80
104.05
104.27
104.46
104.63
104.77
104.87
104.96
105.02
105.11
105.25
105.44
105.66
105.88
105.94
105.80
105.44
104.95
104.40
103.91
103.53
103.29
103.16
103.11
103.13
103.19
103.27
103.37
103.47
103.54
103.58
103.57
103.54
103.48
103.45
103.44
103.46
103.51
103.59
103.71
103.87
104.04
104.20
104.34
104.43
104.47
104.47
104.45
104.46
104.53
104.65
104.81
104.98
105.19
105.41
105.66
105.90
106.13
106.36
106.60
106.84
107.07
107.28
107.42
107.46
107.41
107.31
107.16
107.05
107.00
107.01
107.08
107.17
107.20
107.14
106.99
106.78
106.53
106.22
105.86
105.46
105.04
104.64
104.27
103.95
103.67
103.44
103.25
103.11
103.00
102.93
102.88
102.93
103.09
103.36
103.69
104.04
104.34
104.56
104.68
104.73
104.73
104.77
104.87
105.06
105.30
105.55
105.76
105.88
105.93
105.91
105.85
105.73
105.57
105.37
105.16
104.95
104.73
104.49
104.25
104.01
103.79
103.62
103.50
103.45
103.44
103.47
103.54
103.66
103.81
103.98
104.15
104.37
104.64
104.96
105.29
105.61
105.88
106.09
106.24
106.32
106.37
106.38
106.37
106.34
106.30
106.20
106.05
105.83
105.57
105.31
105.09
104.91
104.79
104.72
104.68
104.65
104.60
104.54
104.46
104.39
104.26
104.08
103.84
103.57
103.30
103.15
103.14
103.29
103.54
103.84
104.09
104.25
104.29
104.25
104.16
104.06
103.97
103.91
103.87
103.85
103.88
103.94
104.04
104.16
104.29
104.36
104.37
104.30
104.19
104.04
103.91
103.81
103.75
103.72
103.71
103.73
103.75
103.78
103.81
103.82
103.79
103.73
103.65
103.56
103.46
103.37
103.29
103.22
103.15
103.13
103.14
103.20
103.28
103.38
103.50
103.66
103.84
104.03
104.21
104.36
104.45
104.50
104.50
104.48
104.43
104.38
104.32
104.27
104.21
104.16
104.12
104.08
104.05
104.03
104.04
104.08
104.16
104.26
104.37
104.51
104.67
104.86
105.05
105.23
105.32
105.30
105.16
104.95
104.73
104.52
104.34
104.20
104.09
104.01
103.95
103.91
103.89
103.88
103.83
103.72
103.55
103.35
103.14
102.90
102.65
102.38
102.12
101.88
101.77
101.81
102.01
102.31
102.66
103.01
103.32
103.57
103.77
103.92
103.96
103.86
103.64
103.34
103.01
102.75
102.60
102.56
102.61
102.73
102.92
103.20
103.55
103.92
104.29
104.62
104.88
105.07
105.20
105.28
105.32
105.33
105.32
105.30
105.19
104.98
104.67
104.31
103.94
103.71
103.65
103.80
104.07
104.41
104.71
104.93
105.03
105.04
105.00
104.96
104.97
105.03
105.12
105.24
105.30
105.31
105.24
105.13
104.99
104.81
104.60
104.37
104.13
103.91
103.78
103.77
103.88
104.08
104.31
104.49
104.57
104.55
104.45
104.30
104.21
104.20
104.29
104.44
104.63
104.81
104.96
105.07
105.14
105.18
105.07
104.79
104.33
103.78
103.30
102.95
102.76
102.69
102.71
102.74
102.75
102.72
102.66
102.58
102.60
102.74
103.02
103.37
103.75
104.09
104.35
104.51
104.60
104.63
104.62
104.57
104.51
104.44
104.37
104.35
104.40
104.52
104.69
104.87
105.01
105.07
105.07
105.00
104.90
104.76
104.58
104.37
104.15
103.93
103.75
103.63
103.57
103.54
103.55
103.53
103.46
103.33
103.17
102.99
102.87
102.82
102.84
102.93
102.96
102.92
102.79
102.60
102.38
102.18
102.02
101.91
101.83
101.79
101.82
101.93
102.12
102.36
102.61
102.86
103.10
103.31
103.50
103.65
103.76
103.80
103.79
103.74
103.67
103.58
103.48
103.39
103.31
103.23
103.22
103.28
103.41
103.59
103.79
103.97
104.11
104.20
104.26
104.28
104.28
104.27
104.24
104.21
104.18
104.15
104.12
104.09
104.07
104.05
104.06
104.10
104.18
104.28
104.36
104.41
104.42
104.41
104.38
104.34
104.29
104.24
104.19
104.15
104.09
104.00
103.88
103.75
103.62
103.58
103.63
103.80
104.04
104.31
104.48
104.52
104.41
104.21
103.95
103.69
103.46
103.27
103.13
103.02
102.99
103.06
103.21
103.41
103.63
103.81
103.92
103.94
103.91
103.84
103.77
103.72
103.70
103.71
103.72
103.78
103.87
103.99
104.13
104.25
104.33
104.37
104.38
104.37
104.34
104.30
104.25
104.21
104.17
104.16
104.18
104.24
104.32
104.42
104.51
104.61
104.70
104.77
104.84
104.87
104.85
104.80
104.72
104.62
104.55
104.51
104.51
104.53
104.57
104.63
104.68
104.74
104.79
104.84
104.83
104.75
104.60
104.41
104.20
103.97
103.71
103.44
103.17
102.92
102.75
102.67
102.68
102.77
102.89
103.03
103.19
103.34
103.48
103.55
103.55
103.46
103.32
103.16
103.03
102.97
102.98
103.04
103.13
103.25
103.37
103.48
103.59
103.69
103.78
103.85
103.91
103.95
103.99
104.01
104.03
104.04
104.05
104.05
104.12
104.29
104.56
104.87
105.20
105.51
105.76
105.95
106.09
106.18
106.28
106.42
106.61
106.81
107.01
107.08
106.97
106.68
106.29
105.83
105.44
105.16
105.00
104.95
104.97
105.04
105.13
105.25
105.37
105.49
105.60
105.70
105.78
105.86
105.78
105.54
105.13
104.62
104.07
103.62
103.33
103.22
103.23
103.34
103.50
103.70
103.90
104.10
104.29
104.54
104.87
105.26
105.68
106.10
106.41
106.60
106.64
106.59
106.46
106.30
106.11
105.92
105.74
105.57
105.43
105.30
105.19
105.11
105.05
104.92
104.71
104.42
104.09
103.75
103.49
103.35
103.35
103.43
103.57
103.72
103.85
103.95
104.03
104.10
104.19
104.30
104.41
104.52
104.62
104.71
104.79
104.86
104.91
104.93
104.91
104.84
104.75
104.64
104.62
104.69
104.86
105.09
105.36
105.61
105.81
105.97
106.08
106.15
106.14
106.05
105.87
105.65
105.40
105.18
105.01
104.88
104.80
104.76
104.68
104.57
104.40
104.21
104.02
103.88
103.81
103.83
103.91
104.02
104.07
104.03
103.90
103.70
103.48
103.29
103.17
103.13
103.15
103.27
103.46
103.74
104.05
104.37
104.66
104.89
105.06
105.18
105.25
105.26
105.21
105.11
104.99
104.84
104.73
104.64
104.61
104.60
104.62
104.60
104.52
104.39
104.22
104.04
103.86
103.68
103.52
103.38
103.27
103.25
103.34
103.55
103.83
104.14
104.30
104.26
104.00
103.61
103.14
102.78
102.58
102.56
102.69
102.89
103.18
103.52
103.89
104.26
104.61
104.88
105.05
105.11
105.09
105.05
105.00
104.97
104.95
104.94
104.93
104.93
104.94
104.94
104.95
104.96
104.96
104.97
104.98
104.98
104.96
104.91
104.82
104.72
104.61
104.44
104.22
103.95
103.66
103.36
103.22
103.25
103.47
103.82
104.23
104.61
104.93
105.15
105.30
105.39
105.41
105.36
105.25
105.10
104.94
104.81
104.71
104.66
104.64
104.65
104.59
104.45
104.22
103.94
103.72
103.60
103.59
103.65
103.77
103.95
104.17
104.42
104.68
104.93
105.17
105.38
105.56
105.71
105.83
105.97
106.16
106.39
106.63
106.88
107.00
106.98
106.81
106.54
106.21
105.92
105.69
105.55
105.47
105.45
105.38
105.24
105.03
104.77
104.49
104.25
104.05
103.91
103.81
103.75
103.84
104.06
104.43
104.88
105.36
105.79
106.12
106.35
106.49
106.57
106.59
106.57
106.53
106.47
106.38
106.25
106.10
105.93
105.76
105.58
105.38
105.17
104.95
104.75
104.60
104.50
104.46
104.46
104.48
104.50
104.51
104.48
104.44
104.38
104.30
104.18
104.04
103.88
103.72
103.57
103.44
103.32
103.22
103.14
103.13
103.19
103.34
103.52
103.74
103.95
104.16
104.35
104.52
104.66
104.81
104.96
105.12
105.28
105.43
105.57
105.69
105.79
105.87
105.93
105.93
105.85
105.69
105.49
105.28
105.05
104.84
104.65
104.48
104.39
104.38
104.47
104.61
104.78
104.99
105.24
105.50
105.77
106.02
106.19
106.28
106.27
106.20
106.08
105.97
105.88
105.82
105.79
105.78
105.68
105.46
105.13
104.73
104.30
103.88
103.48
103.12
102.81
102.55
102.31
102.09
101.87
101.68
101.50
101.38
101.31
101.30
101.33
101.39
101.49
101.63
101.80
101.98
102.16
102.39
102.66
102.98
103.30
103.65
104.01
104.36
104.70
105.01
105.22
105.33
105.34
105.27
105.16
105.07
105.03
105.05
105.12
105.22
105.27
105.27
105.20
105.08
104.95
104.91
104.99
105.21
105.51
105.86
106.14
106.31
106.36
106.32
106.23
106.04
105.77
105.44
105.07
104.71
104.39
104.13
103.94
103.81
103.73
103.71
103.76
103.86
103.99
104.13
104.23
104.25
104.21
104.11
103.98
103.84
103.69
103.56
103.43
103.37
103.39
103.49
103.64
103.82
103.93
103.94
103.84
103.68
103.47
103.39
103.45
103.68
104.03
104.42
104.76
105.00
105.11
105.13
105.08
105.02
104.96
104.92
104.90
104.88
104.88
104.89
104.90
104.91
104.92
104.94
104.95
104.96
104.97
104.98
104.99
104.99
105.00
105.00
105.00
104.98
104.92
104.83
104.73
104.61
104.45
104.23
103.95
103.66
103.36
103.19
103.16
103.30
103.54
103.75
103.91
103.97
103.96
103.90
103.81
103.70
103.59
103.48
103.38
103.34
103.38
103.49
103.65
103.83
104.05
104.29
104.55
104.81
105.06
105.31
105.56
105.82
106.06
106.28
106.28
106.04
105.55
104.91
104.20
103.56
103.04
102.67
102.43
102.29
102.29
102.40
102.62
102.90
103.21
103.52
103.82
104.09
104.33
104.53
104.73
104.92
105.11
105.29
105.46
105.47
105.30
104.96
104.51
104.03
103.57
103.17
102.82
102.53
102.31
102.13
102.00
101.91
101.85
101.92
102.14
102.49
102.93
103.40
103.93
104.48
105.06
105.62
106.15
106.53
106.76
106.82
106.77
106.64
106.49
106.34
106.22
106.12
106.05
105.94
105.79
105.59
105.36
105.13
104.99
104.95
105.04
105.21
105.42
105.49
105.38
105.07
104.64
104.14
103.67
103.28
103.00
102.80
102.72
102.76
102.91
103.13
103.38
103.61
103.81
103.96
104.07
104.14
104.18
104.20
104.21
104.20
104.18
104.13
104.05
103.94
103.81
103.68
103.57
103.51
103.49
103.51
103.54
103.65
103.82
104.05
104.32
104.60
104.85
105.04
105.17
105.26
105.30
105.37
105.48
105.64
105.82
106.01
106.22
106.46
106.70
106.94
107.17
107.26
107.21
107.00
106.69
106.33
105.90
105.42
104.90
104.38
103.94
103.61
103.40
103.28
103.24
103.33
103.55
103.89
104.29
104.72
105.06
105.28
105.37
105.36
105.28
105.18
105.09
105.02
104.97
104.94
104.92
104.91
104.91
104.91
104.92
104.98
105.11
105.29
105.52
105.75
105.88
105.87
105.70
105.45
105.13
104.91
104.81
104.86
105.00
105.21
105.46
105.71
105.96
106.18
106.39
106.54
106.62
106.65
106.64
106.59
106.56
106.54
106.56
106.59
106.58
106.52
106.39
106.23
106.05
105.87
105.69
105.54
105.40
105.28
105.18
105.10
105.04
104.99
104.96
104.89
104.77
104.58
104.37
104.15
103.98
103.90
103.90
103.95
104.05
104.09
104.04
103.90
103.70
103.47
103.34
103.33
103.47
103.70
103.99
104.27
104.52
104.72
104.88
104.99
105.07
105.13
105.16
105.17
105.17
105.19
105.23
105.30
105.39
105.48
105.55
105.58
105.57
105.53
105.53
105.58
105.69
105.84
106.01
106.15
106.26
106.32
106.34
106.34
106.32
106.29
106.25
106.22
106.18
106.03
105.77
105.38
104.93
104.46
104.05
103.73
103.53
103.41
103.35
103.38
103.47
103.61
103.79
103.98
104.08
104.09
103.98
103.80
103.57
103.38
103.26
103.21
103.22
103.27
103.39
103.59
103.86
104.17
104.48
104.80
105.13
105.47
105.78
106.07
106.26
106.36
106.36
106.28
106.13
105.93
105.68
105.42
105.16
104.92
104.70
104.50
104.34
104.21
104.19
104.28
104.49
104.78
105.09
105.36
105.56
105.67
105.71
105.70
105.60
105.42
105.16
104.87
104.56
104.26
103.99
103.74
103.53
103.35
103.18
103.01
102.84
102.67
102.52
102.44
102.44
102.52
102.66
102.83
103.04
103.27
103.53
103.79
104.04
104.29
104.54
104.80
105.04
105.26
105.38
105.37
105.24
105.03
104.83
104.67
104.57
104.53
104.52
104.57
104.67
104.81
104.97
105.14
105.25
105.29
105.24
105.15
105.02
104.93
104.89
104.93
105.01
105.12
105.17
105.12
104.98
104.77
104.53
104.36
104.29
104.33
104.45
104.61
104.72
104.75
104.67
104.53
104.35
104.28
104.37
104.62
104.98
105.39
105.72
105.90
105.93
105.85
105.69
105.47
105.19
104.88
104.56
104.25
103.97
103.72
103.51
103.33
103.30
103.42
103.69
104.06
104.48
104.80
104.98
105.00
104.91
104.74
104.56
104.39
104.25
104.13
104.05
104.09
104.28
104.61
105.02
105.47
105.76
105.84
105.69
105.39
105.00
104.56
104.12
103.70
103.31
102.97
102.79
102.77
102.94
103.22
103.56
103.91
104.22
104.48
104.69
104.86
105.01
105.15
105.30
105.44
105.57
105.65
105.69
105.68
105.64
105.60
105.58
105.59
105.62
105.66
105.63
105.50
105.28
105.01
104.70
104.43
104.20
104.03
103.91
103.83
103.75
103.67
103.58
103.49
103.40
103.42
103.57
103.86
104.23
104.64
105.02
105.36
105.63
105.84
105.99
106.08
106.09
106.04
105.95
105.84
105.66
105.42
105.12
104.80
104.48
104.12
103.73
103.31
102.89
102.50
102.28
102.25
102.44
102.75
103.15
103.58
104.01
104.42
104.79
105.04
105.14
105.10
104.95
104.75
104.54
104.35
104.20
104.08
104.00
103.86
103.65
103.36
103.03
102.69
102.47
102.40
102.48
102.68
102.94
103.21
103.45
103.65
103.81
103.93
103.96
103.91
103.77
103.58
103.36
103.21
103.17
103.23
103.37
103.56
103.76
103.97
104.18
104.36
104.53
104.61
104.62
104.53
104.39
104.22
104.11
104.10
104.19
104.35
104.55
104.77
104.99
105.20
105.38
105.50
105.52
105.46
105.33
105.18
105.00
104.83
104.66
104.51
104.38
104.23
104.08
103.92
103.76
103.60
103.41
103.17
102.89
102.59
102.29
102.12
102.11
102.25
102.49
102.80
103.11
103.38
103.61
103.79
103.92
104.08
104.26
104.48
104.72
104.95
105.20
105.46
105.72
105.97
106.20
106.33
106.33
106.21
106.00
105.75
105.43
105.05
104.62
104.18
103.75
103.44
103.26
103.23
103.31
103.42
103.55
103.66
103.75
103.84
103.95
104.12
104.34
104.58
104.82
105.03
105.19
105.29
105.34
105.36
105.38
105.42
105.47
105.54
105.61
105.63
105.58
105.46
105.30
105.12
104.88
104.58
104.24
103.87
103.52
103.27
103.15
103.16
103.27
103.44
103.61
103.77
103.89
103.98
104.05
104.14
104.28
104.47
104.69
104.91
105.07
105.15
105.15
105.08
104.98
104.91
104.89
104.94
105.03
105.11
105.18
105.22
105.24
105.23
105.22
105.20
105.17
105.15
105.12
105.09
105.07
105.05
105.03
105.02
105.01
105.00
105.00
104.99
104.99
104.94
104.82
104.64
104.43
104.21
104.06
104.03
104.11
104.26
104.47
104.66
104.83
104.96
105.05
105.11
105.13
105.09
105.00
104.89
104.76
104.60
104.42
104.22
104.01
103.81
103.57
103.30
102.98
102.65
102.47
102.46
102.64
102.95
103.33
103.77
104.23
104.70
105.16
105.58
105.84
105.92
105.83
105.61
105.31
105.04
104.82
104.67
104.59
104.55
104.55
104.57
104.61
104.66
104.71
104.82
104.98
105.20
105.45
105.71
105.83
105.77
105.53
105.18
104.76
104.37
104.05
103.82
103.67
103.59
103.52
103.46
103.39
103.33
103.26
103.23
103.23
103.28
103.35
103.43
103.55
103.69
103.86
104.05
104.22
104.39
104.54
104.67
104.78
104.84
104.85
104.81
104.74
104.65
104.58
104.54
104.54
104.56
104.60
104.73
104.95
105.27
105.64
106.03
106.27
106.33
106.20
105.93
105.59
105.29
105.08
104.98
104.97
105.01
105.04
105.03
104.97
104.88
104.77
104.67
104.61
104.59
104.60
104.62
104.69
104.79
104.93
105.08
105.24
105.36
105.44
105.47
105.47
105.44
105.35
105.18
104.95
104.68
104.43
104.22
104.06
103.94
103.87
103.82
103.79
103.79
103.80
103.81
103.78
103.69
103.54
103.35
103.14
103.02
102.99
103.09
103.25
103.46
103.69
103.92
104.14
104.34
104.52
104.64
104.70
104.71
104.68
104.62
104.46
104.21
103.86
103.46
103.05
102.76
102.63
102.66
102.80
103.02
103.26
103.47
103.65
103.80
103.91
104.02
104.14
104.26
104.39
104.52
104.71
104.98
105.33
105.72
106.01
106.15
106.14
106.02
105.83
105.59
105.34
105.10
104.87
104.66
104.48
104.32
104.20
104.10
104.03
104.00
104.02
104.09
104.19
104.30
104.44
104.61
104.80
105.00
105.19
105.29
105.28
105.15
104.94
104.69
104.51
104.42
104.44
104.54
104.69
104.94
105.29
105.74
106.23
106.72
107.02
107.10
106.94
106.61
106.19
105.83
105.59
105.50
105.51
105.60
105.60
105.48
105.21
104.85
104.49
104.19
103.97
103.82
103.72
103.64
103.56
103.48
103.40
103.31
103.32
103.43
103.64
103.92
104.22
104.50
104.74
104.92
105.05
105.14
105.25
105.39
105.58
105.78
105.99
106.11
106.13
106.02
105.84
105.61
105.39
105.21
105.07
104.96
104.89
104.85
104.83
104.82
104.82
104.84
104.75
104.54
104.20
103.80
103.36
103.01
102.78
102.68
102.68
102.75
102.87
103.01
103.17
103.32
103.51
103.76
104.05
104.36
104.66
104.89
105.03
105.08
105.05
104.97
104.90
104.83
104.80
104.79
104.79
104.83
104.90
105.02
105.15
105.29
105.42
105.55
105.66
105.75
105.84
105.87
105.87
105.82
105.74
105.64
105.52
105.36
105.18
104.98
104.80
104.65
104.55
104.51
104.50
104.53
104.57
104.62
104.68
104.73
104.79
104.81
104.80
104.74
104.67
104.63
104.65
104.74
104.87
105.02
105.15
105.25
105.30
105.32
105.32
105.17
104.85
104.37
103.80
103.20
102.71
102.39
102.24
102.24
102.33
102.53
102.84
103.22
103.63
104.05
104.37
104.56
104.61
104.56
104.44
104.30
104.18
104.08
104.01
103.96
103.90
103.82
103.73
103.62
103.51
103.43
103.40
103.40
103.44
103.50
103.61
103.80
104.05
104.32
104.61
104.80
104.88
104.84
104.71
104.58
104.48
104.44
104.45
104.48
104.53
104.59
104.65
104.72
104.78
104.86
104.96
105.09
105.23
105.37
105.44
105.45
105.37
105.25
105.09
104.93
104.76
104.60
104.46
104.34
104.26
104.23
104.25
104.30
104.38
104.41
104.39
104.29
104.16
104.01
103.84
103.68
103.53
103.40
103.29
103.27
103.37
103.57
103.85
104.16
104.47
104.77
105.05
105.29
105.50
105.68
105.82
105.92
106.00
106.03
106.01
105.94
105.84
105.73
105.58
105.41
105.21
105.01
104.81
104.77
104.89
105.20
105.62
106.09
106.45
106.63
106.62
106.47
106.24
105.98
105.73
105.52
105.34
105.20
105.04
104.84
104.60
104.35
104.10
103.87
103.66
103.48
103.33
103.20
103.16
103.20
103.32
103.50
103.70
103.86
103.95
103.97
103.93
103.85
103.72
103.55
103.35
103.14
102.93
102.76
102.64
102.57
102.55
102.56
102.59
102.63
102.68
102.73
102.84
103.00
103.22
103.47
103.73
103.97
104.20
104.40
104.58
104.72
104.92
105.18
105.52
105.88
106.25
106.53
106.68
106.69
106.61
106.47
106.24
105.93
105.56
105.16
104.76
104.42
104.14
103.94
103.80
103.72
103.62
103.49
103.32
103.13
102.94
102.83
102.83
102.95
103.14
103.38
103.63
103.87
104.11
104.32
104.51
104.61
104.62
104.54
104.41
104.32
104.30
104.38
104.53
104.71
104.79
104.76
104.59
104.33
104.02
103.75
103.55
103.43
103.38
103.38
103.46
103.63
103.87
104.16
104.46
104.70
104.85
104.92
104.91
104.86
104.78
104.68
104.57
104.47
104.37
104.28
104.20
104.14
104.09
104.04
103.99
103.91
103.80
103.68
103.57
103.56
103.69
103.95
104.30
104.69
104.98
105.13
105.12
105.00
104.81
104.63
104.50
104.44
104.42
104.44
104.49
104.54
104.61
104.68
104.69
104.63
104.50
104.33
104.14
104.00
103.93
103.94
104.00
104.10
104.21
104.34
104.46
104.57
104.67
104.71
104.67
104.55
104.39
104.20
103.98
103.73
103.46
103.19
102.95
102.77
102.69
102.70
102.78
102.90
103.10
103.36
103.69
104.04
104.40
104.73
105.03
105.29
105.51
105.70
105.79
105.78
105.68
105.52
105.33
105.12
104.92
104.73
104.55
104.35
104.11
103.82
103.53
103.24
103.05
102.98
103.04
103.19
103.39
103.62
103.85
104.07
104.28
104.46
104.70
105.00
105.38
105.78
106.18
106.50
106.73
106.85
106.89
106.87
106.75
106.55
106.28
105.96
105.63
105.32
105.03
104.77
104.54
104.36
104.26
104.26
104.35
104.51
104.69
104.87
105.01
105.11
105.17
105.21
105.20
105.14
105.03
104.91
104.74
104.55
104.33
104.10
103.89
103.74
103.68
103.71
103.80
103.92
104.07
104.22
104.37
104.51
104.63
104.71
104.74
104.72
104.67
104.60
104.57
104.60
104.70
104.83
104.99
105.13
105.23
105.29
105.32
105.32
105.33
105.36
105.42
105.49
105.56
105.67
105.80
105.95
106.12
106.28
106.41
106.49
106.52
106.51
106.48
106.40
106.29
106.14
105.98
105.81
105.67
105.58
105.54
105.54
105.53
105.51
105.47
105.42
105.36
105.22
104.99
104.67
104.30
103.92
103.63
103.46
103.42
103.48
103.60
103.74
103.86
103.95
104.02
104.06
104.07
104.02
103.94
103.83
103.71
103.69
103.81
104.06
104.39
104.76
105.09
105.34
105.50
105.58
105.61
105.62
105.64
105.67
105.71
105.75
105.74
105.67
105.53
105.35
105.15
104.90
104.59
104.24
103.87
103.51
103.24
103.05
102.98
102.98
103.04
103.13
103.24
103.35
103.47
103.55
103.60
103.59
103.56
103.51
103.55
103.71
104.00
104.36
104.76
105.15
105.53
105.87
106.17
106.43
106.56
106.55
106.41
106.18
105.91
105.61
105.32
105.04
104.79
104.58
104.37
104.16
103.95
103.76
103.58
103.40
103.21
103.01
102.82
102.64
102.51
102.43
102.40
102.42
102.46
102.54
102.67
102.82
103.00
103.17
103.34
103.49
103.63
103.74
103.83
103.91
103.97
104.01
104.04
104.03
103.98
103.89
103.79
103.67
103.55
103.44
103.34
103.25
103.17
103.08
102.97
102.85
102.71
102.58
102.51
102.51
102.60
102.73
102.89
103.03
103.15
103.22
103.26
103.27
103.29
103.33
103.40
103.47
103.55
103.69
103.88
104.13
104.40
104.68
104.92
105.10
105.22
105.30
105.34
105.29
105.16
104.96
104.71
104.44
104.21
104.02
103.88
103.80
103.72
103.64
103.55
103.46
103.37
103.31
103.30
103.32
103.38
103.45
103.45
103.36
103.17
102.92
102.64
102.52
102.59
102.88
103.30
103.80
104.15
104.31
104.25
104.03
103.72
103.56
103.64
103.98
104.49
105.08
105.55
105.82
105.86
105.74
105.50
105.26
105.05
104.89
104.79
104.74
104.68
104.62
104.54
104.46
104.38
104.30
104.23
104.17
104.12
104.07
104.07
104.10
104.17
104.26
104.39
104.56
104.75
104.95
105.15
105.23
105.16
104.95
104.64
104.28
103.96
103.72
103.56
103.47
103.44
103.52
103.73
104.05
104.43
104.84
105.16
105.36
105.43
105.40
105.30
105.14
104.93
104.67
104.41
104.14
103.93
103.76
103.66
103.61
103.59
103.66
103.80
104.02
104.28
104.55
104.77
104.90
104.95
104.93
104.87
104.75
104.59
104.39
104.18
103.97
103.77
103.58
103.43
103.29
103.29
103.43
103.72
104.10
104.52
104.87
105.11
105.21
105.22
105.16
105.09
105.02
104.97
104.93
104.91
104.90
104.90
104.91
104.91
104.92
104.99
105.11
105.30
105.53
105.76
105.99
106.21
106.40
106.57
106.71
106.80
106.83
106.81
106.75
106.67
106.47
106.14
105.69
105.18
104.65
104.22
103.92
103.77
103.72
103.76
103.88
104.07
104.30
104.55
104.81
105.08
105.36
105.64
105.91
106.16
106.38
106.56
106.72
106.84
106.83
106.67
106.36
105.97
105.53
105.17
104.92
104.81
104.79
104.84
104.91
104.98
105.03
105.06
105.08
105.09
105.09
105.09
105.08
105.07
105.03
104.97
104.87
104.75
104.63
104.51
104.40
104.30
104.22
104.14
104.09
104.04
104.01
103.98
103.97
104.04
104.21
104.47
104.79
105.14
105.43
105.63
105.74
105.78
105.68
105.46
105.12
104.71
104.28
103.91
103.63
103.45
103.36
103.33
103.42
103.64
103.97
104.36
104.78
105.19
105.58
105.92
106.22
106.47
106.54
106.42
106.09
105.65
105.14
104.67
104.28
103.99
103.79
103.66
103.56
103.47
103.38
103.30
103.23
103.22
103.28
103.42
103.60
103.80
104.06
104.37
104.73
105.10
105.46
105.80
106.10
106.36
106.57
106.75
106.72
106.48
106.02
105.42
104.85
104.37
104.01
103.75
103.59
103.44
103.29
103.11
102.93
102.75
102.61
102.52
102.49
102.49
102.52
102.62
102.79
103.02
103.30
103.58
103.93
104.36
104.85
105.36
105.86
106.28
106.58
106.76
106.84
106.86
106.80
106.67
106.49
106.29
106.08
105.90
105.76
105.68
105.64
105.63
105.62
105.59
105.54
105.47
105.40
105.22
104.93
104.51
104.03
103.53
103.18
103.02
103.06
103.25
103.50
103.77
104.03
104.26
104.46
104.63
104.77
104.88
104.96
105.02
104.96
104.75
104.41
103.99
103.53
103.18
102.98
102.95
103.04
103.20
103.36
103.48
103.54
103.55
103.53
103.46
103.34
103.19
103.02
102.85
102.76
102.78
102.91
103.12
103.36
103.59
103.79
103.94
104.05
104.12
104.25
104.44
104.71
105.03
105.35
105.59
105.71
105.70
105.61
105.45
105.32
105.24
105.22
105.25
105.29
105.31
105.31
105.29
105.26
105.12
104.86
104.46
104.00
103.52
103.18
103.03
103.08
103.27
103.55
103.82
104.05
104.21
104.31
104.36
104.46
104.62
104.87
105.15
105.45
105.66
105.76
105.73
105.62
105.46
105.19
104.81
104.35
103.84
103.33
102.91
102.59
102.38
102.28
102.24
102.33
102.55
102.89
103.30
103.73
104.07
104.29
104.38
104.36
104.28
104.24
104.26
104.37
104.53
104.72
104.93
105.13
105.31
105.48
105.63
105.75
105.85
105.92
105.98
105.97
105.88
105.72
105.52
105.29
105.01
104.68
104.31
103.92
103.55
103.28
103.15
103.15
103.26
103.42
103.62
103.84
104.05
104.25
104.43
104.50
104.46
104.30
104.07
103.79
103.61
103.56
103.65
103.84
104.09
104.34
104.56
104.74
104.88
104.99
105.06
105.11
105.14
105.15
105.15
105.17
105.21
105.29
105.38
105.42
105.40
105.31
105.18
105.02
104.89
104.78
104.72
104.69
104.69
104.76
104.90
105.11
105.36
105.62
105.80
105.87
105.81
105.68
105.50
105.37
105.33
105.39
105.51
105.68
105.84
105.98
106.08
106.14
106.18
106.22
106.28
106.36
106.45
106.54
106.44
106.12
105.57
104.89
104.15
103.59
103.29
103.28
103.47
103.79
104.19
104.62
105.05
105.45
105.82
106.03
106.07
105.93
105.68
105.34
104.93
104.49
104.04
103.62
103.30
103.08
102.97
102.96
103.00
103.11
103.27
103.48
103.71
103.94
104.15
104.35
104.52
104.67
104.79
104.81
104.71
104.49
104.21
103.89
103.70
103.68
103.84
104.12
104.47
104.75
104.90
104.91
104.81
104.64
104.52
104.47
104.52
104.63
104.78
104.88
104.88
104.78
104.62
104.42
104.23
104.07
103.95
103.88
103.83
103.80
103.80
103.80
103.82
103.81
103.78
103.71
103.63
103.53
103.44
103.35
103.27
103.20
103.14
103.25
103.55
104.06
104.68
105.34
105.92
106.37
106.67
106.84
106.92
106.95
106.96
106.97
106.98
106.98
106.91
106.74
106.48
106.16
105.82
105.46
105.09
104.72
104.37
104.05
103.82
103.70
103.68
103.74
103.85
103.96
104.05
104.12
104.15
104.17
104.17
104.17
104.15
104.14
104.12
104.07
103.99
103.89
103.76
103.72
103.77
103.92
104.14
104.39
104.60
104.74
104.80
104.80
104.76
104.71
104.68
104.68
104.70
104.72
104.73
104.71
104.66
104.58
104.50
104.42
104.34
104.26
104.20
104.14
104.12
104.14
104.20
104.28
104.38
104.48
104.58
104.67
104.75
104.82
104.88
104.93
104.97
105.00
105.01
105.03
105.04
105.04
105.04
105.04
105.06
105.11
105.20
105.30
105.33
105.27
105.10
104.87
104.61
104.42
104.33
104.36
104.47
104.63
104.76
104.83
104.84
104.80
104.73
104.57
104.30
103.93
103.52
103.10
102.77
102.56
102.50
102.53
102.63
102.80
103.03
103.29
103.57
103.84
104.09
104.31
104.51
104.67
104.80
104.90
104.98
105.04
105.07
105.09
105.10
105.11
105.10
105.09
105.08
105.07
105.06
105.05
105.04
105.03
105.02
105.01
105.01
105.00
105.00
105.00
105.00
105.00
105.00
105.05
105.16
105.34
105.56
105.78
105.98
106.13
106.23
106.29
106.32
106.29
106.22
106.10
105.96
105.81
105.66
105.52
105.40
105.29
105.20
105.12
105.06
105.02
104.98
104.96
104.95
104.94
104.94
104.94
104.95
104.90
104.79
104.62
104.41
104.19
104.00
103.85
103.76
103.70
103.68
103.71
103.79
103.90
104.04
104.19
104.37
104.57
104.78
105.00
105.17
105.30
105.38
105.41
105.41
105.36
105.27
105.13
104.98
104.82
104.69
104.60
104.56
104.56
104.58
104.64
104.75
104.89
105.04
105.20
105.36
105.50
105.63
105.74
105.83
105.87
105.87
105.83
105.75
105.65
105.55
105.45
105.36
105.27
105.20
105.14
105.08
105.04
105.01
104.99
104.95
104.88
104.79
104.68
104.57
104.35
104.02
103.58
103.07
102.55
102.16
101.93
101.88
101.96
102.18
102.51
102.92
103.38
103.84
104.28
104.68
105.03
105.33
105.57
105.68
105.66
105.50
105.26
104.97
104.74
104.60
104.58
104.65
104.76
104.88
104.99
105.06
105.11
105.14
105.12
105.07
104.97
104.85
104.72
104.62
104.55
104.53
104.54
104.57
104.64
104.75
104.90
105.06
105.22
105.37
105.52
105.64
105.75
105.84
105.85
105.79
105.66
105.47
105.26
105.08
104.93
104.83
104.77
104.68
104.56
104.39
104.20
104.00
103.81
103.63
103.47
103.33
103.22
103.13
103.06
103.01
102.97
102.94
102.98
103.09
103.27
103.49
103.72
103.90
104.00
104.02
103.98
103.90
103.74
103.51
103.21
102.89
102.56
102.30
102.13
102.05
102.05
102.10
102.24
102.45
102.74
103.06
103.39
103.63
103.75
103.74
103.64
103.48
103.32
103.17
103.06
102.98
102.93
102.94
103.04
103.21
103.43
103.69
103.98
104.30
104.61
104.90
105.14
105.31
105.41
105.46
105.48
105.43
105.34
105.20
105.04
104.87
104.68
104.47
104.24
104.02
103.81
103.67
103.62
103.65
103.75
103.89
103.96
103.95
103.84
103.66
103.45
103.30
103.25
103.30
103.44
103.61
103.83
104.09
104.38
104.66
104.93
105.13
105.23
105.24
105.17
105.07
104.96
104.88
104.83
104.80
104.68
104.46
104.12
103.71
103.28
102.96
102.80
102.80
102.92
103.11
103.38
103.69
104.03
104.37
104.70
105.06
105.43
105.84
106.23
106.61
106.78
106.73
106.44
106.00
105.48
105.03
104.72
104.57
104.54
104.60
104.63
104.61
104.51
104.35
104.18
104.04
103.97
103.98
104.04
104.13
104.21
104.28
104.30
104.31
104.29
104.32
104.40
104.55
104.73
104.92
105.11
105.29
105.46
105.60
105.73
105.83
105.91
105.97
106.01
106.02
105.98
105.90
105.80
105.68
105.59
105.54
105.52
105.54
105.57
105.54
105.42
105.21
104.94
104.65
104.41
104.25
104.18
104.17
104.21
104.22
104.20
104.11
104.00
103.86
103.69
103.50
103.28
103.06
102.85
102.74
102.74
102.86
103.06
103.30
103.54
103.74
103.90
104.01
104.09
104.06
103.92
103.66
103.34
102.99
102.69
102.47
102.34
102.29
102.35
102.50
102.74
103.03
103.34
103.64
103.93
104.19
104.41
104.60
104.73
104.79
104.79
104.75
104.68
104.60
104.51
104.42
104.33
104.25
104.21
104.21
104.25
104.32
104.41
104.50
104.59
104.67
104.75
104.82
104.85
104.84
104.79
104.71
104.61
104.54
104.50
104.50
104.53
104.57
104.65
104.77
104.91
105.07
105.24
105.31
105.28
105.14
104.92
104.67
104.43
104.22
104.07
103.96
103.85
103.75
103.63
103.52
103.41
103.37
103.40
103.51
103.66
103.84
103.92
103.88
103.69
103.42
103.09
102.81
102.60
102.47
102.40
102.39
102.47
102.63
102.87
103.16
103.45
103.66
103.76
103.74
103.63
103.46
103.35
103.32
103.39
103.52
103.69
103.83
103.91
103.92
103.87
103.79
103.75
103.76
103.83
103.95
104.08
104.20
104.29
104.33
104.34
104.33
104.28
104.19
104.07
103.92
103.82
103.79
103.83
103.92
104.04
104.07
103.98
103.76
103.46
103.11
102.81
102.59
102.45
102.38
102.37
102.42
102.53
102.68
102.86
103.04
103.25
103.48
103.72
103.95
104.18
104.38
104.55
104.69
104.81
104.91
105.00
105.11
105.23
105.36
105.48
105.54
105.53
105.44
105.30
105.13
105.03
105.03
105.13
105.30
105.51
105.66
105.72
105.66
105.54
105.37
105.20
105.06
104.96
104.89
104.90
104.99
105.17
105.38
105.62
105.76
105.76
105.61
105.37
105.07
104.78
104.52
104.31
104.15
104.02
103.91
103.80
103.67
103.55
103.43
103.36
103.32
103.34
103.38
103.45
103.52
103.60
103.67
103.75
103.81
103.89
103.99
104.12
104.25
104.39
104.49
104.55
104.56
104.54
104.49
104.49
104.54
104.65
104.81
104.98
105.04
104.98
104.78
104.49
104.15
103.80
103.46
103.14
102.86
102.67
102.58
102.59
102.67
102.80
102.91
102.96
102.94
102.88
102.79
102.76
102.82
102.98
103.20
103.45
103.66
103.79
103.84
103.84
103.79
103.76
103.78
103.86
103.98
104.12
104.26
104.40
104.53
104.65
104.75
104.78
104.73
104.61
104.43
104.23
104.00
103.75
103.47
103.20
102.95
102.83
102.86
103.05
103.34
103.69
104.02
104.33
104.58
104.77
104.90
104.95
104.93
104.87
104.79
104.65
104.49
104.29
104.08
103.88
103.72
103.61
103.55
103.53
103.55
103.50
103.37
103.16
102.89
102.60
102.37
102.21
102.15
102.14
102.19
102.32
102.52
102.80
103.11
103.43
103.74
104.02
104.27
104.49
104.66
104.81
104.92
105.00
105.06
105.09
105.03
104.87
104.60
104.28
103.93
103.60
103.33
103.12
102.97
102.87
102.88
103.02
103.27
103.60
103.90
104.14
104.31
104.40
104.45
104.46
104.44
104.41
104.36
104.31
104.28
104.29
104.33
104.40
104.47
104.53
104.55
104.54
104.50
104.45
104.39
104.33
104.26
104.21
104.15
104.16
104.24
104.39
104.58
104.79
104.97
105.12
105.21
105.27
105.29
105.29
105.28
105.25
105.22
105.19
105.15
105.12
105.09
105.07
105.05
105.03
105.02
105.01
105.00
104.99
104.96
104.90
104.81
104.71
104.59
104.48
104.38
104.29
104.21
104.17
104.17
104.22
104.29
104.38
104.50
104.66
104.83
105.02
105.21
105.32
105.36
105.32
105.21
105.08
104.90
104.68
104.44
104.20
103.96
103.85
103.89
104.08
104.37
104.72
104.95
105.02
104.91
104.67
104.37
104.02
103.68
103.34
103.04
102.77
102.49
102.18
101.85
101.52
101.21
101.06
101.10
101.33
101.69
102.12
102.63
103.19
103.79
104.38
104.83
105.10
105.18
105.11
104.96
104.87
104.92
105.11
105.40
105.75
106.00
106.13
106.10
105.97
105.77
105.57
105.38
105.23
105.11
105.02
104.96
104.91
104.89
104.88
104.88
104.83
104.72
104.56
104.36
104.15
103.96
103.82
103.74
103.69
103.67
103.68
103.70
103.73
103.76
103.80
103.81
103.79
103.73
103.65
103.56
103.49
103.46
103.47
103.50
103.55
103.58
103.59
103.56
103.51
103.39
103.21
102.97
102.69
102.40
102.21
102.13
102.17
102.30
102.48
102.69
102.90
103.11
103.31
103.48
103.63
103.76
103.86
103.93
103.99
104.06
104.14
104.25
104.36
104.48
104.53
104.51
104.42
104.28
104.11
103.99
103.93
103.95
104.01
104.11
104.28
104.52
104.82
105.15
105.48
105.65
105.65
105.45
105.13
104.73
104.37
104.06
103.84
103.70
103.62
103.55
103.49
103.42
103.35
103.28
103.22
103.16
103.11
103.07
103.12
103.27
103.52
103.83
104.16
104.46
104.72
104.91
105.05
105.15
105.15
105.07
104.90
104.68
104.44
104.21
104.03
103.91
103.82
103.77
103.75
103.75
103.76
103.78
103.81
103.84
103.86
103.89
103.92
103.94
103.96
103.97
103.99
103.99
104.00
103.95
103.84
103.66
103.45
103.22
103.08
103.04
103.12
103.27
103.48
103.70
103.92
104.14
104.34
104.51
104.66
104.78
104.88
104.95
104.93
104.79
104.55
104.24
103.91
103.65
103.50
103.48
103.54
103.67
103.83
104.00
104.17
104.34
104.49
104.63
104.74
104.83
104.91
104.96
104.95
104.87
104.71
104.50
104.28
104.16
104.18
104.34
104.60
104.90
105.18
105.39
105.51
105.57
105.59
105.48
105.26
104.94
104.55
104.14
103.74
103.37
103.04
102.75
102.58
102.56
102.67
102.87
103.13
103.46
103.86
104.30
104.76
105.20
105.55
105.79
105.92
105.96
105.94
105.82
105.61
105.33
105.00
104.67
104.34
104.05
103.78
103.55
103.36
103.27
103.26
103.35
103.50
103.69
103.81
103.84
103.76
103.61
103.42
103.29
103.25
103.32
103.45
103.63
103.83
104.03
104.22
104.40
104.56
104.69
104.80
104.89
104.95
105.00
104.96
104.81
104.55
104.24
103.98
103.81
103.76
103.78
103.87
103.99
104.13
104.27
104.41
104.54
104.65
104.75
104.84
104.90
104.96
104.97
104.94
104.87
104.77
104.66
104.58
104.53
104.52
104.54
104.57
104.68
104.85
105.08
105.35
105.62
105.83
105.97
106.01
105.98
105.91
105.81
105.70
105.59
105.47
105.37
105.25
105.11
104.96
104.80
104.64
104.50
104.37
104.26
104.17
104.10
104.04
104.00
103.97
103.95
104.00
104.11
104.28
104.50
104.73
104.88
104.93
104.86
104.71
104.51
104.35
104.24
104.20
104.22
104.28
104.35
104.44
104.53
104.62
104.71
104.75
104.76
104.72
104.66
104.58
104.49
104.40
104.32
104.25
104.18
104.18
104.25
104.39
104.57
104.78
104.96
105.11
105.20
105.26
105.28
105.29
105.27
105.25
105.22
105.19
105.13
105.04
104.92
104.79
104.65
104.58
104.57
104.65
104.77
104.87
104.92
104.91
104.85
104.76
104.58
104.30
103.93
103.51
103.09
102.73
102.47
102.31
102.24
102.23
102.26
102.33
102.41
102.50
102.58
102.64
102.66
102.64
102.59
102.52
102.53
102.63
102.82
103.07
103.35
103.66
103.99
104.33
104.66
104.96
105.12
105.12
104.95
104.67
104.34
104.06
103.87
103.80
103.82
103.89
104.03
104.22
104.44
104.69
104.93
105.10
105.19
105.19
105.12
105.10
105.14
105.27
105.46
105.67
105.81
105.85
105.78
105.63
105.44
105.29
105.19
105.17
105.19
105.25
105.18
104.93
104.49
103.94
103.35
102.88
102.61
102.54
102.63
102.81
103.09
103.42
103.79
104.17
104.53
104.84
105.08
105.24
105.34
105.39
105.41
105.40
105.37
105.33
105.28
105.24
105.19
105.15
105.11
105.08
105.05
105.03
105.01
105.00
105.02
105.07
105.16
105.26
105.38
105.41
105.34
105.17
104.93
104.67
104.50
104.46
104.56
104.77
105.03
105.24
105.36
105.38
105.31
105.19
105.02
104.81
104.56
104.30
104.05
103.82
103.62
103.44
103.29
103.17
103.11
103.09
103.13
103.21
103.30
103.46
103.68
103.96
104.26
104.57
104.78
104.87
104.83
104.71
104.54
104.28
103.94
103.56
103.15
102.75
102.37
102.03
101.74
101.50
101.36
101.32
101.38
101.51
101.68
101.95
102.32
102.77
103.26
103.75
104.13
104.38
104.48
104.47
104.39
104.28
104.18
104.10
104.03
103.99
104.01
104.10
104.27
104.48
104.71
104.94
105.16
105.35
105.53
105.67
105.69
105.55
105.27
104.89
104.48
104.11
103.81
103.62
103.50
103.45
103.44
103.46
103.51
103.57
103.63
103.67
103.67
103.64
103.58
103.51
103.43
103.36
103.28
103.22
103.19
103.19
103.24
103.32
103.41
103.55
103.76
104.03
104.32
104.61
104.78
104.81
104.68
104.44
104.15
103.83
103.50
103.20
102.92
102.67
102.52
102.46
102.51
102.62
102.77
102.94
103.12
103.29
103.45
103.59
103.73
103.89
104.06
104.23
104.39
104.53
104.66
104.77
104.85
104.92
105.03
105.18
105.39
105.62
105.85
106.02
106.12
106.12
106.07
105.97
105.85
105.72
105.59
105.47
105.41
105.43
105.53
105.67
105.85
106.00
106.13
106.21
106.25
106.27
106.21
106.08
105.88
105.64
105.38
105.10
104.80
104.50
104.21
103.94
103.72
103.58
103.50
103.47
103.47
103.53
103.64
103.79
103.96
104.13
104.25
104.29
104.25
104.15
104.02
103.91
103.81
103.76
103.74
103.73
103.80
103.93
104.14
104.38
104.64
104.79
104.79
104.65
104.41
104.11
103.84
103.63
103.51
103.45
103.49
103.62
103.84
104.12
104.41
104.64
104.80
104.87
104.87
104.82
104.67
104.40
104.03
103.61
103.18
102.89
102.79
102.89
103.13
103.45
103.70
103.84
103.84
103.74
103.58
103.41
103.25
103.13
103.04
102.97
102.95
102.98
103.06
103.16
103.28
103.42
103.60
103.80
104.00
104.19
104.29
104.28
104.15
103.94
103.70
103.43
103.17
102.92
102.70
102.51
102.35
102.21
102.11
102.03
102.03
102.10
102.26
102.46
102.68
102.88
103.04
103.15
103.22
103.26
103.30
103.35
103.42
103.50
103.58
103.61
103.57
103.46
103.30
103.12
103.02
103.01
103.11
103.28
103.49
103.70
103.87
103.99
104.08
104.14
104.20
104.27
104.36
104.46
104.56
104.62
104.65
104.63
104.58
104.52
104.50
104.54
104.65
104.80
104.96
105.08
105.13
105.11
105.03
104.87
104.63
104.32
103.98
103.64
103.39
103.26
103.26
103.36
103.51
103.73
103.98
104.27
104.57
104.85
105.03
105.09
105.02
104.86
104.65
104.49
104.43
104.46
104.57
104.72
104.82
104.83
104.73
104.58
104.38
104.20
104.05
103.94
103.87
103.82
103.80
103.80
103.80
103.82
103.84
103.94
104.14
104.43
104.77
105.13
105.40
105.55
105.58
105.51
105.39
105.25
105.13
105.03
104.97
104.92
104.89
104.88
104.88
104.88
104.86
104.82
104.74
104.65
104.55
104.53
104.61
104.79
105.04
105.32
105.55
105.71
105.78
105.79
105.76
105.72
105.69
105.69
105.71
105.73
105.69
105.55
105.32
105.03
104.72
104.44
104.21
104.03
103.91
103.82
103.83
103.92
104.10
104.32
104.57
104.79
104.97
105.10
105.19
105.24
105.20
105.09
104.90
104.66
104.41
104.16
103.92
103.70
103.51
103.46
103.56
103.81
104.16
104.55
104.91
105.19
105.37
105.48
105.54
105.54
105.52
105.48
105.42
105.36
105.24
105.07
104.83
104.57
104.31
104.08
103.90
103.78
103.71
103.67
103.64
103.59
103.53
103.46
103.38
103.36
103.41
103.53
103.69
103.87
104.09
104.33
104.58
104.84
105.08
105.17
105.07
104.79
104.38
103.92
103.52
103.23
103.06
102.99
103.00
103.01
102.98
102.92
102.82
102.79
102.84
103.00
103.21
103.46
103.66
103.79
103.84
103.83
103.78
103.68
103.53
103.34
103.14
102.94
102.80
102.74
102.76
102.85
102.97
103.11
103.25
103.40
103.53
103.64
103.77
103.91
104.07
104.23
104.39
104.53
104.65
104.75
104.84
104.91
104.94
104.92
104.86
104.77
104.67
104.56
104.45
104.35
104.27
104.19
104.13
104.08
104.04
104.01
103.98
104.00
104.05
104.13
104.24
104.35
104.47
104.58
104.68
104.76
104.78
104.73
104.60
104.42
104.22
104.07
103.99
103.98
104.03
104.12
104.20
104.26
104.29
104.29
104.28
104.23
104.14
104.02
103.88
103.73
103.70
103.80
104.04
104.37
104.74
105.14
105.57
105.99
106.40
106.77
107.04
107.21
107.25
107.22
107.13
107.04
106.95
106.90
106.87
106.85
106.77
106.60
106.34
106.04
105.72
105.40
105.10
104.84
104.60
104.41
104.25
104.13
104.03
103.96
103.89
103.81
103.70
103.59
103.49
103.44
103.46
103.56
103.70
103.88
104.11
104.40
104.74
105.11
105.46
105.74
105.92
106.00
106.00
105.95
105.78
105.50
105.12
104.68
104.23
103.85
103.57
103.39
103.30
103.27
103.32
103.43
103.59
103.78
103.97
104.09
104.09
103.99
103.81
103.58
103.34
103.10
102.87
102.67
102.54
102.50
102.56
102.67
102.82
102.97
103.08
103.16
103.20
103.22
103.25
103.30
103.37
103.45
103.54
103.68
103.87
104.12
104.40
104.68
104.86
104.94
104.88
104.74
104.55
104.47
104.53
104.76
105.10
105.49
105.76
105.87
105.80
105.59
105.31
105.02
104.75
104.51
104.32
104.17
104.03
103.89
103.75
103.60
103.47
103.41
103.42
103.51
103.66
103.83
103.96
104.03
104.02
103.96
103.87
103.76
103.64
103.52
103.41
103.34
103.31
103.33
103.37
103.44
103.57
103.77
104.02
104.31
104.60
104.82
104.96
105.01
104.99
104.92
104.85
104.80
104.77
104.76
104.77
104.82
104.90
105.01
105.15
105.29
105.31
105.21
104.97
104.64
104.27
103.96
103.77
103.70
103.72
103.80
103.92
104.06
104.21
104.36
104.50
104.62
104.73
104.82
104.89
104.95
104.88
104.68
104.35
103.93
103.62
103.46
103.48
103.63
103.87
104.14
104.44
104.73
105.00
105.24
105.40
105.46
105.43
105.33
105.18
105.00
104.77
104.52
104.26
104.01
103.81
103.67
103.58
103.55
103.54
103.52
103.44
103.31
103.15
102.98
102.88
102.89
103.01
103.20
103.42
103.67
103.91
104.14
104.35
104.53
104.62
104.63
104.55
104.41
104.24
104.00
103.69
103.34
102.96
102.60
102.33
102.20
102.20
102.30
102.43
102.57
102.69
102.79
102.87
102.96
103.06
103.19
103.32
103.45
103.59
103.76
103.94
104.12
104.30
104.41
104.43
104.37
104.26
104.11
103.87
103.53
103.11
102.64
102.18
101.89
101.84
102.02
102.36
102.79
103.21
103.58
103.85
104.06
104.19
104.26
104.24
104.17
104.05
103.92
103.80
103.71
103.67
103.66
103.66
103.66
103.64
103.59
103.52
103.50
103.54
103.64
103.79
103.96
104.13
104.30
104.45
104.59
104.71
104.81
104.89
104.95
104.99
105.03
104.97
104.81
104.55
104.23
103.88
103.54
103.22
102.93
102.68
102.46
102.34
102.32
102.39
102.53
102.71
102.87
103.01
103.10
103.16
103.20
103.26
103.38
103.54
103.74
103.94
104.22
104.58
105.01
105.47
105.93
106.21
106.25
106.06
105.71
105.26
104.83
104.45
104.17
103.96
103.78
103.64
103.50
103.37
103.27
103.23
103.27
103.40
103.57
103.77
103.94
104.08
104.18
104.23
104.26
104.29
104.34
104.41
104.49
104.57
104.62
104.64
104.62
104.57
104.51
104.44
104.36
104.29
104.23
104.17
104.09
103.99
103.87
103.74
103.61
103.54
103.54
103.62
103.75
103.90
104.07
104.24
104.40
104.54
104.67
104.75
104.77
104.75
104.70
104.62
104.67
104.87
105.23
105.68
106.01
106.17
106.11
105.90
105.60
105.33
105.13
105.04
105.03
105.08
105.16
105.26
105.37
105.48
105.59
105.65
105.68
105.66
105.62
105.55
105.45
105.31
105.15
104.97
104.79
104.63
104.48
104.35
104.24
104.15
104.10
104.11