263.78
263.99
264.09
264.10
264.10
264.12
264.19
264.27
264.37
264.48
264.58
264.67
264.75
264.64
264.30
263.72
263.01
262.24
261.78
261.69
262.01
262.62
263.38
264.19
264.97
265.68
266.31
266.83
267.18
267.35
267.35
267.22
267.01
266.99
267.24
267.77
268.48
269.27
269.81
270.01
269.83
269.39
268.80
268.18
267.60
267.11
266.71
266.39
266.09
265.79
265.49
265.20
264.93
264.85
264.99
265.36
265.87
266.44
267.03
267.61
268.14
268.61
268.96
269.18
269.27
269.27
269.20
269.09
268.95
268.80
268.66
268.52
268.15
267.53
266.64
265.60
264.52
263.71
263.26
263.19
263.40
263.79
264.16
264.42
264.53
264.52
264.43
264.38
264.39
264.48
264.62
264.80
264.72
264.33
263.61
262.70
261.71
261.11
261.01
261.48
262.32
263.37
264.38
265.24
265.88
266.34
266.64
266.90
267.16
267.43
267.71
268.11
268.63
269.29
270.00
270.71
271.17
271.33
271.15
270.75
270.22
269.43
268.42
267.20
265.91
264.64
263.69
263.13
263.00
263.17
263.55
264.01
264.45
264.85
265.19
265.47
265.62
265.62
265.48
265.25
264.97
264.80
264.79
264.95
265.23
265.57
265.75
265.72
265.44
265.01
264.50
263.95
263.41
262.90
262.44
262.04
261.73
261.52
261.39
261.34
261.34
261.50
261.85
262.36
262.97
263.53
263.99
264.32
264.52
264.64
264.67
264.60
264.48
264.31
264.12
264.01
264.00
264.10
264.27
264.48
264.76
265.11
265.50
265.92
266.31
266.66
266.93
267.13
267.25
267.33
267.34
267.29
267.19
267.05
266.90
266.69
266.43
266.11
265.78
265.45
265.28
265.29
265.49
265.82
266.23
266.55
266.75
266.79
266.73
266.59
266.46
266.37
266.35
266.36
266.41
266.34
266.12
265.75
265.29
264.90
264.63
264.52
264.51
264.59
264.80
265.13
265.57
266.06
266.56
267.02
267.40
267.70
267.93
268.09
268.10
267.93
267.61
267.19
266.72
266.20
265.63
265.04
264.46
263.93
263.50
263.21
263.04
262.97
262.98
263.07
263.22
263.42
263.65
263.88
264.15
264.47
264.83
265.20
265.55
265.90
266.25
266.58
266.89
267.17
267.17
266.85
266.21
265.37
264.45
263.64
263.03
262.65
262.46
262.19
261.78
261.18
260.49
259.76
259.34
259.31
259.70
260.37
261.19
262.07
262.95
263.79
264.55
265.21
265.69
265.97
266.07
266.02
265.89
265.79
265.79
265.91
266.11
266.34
266.57
266.77
266.92
267.03
267.10
267.20
267.34
267.53
267.74
267.95
268.08
268.10
268.00
267.82
267.60
267.36
267.12
266.89
266.68
266.50
266.24
265.88
265.42
264.92
264.52
264.26
264.18
264.21
264.33
264.37
264.29
264.05
263.73
263.35
263.01
262.75
262.58
262.48
262.44
262.42
262.39
262.35
262.30
262.26
262.37
262.67
263.16
263.77
264.42
265.09
265.76
266.40
266.99
267.51
267.90
268.15
268.27
268.28
268.22
268.01
267.64
267.14
266.57
265.97
265.27
264.45
263.53
262.59
261.69
261.02
260.63
260.53
260.65
260.92
261.27
261.66
262.06
262.44
262.87
263.36
263.89
264.43
264.95
265.47
266.00
266.53
267.04
267.49
267.79
267.90
267.82
267.62
267.34
266.93
266.42
265.83
265.21
264.61
264.15
263.88
263.80
263.86
264.02
264.29
264.65
265.08
265.54
265.99
266.28
266.38
266.27
266.01
265.67
265.43
265.32
265.39
265.58
265.85
266.14
266.45
266.75
267.03
267.27
267.40
267.41
267.28
267.07
266.81
266.56
266.34
266.17
266.04
265.97
265.97
266.02
266.11
266.22
266.07
265.61
264.84
263.87
262.83
262.13
261.89
262.16
262.76
263.57
264.30
264.83
265.10
265.18
265.12
265.02
264.92
264.86
264.82
264.80
264.88
265.06
265.35
265.69
266.05
266.52
267.08
267.74
268.43
269.10
269.60
269.87
269.91
269.78
269.54
269.24
268.91
268.57
268.25
267.96
267.55
266.99
266.27
265.49
264.70
264.22
264.11
264.40
264.96
265.46
265.78
265.86
265.77
265.55
265.37
265.28
265.30
265.41
265.57
265.84
266.21
266.68
267.18
267.68
267.92
267.83
267.41
266.77
266.01
265.40
265.02
264.91
265.00
265.22
265.39
265.45
265.36
265.17
264.92
264.65
264.36
264.09
263.85
263.63
263.44
263.28
263.16
263.07
263.00
263.19
263.67
264.46
265.41
266.43
267.26
267.81
268.04
268.05
268.07
268.21
268.51
268.90
269.34
269.69
269.89
269.94
269.86
269.71
269.41
268.96
268.38
267.74
267.09
266.58
266.24
266.10
266.10
266.20
266.21
266.07
265.76
265.33
264.86
264.40
263.99
263.65
263.38
263.17
263.06
263.07
263.17
263.35
263.55
263.83
264.17
264.56
264.96
265.35
265.71
266.03
266.31
266.54
266.73
266.90
267.07
267.23
267.39
267.53
267.63
267.68
267.68
267.64
267.45
267.09
266.56
265.95
265.31
265.06
265.28
266.01
267.05
268.26
269.07
269.33
268.95
268.16
267.11
266.03
265.01
264.14
263.41
262.83
262.40
262.12
261.97
261.92
261.94
262.15
262.54
263.10
263.76
264.45
265.04
265.49
265.78
265.95
266.01
266.08
266.19
266.37
266.58
266.80
266.89
266.81
266.55
266.18
265.75
265.43
265.28
265.32
265.49
265.75
265.94
266.02
265.97
265.83
265.69
265.58
265.53
265.51
265.53
265.46
265.28
264.98
264.61
264.21
263.89
263.69
263.61
263.64
263.73
264.02
264.51
265.21
266.01
266.83
267.50
267.95
268.17
268.20
268.11
267.85
267.45
266.93
266.36
265.78
265.14
264.46
263.75
263.04
262.39
261.96
261.80
261.91
262.21
262.62
262.95
263.15
263.17
263.07
262.89
262.69
262.50
262.34
262.21
262.11
262.08
262.14
262.28
262.47
262.74
263.08
263.47
263.88
264.28
264.57
264.73
264.75
264.67
264.53
264.37
264.23
264.12
264.03
263.97
263.93
263.90
263.89
263.89
263.89
263.85
263.74
263.58
263.38
263.16
263.08
263.17
263.44
263.81
264.25
264.57
264.72
264.68
264.51
264.26
264.04
263.90
263.86
263.89
263.97
264.06
264.13
264.17
264.19
264.20
264.16
264.09
263.98
263.85
263.72
263.74
263.96
264.38
264.93
265.50
266.05
266.54
266.96
267.31
267.46
267.39
267.11
266.69
266.20
265.69
265.18
264.71
264.29
263.93
263.57
263.21
262.84
262.48
262.15
261.96
261.94
262.09
262.35
262.67
262.97
263.21
263.36
263.45
263.49
263.41
263.21
262.90
262.53
262.13
261.88
261.79
261.91
262.15
262.48
262.92
263.46
264.08
264.73
265.36
265.88
266.29
266.55
266.71
266.78
266.58
266.08
265.30
264.37
263.48
262.72
262.15
261.75
261.48
261.34
261.32
261.40
261.54
261.71
262.06
262.60
263.32
264.13
264.95
265.69
266.31
266.78
267.12
267.35
267.44
267.40
267.25
267.02
266.75
266.49
266.27
266.11
265.98
265.90
265.87
265.90
265.98
266.09
266.21
266.45
266.80
267.28
267.81
268.35
268.71
268.85
268.74
268.46
268.08
267.57
266.95
266.26
265.54
264.99
264.64
264.52
264.57
264.73
264.97
265.24
265.53
265.81
266.07
266.19
266.16
265.97
265.68
265.33
265.07
264.94
264.95
265.07
265.26
265.51
265.81
266.13
266.46
266.77
266.95
266.97
266.82
266.57
266.26
266.00
265.83
265.77
265.80
265.88
266.00
266.13
266.28
266.41
266.54
266.76
267.09
267.53
268.02
268.53
268.99
269.38
269.68
269.91
270.08
270.14
270.09
269.95
269.74
269.51
269.26
269.02
268.80
268.60
268.45
268.37
268.34
268.36
268.40
268.23
267.79
267.06
266.17
265.22
264.62
264.48
264.83
265.52
266.39
267.12
267.59
267.72
267.62
267.35
266.98
266.57
266.14
265.72
265.34
265.13
265.13
265.33
265.67
266.09
266.40
266.56
266.53
266.38
266.14
266.00
265.99
266.14
266.41
266.73
266.94
267.00
266.88
266.64
266.34
265.89
265.31
264.63
263.90
263.23
262.67
262.25
261.93
261.72
261.58
261.51
261.48
261.49
261.53
261.71
262.05
262.56
263.15
263.77
264.27
264.61
264.76
264.77
264.68
264.72
264.93
265.35
265.90
266.50
266.97
267.26
267.35
267.28
267.12
266.83
266.45
266.00
265.53
265.06
264.70
264.48
264.41
264.44
264.55
264.75
265.04
265.41
265.80
266.19
266.43
266.48
266.33
266.05
265.68
265.29
264.89
264.51
264.16
263.88
263.68
263.55
263.49
263.47
263.54
263.69
263.93
264.20
264.49
264.77
265.03
265.27
265.47
265.64
265.76
265.81
265.80
265.75
265.68
265.46
265.08
264.54
263.92
263.28
262.78
262.49
262.42
262.51
262.70
262.91
263.08
263.20
263.27
263.31
263.27
263.14
262.94
262.69
262.43
262.36
262.51
262.92
263.47
264.10
264.80
265.55
266.31
267.04
267.55
267.79
267.77
267.54
267.20
266.76
266.26
265.74
265.23
264.75
264.43
264.29
264.33
264.51
264.76
265.04
265.29
265.51
265.69
265.83
265.72
265.34
264.68
263.87
262.98
262.30
261.92
261.87
262.06
262.40
262.80
263.22
263.60
263.95
264.25
264.55
264.86
265.20
265.53
265.84
265.96
265.86
265.53
265.06
264.51
264.15
264.05
264.25
264.64
265.14
265.54
265.77
265.78
265.64
265.51
265.44
265.47
265.58
265.73
265.85
265.92
265.91
265.86
265.78
265.71
265.66
265.64
265.65
265.68
265.71
265.75
265.79
265.83
265.87
265.93
266.01
266.13
266.25
266.38
266.48
266.53
266.54
266.52
266.48
266.39
266.28
266.12
265.96
265.79
265.66
265.57
265.53
265.53
265.55
265.59
265.64
265.70
265.75
265.80
265.72
265.47
265.06
264.55
264.01
263.68
263.63
263.88
264.33
264.92
265.59
266.30
266.99
267.64
268.22
268.72
269.14
269.48
269.75
269.76
269.50
268.97
268.28
267.52
266.82
266.25
265.83
265.55
265.38
265.26
265.18
265.11
265.06
265.02
265.05
265.14
265.31
265.51
265.74
265.83
265.75
265.50
265.14
264.71
264.54
264.68
265.17
265.88
266.71
267.22
267.31
266.94
266.25
265.38
264.48
263.64
262.91
262.29
261.79
261.72
262.11
262.97
264.11
265.27
266.34
267.23
267.95
268.51
268.93
269.23
269.42
269.54
269.59
269.38
268.89
268.13
267.21
266.24
265.41
264.79
264.43
264.25
264.22
264.25
264.27
264.28
264.27
264.25
264.27
264.35
264.50
264.68
264.88
265.13
265.44
265.79
266.15
266.50
266.62
266.45
265.99
265.34
264.61
264.09
263.86
263.98
264.33
264.83
265.42
266.07
266.74
267.38
267.97
268.38
268.60
268.61
268.48
268.26
267.98
267.68
267.38
267.09
266.78
266.44
266.07
265.71
265.36
265.06
264.84
264.70
264.61
264.57
264.54
264.50
264.45
264.39
264.32
264.34
264.46
264.67
264.95
265.25
265.42
265.43
265.25
264.95
264.58
264.35
264.30
264.46
264.76
265.15
265.49
265.74
265.88
265.93
265.92
265.78
265.52
265.15
264.72
264.28
263.84
263.44
263.08
262.77
262.51
262.30
262.14
262.02
261.94
261.90
261.93
262.00
262.11
262.23
262.52
262.98
263.63
264.37
265.14
265.91
266.66
267.36
267.99
268.54
268.95
269.21
269.33
269.35
269.28
269.14
268.95
268.70
268.44
268.18
267.80
267.29
266.65
265.96
265.26
264.78
264.58
264.67
264.97
265.39
265.83
266.22
266.54
266.79
266.97
267.19
267.44
267.76
268.10
268.45
268.63
268.64
268.45
268.13
267.71
267.24
266.73
266.23
265.76
265.41
265.22
265.17
265.24
265.38
265.57
265.78
265.99
266.19
266.37
266.56
266.76
266.96
267.16
267.34
267.48
267.57
267.59
267.58
267.54
267.57
267.67
267.87
268.12
268.40
268.52
268.44
268.15
267.73
267.23
266.84
266.62
266.59
266.70
266.90
267.09
267.25
267.35
267.40
267.42
267.33
267.12
266.81
266.45
266.06
265.70
265.40
265.17
265.00
264.72
264.30
263.72
263.06
262.38
261.81
261.37
261.10
260.96
260.92
260.97
261.10
261.30
261.53
261.76
262.00
262.21
262.41
262.58
262.72
262.86
263.00
263.16
263.31
263.46
263.67
263.95
264.32
264.71
265.11
265.44
265.68
265.80
265.85
265.84
265.81
265.79
265.78
265.79
265.81
265.88
266.02
266.23
266.46
266.71
267.06
267.52
268.08
268.68
269.28
269.79
270.19
270.45
270.62
270.70
270.72
270.69
270.64
270.57
270.30
269.82
269.11
268.29
267.43
266.70
266.15
265.81
265.64
265.59
265.58
265.56
265.52
265.47
265.40
265.36
265.36
265.39
265.44
265.51
265.58
265.65
265.72
265.79
265.84
266.03
266.35
266.83
267.39
267.97
268.22
268.06
267.47
266.60
265.58
264.57
263.65
262.86
262.21
261.68
261.31
261.07
260.95
260.92
261.01
261.21
261.50
261.83
262.19
262.47
262.68
262.79
262.82
262.80
262.79
262.83
262.92
263.04
263.17
263.34
263.53
263.74
263.96
264.16
264.41
264.69
265.01
265.34
265.66
265.85
265.89
265.76
265.52
265.22
264.81
264.30
263.72
263.11
262.52
262.21
262.24
262.62
263.22
263.96
264.53
264.85
264.86
264.67
264.34
264.01
263.73
263.56
263.46
263.42
263.47
263.62
263.85
264.13
264.37
264.54
264.64
264.67
264.66
264.64
264.63
264.65
264.68
264.71
264.81
264.97
265.19
265.44
265.69
265.89
266.01
266.04
266.00
265.92
265.95
266.12
266.45
266.87
267.33
267.53
267.40
266.91
266.20
265.37
264.53
263.74
263.04
262.44
261.94
261.67
261.65
261.87
262.24
262.70
263.15
263.54
263.83
264.05
264.20
264.32
264.42
264.53
264.63
264.72
264.77
264.78
264.74
264.68
264.60
264.51
264.42
264.33
264.25
264.19
264.13
264.08
264.04
264.02
264.00
263.98
263.97
263.97
263.97
264.05
264.22
264.49
264.82
265.16
265.55
265.98
266.45
266.91
267.35
267.55
267.49
267.16
266.65
266.04
265.43
264.86
264.35
263.93
263.58
263.47
263.61
263.99
264.53
265.14
265.51
265.56
265.24
264.68
263.99
263.50
263.32
263.50
263.92
264.48
265.07
265.60
266.06
266.42
266.63
266.68
266.57
266.35
266.08
265.98
266.14
266.55
267.14
267.81
268.21
268.25
267.89
267.27
266.50
265.80
265.26
264.91
264.73
264.67
264.62
264.54
264.40
264.22
264.04
263.88
263.76
263.69
263.66
263.65
263.75
263.95
264.25
264.61
264.99
265.18
265.13
264.81
264.34
263.77
263.28
262.93
262.73
262.66
262.69
262.77
262.90
263.05
263.20
263.35
263.55
263.79
264.07
264.38
264.54
264.54
264.34
264.03
263.65
263.40
263.34
263.49
263.78
264.16
264.66
265.25
265.92
266.61
267.27
267.70
267.83
267.67
267.31
266.83
266.31
265.81
265.36
264.98
264.65
264.34
264.02
263.69
263.37
263.07
262.91
262.91
263.07
263.34
263.68
264.01
264.31
264.55
264.75
264.90
265.14
265.51
266.00
266.56
267.14
267.48
267.54
267.28
266.82
266.34
265.94
265.66
265.48
265.38
265.29
265.19
265.05
264.90
264.75
264.54
264.29
264.00
263.68
263.37
263.29
263.49
263.97
264.64
265.39
266.08
266.66
267.08
267.37
267.55
267.52
267.27
266.81
266.23
265.60
265.02
264.53
264.16
263.89
263.71
263.62
263.62
263.70
263.82
263.97
264.26
264.70
265.30
265.97
266.65
267.31
267.91
268.45
268.91
269.29
269.24
268.73
267.75
266.48
265.30
264.35
263.72
263.35
263.17
263.26
263.57
264.08
264.70
265.36
265.97
266.47
266.86
267.13
267.32
267.30
267.07
266.64
266.09
265.48
264.87
264.29
263.76
263.30
262.90
262.60
262.40
262.29
262.25
262.27
262.47
262.89
263.51
264.23
265.00
265.67
266.19
266.55
266.77
266.89
266.92
266.89
266.83
266.74
266.63
266.50
266.34
266.16
265.97
265.78
265.64
265.54
265.50
265.50
265.65
265.98
266.48
267.07
267.70
268.13
268.30
268.19
267.89
267.47
267.21
267.17
267.40
267.81
268.32
268.61
268.59
268.22
267.64
266.92
266.11
265.23
264.34
263.49
262.70
262.24
262.17
262.48
263.04
263.76
264.57
265.41
266.25
267.03
267.74
268.31
268.71
268.96
269.08
269.11
268.91
268.48
267.83
267.07
266.26
265.57
265.06
264.75
264.60
264.57
264.55
264.49
264.37
264.21
264.14
264.19
264.38
264.65
264.96
265.24
265.45
265.57
265.62
265.63
265.49
265.21
264.79
264.29
263.76
263.38
263.19
263.20
263.36
263.61
263.86
264.07
264.22
264.31
264.35
264.34
264.27
264.16
264.01
263.86
263.76
263.73
263.77
263.87
264.00
264.09
264.12
264.09
264.00
263.89
263.76
263.63
263.51
263.39
263.29
263.37
263.64
264.12
264.71
265.36
265.85
266.12
266.14
265.99
265.80
265.64
265.55
265.51
265.50
265.61
265.82
266.14
266.52
266.92
267.04
266.83
266.26
265.48
264.58
263.68
262.84
262.10
261.47
260.95
260.53
260.21
259.98
259.81
259.71
259.76
259.96
260.33
260.78
261.26
261.83
262.46
263.15
263.84
264.49
264.92
265.09
264.99
264.71
264.31
263.97
263.72
263.62
263.63
263.70
263.72
263.64
263.44
263.17
262.86
262.71
262.75
263.01
263.40
263.74
263.95
263.99
263.91
263.75
263.71
263.83
264.14
264.56
265.04
265.61
266.26
266.97
267.68
268.36
268.87
269.18
269.28
269.23
269.07
268.83
268.52
268.16
267.80
267.45
267.24
267.18
267.29
267.51
267.80
267.99
268.02
267.89
267.64
267.32
266.95
266.55
266.13
265.72
265.34
265.06
264.88
264.82
264.84
264.91
264.92
264.82
264.60
264.30
264.03
263.81
263.66
263.58
263.54
263.65
263.90
264.30
264.77
265.28
265.83
266.42
267.02
267.60
268.13
268.45
268.51
268.31
267.94
267.48
267.01
266.61
266.29
266.06
265.89
265.78
265.71
265.68
265.67
265.69
265.53
265.16
264.57
263.86
263.11
262.52
262.16
262.06
262.14
262.36
262.46
262.39
262.10
261.68
261.19
260.81
260.60
260.57
260.69
260.89
261.28
261.84
262.57
263.37
264.17
264.94
265.65
266.27
266.79
267.09
267.15
266.97
266.63
266.20
265.67
265.08
264.45
263.82
263.23
262.80
262.57
262.53
262.64
262.84
263.10
263.38
263.66
263.93
264.18
264.48
264.83
265.25
265.69
266.12
266.39
266.47
266.33
266.06
265.71
265.37
265.09
264.88
264.74
264.66
264.73
264.95
265.32
265.78
266.27
266.63
266.81
266.78
266.61
266.36
266.08
265.81
265.58
265.39
265.18
264.94
264.67
264.40
264.13
263.96
263.91
263.98
264.15
264.36
264.68
265.09
265.59
266.12
266.65
267.06
267.33
267.46
267.46
267.39
267.29
267.19
267.11
267.05
267.01
267.00
267.04
267.11
267.21
267.33
267.42
267.47
267.48
267.46
267.43
267.46
267.58
267.79
268.06
268.35
268.48
268.41
268.13
267.71
267.22
266.76
266.36
266.07
265.86
265.72
265.66
265.68
265.77
265.89
266.04
266.19
266.34
266.48
266.61
266.67
266.64
266.54
266.38
266.20
265.98
265.74
265.47
265.21
264.96
264.65
264.28
263.85
263.39
262.94
262.71
262.74
263.04
263.51
264.09
264.70
265.30
265.87
266.38
266.83
267.20
267.51
267.75
267.93
268.06
268.07
267.95
267.71
267.40
267.05
266.83
266.78
266.91
267.18
267.51
267.71
267.74
267.56
267.24
266.85
266.50
266.24
266.10
266.05
265.93
265.71
265.35
264.92
264.46
264.04
263.67
263.38
263.15
262.99
262.92
262.97
263.10
263.30
263.53
263.74
263.92
264.05
264.13
264.19
264.32
264.56
264.91
265.32
265.75
266.04
266.15
266.05
265.82
265.51
265.29
265.22
265.31
265.53
265.80
266.01
266.10
266.05
265.91
265.71
265.55
265.48
265.52
265.62
265.76
265.85
265.85
265.76
265.59
265.39
265.15
264.88
264.59
264.31
264.11
264.04
264.09
264.23
264.42
264.64
264.87
265.09
265.29
265.47
265.68
265.92
266.20
266.49
266.78
266.91
266.86
266.62
266.26
265.83
265.43
265.10
264.87
264.71
264.61
264.54
264.47
264.40
264.33
264.26
264.20
264.15
264.10
264.06
264.03
263.93
263.74
263.46
263.14
262.79
262.62
262.65
262.90
263.30
263.77
264.04
264.02
263.69
263.15
262.69
262.39
262.32
262.42
262.62
262.97
263.45
264.02
264.64
265.25
265.72
266.01
266.11
266.06
265.92
265.58
265.06
264.37
263.60
262.82
262.28
262.04
262.15
262.48
262.95
263.52
264.15
264.80
265.42
266.00
266.56
267.11
267.65
268.16
268.61
268.98
269.25
269.42
269.52
269.57
269.59
269.62
269.66
269.70
269.75
269.67
269.42
269.02
268.52
267.98
267.33
266.60
265.78
264.96
264.38
264.11
264.19
264.50
264.96
265.50
266.06
266.61
267.13
267.59
267.98
268.32
268.59
268.80
268.96
268.97
268.81
268.50
268.09
267.65
267.27
267.00
266.87
266.84
266.88
267.02
267.25
267.56
267.91
268.26
268.39
268.24
267.81
267.19
266.49
265.72
264.95
264.19
263.50
262.87
262.36
261.97
261.70
261.53
261.43
261.50
261.73
262.13
262.61
263.13
263.54
263.80
263.88
263.84
263.80
263.79
263.85
263.95
264.08
264.24
264.44
264.66
264.89
265.11
265.41
265.82
266.33
266.88
267.44
267.88
268.19
268.34
268.37
268.32
268.14
267.82
267.40
266.92
266.43
266.15
266.11
266.35
266.76
267.28
267.60
267.64
267.38
266.90
266.30
265.68
265.09
264.56
264.11
263.74
263.46
263.28
263.19
263.18
263.21
263.33
263.52
263.80
264.10
264.42
264.60
264.59
264.40
264.08
263.85
263.78
263.90
264.15
264.48
264.74
264.88
264.88
264.78
264.61
264.52
264.53
264.67
264.89
265.16
265.39
265.56
265.65
265.68
265.66
265.67
265.72
265.82
265.95
266.10
266.23
266.32
266.37
266.38
266.37
266.29
266.13
265.91
265.66
265.39
265.07
264.71
264.32
263.91
263.53
263.21
262.96
262.78
262.67
262.61
262.70
262.93
263.32
263.78
264.28
264.88
265.58
266.35
267.15
267.61
267.68
267.32
266.67
265.86
265.09
264.44
263.96
263.62
263.41
263.34
263.41
263.60
263.86
264.15
264.38
264.50
264.51
264.44
264.31
264.12
263.89
263.62
263.35
263.09
262.85
262.63
262.45
262.30
262.17
262.02
261.84
261.61
261.36
261.12
260.97
260.93
261.01
261.18
261.39
261.60
261.78
261.92
262.02
262.09
262.24
262.50
262.86
263.28
263.78
264.32
264.90
265.48
266.01
266.52
266.99
267.43
267.83
268.16
268.26
268.08
267.64
267.02
266.32
265.81
265.58
265.64
265.93
266.34
266.64
266.75
266.62
266.34
265.97
265.68
265.54
265.57
265.72
265.94
266.24
266.58
266.95
267.32
267.67
267.79
267.67
267.28
266.72
266.08
265.33
264.51
263.64
262.78
261.97
261.41
261.13
261.14
261.35
261.70
262.14
262.64
263.18
263.70
264.27
264.88
265.53
266.17
266.77
267.37
267.95
268.52
269.05
269.53
269.76
269.70
269.36
268.83
268.20
267.67
267.30
267.14
267.12
267.21
267.18
266.97
266.57
266.03
265.45
264.96
264.62
264.45
264.42
264.48
264.58
264.68
264.77
264.85
264.91
264.98
265.08
265.19
265.31
265.44
265.66
266.00
266.44
266.95
267.47
267.78
267.83
267.61
267.21
266.71
266.37
266.27
266.46
266.83
267.39
268.10
268.91
269.75
270.57
271.06
271.16
270.84
270.26
269.51
268.86
268.38
268.13
268.05
268.11
268.11
268.01
267.78
267.48
267.13
266.79
266.51
266.28
266.10
265.97
265.75
265.41
264.93
264.39
263.83
263.28
262.78
262.33
261.94
261.62
261.58
261.84
262.40
263.15
263.99
264.92
265.91
266.94
267.92
268.83
269.53
269.99
270.21
270.24
270.15
269.99
269.82
269.65
269.50
269.39
269.34
269.33
269.37
269.42
269.28
268.90
268.26
267.48
266.64
265.94
265.43
265.17
265.08
265.11
265.11
265.01
264.77
264.46
264.11
263.83
263.66
263.61
263.65
263.75
263.94
264.21
264.55
264.92
265.29
265.64
265.96
266.23
266.47
266.66
266.77
266.77
266.68
266.52
266.33
266.31
266.51
266.95
267.52
268.16
268.87
269.61
270.37
271.09
271.75
271.86
271.32
270.13
268.54
266.99
265.68
264.73
264.07
263.67
263.50
263.55
263.77
264.09
264.47
264.58
264.35
263.74
262.90
261.94
261.16
260.66
260.49
260.56
260.79
261.07
261.34
261.57
261.75
261.89
261.92
261.82
261.60
261.30
260.98
260.83
260.91
261.23
261.72
262.29
262.96
263.72
264.53
265.34
266.10
266.55
266.64
266.34
265.79
265.10
264.42
263.83
263.37
263.03
262.79
262.82
263.13
263.72
264.46
265.31
266.19
267.07
267.89
268.63
269.07
269.16
268.89
268.38
267.74
267.07
266.42
265.83
265.33
264.90
264.79
265.03
265.63
266.44
267.36
268.04
268.38
268.33
268.01
267.52
267.04
266.65
266.39
266.25
266.18
265.94
265.47
264.74
263.87
262.94
262.14
261.51
261.10
260.86
260.75
261.04
261.73
262.82
264.12
265.51
266.65
267.42
267.78
267.83
267.66
267.40
267.11
266.86
266.63
266.52
266.53
266.67
266.89
267.16
267.26
267.15
266.79
266.28
265.70
265.17
264.75
264.47
264.30
264.22
264.24
264.32
264.48
264.66
264.87
265.07
265.26
265.44
265.59
265.72
265.82
265.91
265.97
266.01
266.05
265.99
265.82
265.56
265.24
264.89
264.58
264.31
264.11
263.96
263.86
263.93
264.18
264.62
265.16
265.74
266.24
266.62
266.85
266.97
267.00
266.89
266.64
266.28
265.84
265.41
265.03
264.70
264.43
264.22
264.12
264.12
264.22
264.38
264.58
264.75
264.85
264.88
264.85
264.78
264.69
264.60
264.50
264.40
264.31
264.20
264.08
263.93
263.78
263.63
263.55
263.54
263.61
263.74
263.89
264.11
264.40
264.73
265.09
265.44
265.75
265.99
266.16
266.27
266.33
266.35
266.35
266.34
266.30
266.27
266.12
265.85
265.45
264.99
264.51
264.01
263.51
263.03
262.58
262.34
262.35
262.60
263.01
263.51
263.99
264.41
264.74
264.98
265.15
265.29
265.41
265.53
265.64
265.73
265.73
265.62
265.41
265.13
264.82
264.59
264.46
264.45
264.53
264.66
264.83
265.00
265.18
265.35
265.50
265.74
266.09
266.54
267.04
267.54
267.93
268.14
268.18
268.09
267.92
267.66
267.36
267.02
266.67
266.34
266.04
265.77
265.54
265.35
265.20
265.08
264.99
264.93
264.90
264.85
264.78
264.69
264.60
264.49
264.29
263.97
263.54
263.04
262.53
262.12
261.84
261.70
261.68
261.73
262.02
262.56
263.33
264.23
265.17
265.98
266.60
267.00
267.23
267.33
267.40
267.50
267.65
267.83
268.01
268.12
268.12
268.00
267.82
267.59
267.42
267.35
267.39
267.50
267.66
267.74
267.70
267.53
267.27
266.97
266.65
266.35
266.06
265.80
265.57
265.39
265.23
265.11
265.02
265.12
265.42
265.93
266.56
267.24
267.83
268.30
268.61
268.80
268.88
268.79
268.52
268.09
267.57
267.02
266.49
266.03
265.66
265.36
265.13
265.01
265.01
265.12
265.29
265.51
265.60
265.54
265.31
264.98
264.58
264.22
263.92
263.72
263.60
263.53
263.72
264.19
264.94
265.84
266.80
267.56
268.06
268.24
268.19
267.99
267.71
267.42
267.13
266.87
266.62
266.36
266.11
265.88
265.67
265.51
265.41
265.38
265.38
265.42
265.40
265.30
265.10
264.85
264.58
264.25
263.87
263.45
263.03
262.62
262.44
262.51
262.86
263.38
263.98
264.55
265.00
265.33
265.53
265.65
265.72
265.78
265.83
265.87
265.91
265.83
265.63
265.29
264.88
264.44
264.08
263.83
263.72
263.72
263.78
263.92
264.11
264.35
264.60
264.85
265.31
265.98
266.88
267.89
268.69
269.17
269.28
269.13
268.81
268.43
268.06
267.75
267.49
267.28
267.09
266.91
266.74
266.58
266.44
266.23
265.96
265.61
265.22
264.83
264.49
264.21
264.00
263.85
263.76
263.68
263.60
263.51
263.42
263.34
263.37
263.53
263.83
264.21
264.62
264.93
265.10
265.11
265.00
264.81
264.67
264.60
264.62
264.72
264.85
265.03
265.25
265.50
265.75
265.99
266.30
266.67
267.11
267.57
267.86
267.94
267.79
267.48
267.07
266.57
266.00
265.39
264.78
264.20
263.82
263.65
263.71
263.93
264.24
264.48
264.58
264.51
264.33
264.08
263.82
263.58
263.38
263.22
263.10
263.32
263.95
264.98
266.23
267.58
268.66
269.35
269.60
269.53
269.24
268.73
268.05
267.25
266.41
265.59
264.93
264.47
264.22
264.15
264.20
264.22
264.17
264.02
263.81
263.56
263.44
263.48
263.69
264.02
264.30
264.48
264.53
264.48
264.37
264.24
264.13
264.04
263.98
263.94
263.99
264.15
264.41
264.73
265.08
265.29
265.33
265.18
264.91
264.56
264.20
263.88
263.60
263.38
263.20
263.01
262.80
262.55
262.30
262.05
261.87
261.78
261.78
261.85
261.96
262.14
262.40
262.72
263.06
263.41
263.73
264.03
264.29
264.51
264.69
264.81
264.86
264.85
264.80
264.72
264.52
264.19
263.73
263.22
262.87
262.75
262.90
263.22
263.65
263.94
264.02
263.87
263.56
263.15
262.93
262.98
263.34
263.90
264.56
265.20
265.78
266.25
266.62
266.90
267.10
267.23
267.32
267.36
267.37
267.38
267.41
267.46
267.53
267.60
267.64
267.65
267.63
267.57
267.50
267.30
266.93
266.42
265.82
265.19
264.80
264.70
264.91
265.32
265.87
266.31
266.58
266.62
266.52
266.34
266.12
265.92
265.72
265.54
265.45
265.43
265.51
265.64
265.81
266.01
266.25
266.51
266.77
267.02
267.25
267.45
267.62
267.76
267.87
267.87
267.76
267.54
267.24
266.92
266.61
266.35
266.15
266.01
265.90
265.89
265.96
266.12
266.34
266.58
266.79
266.97
267.09
267.18
267.23
267.17
267.00
266.72
266.38
266.01
265.70
265.47
265.34
265.28
265.28
265.16
264.88
264.42
263.86
263.48
263.34
263.50
263.85
264.31
264.79
265.21
265.54
265.81
266.00
266.08
266.05
265.93
265.73
265.50
265.24
264.94
264.63
264.33
264.05
263.68
263.23
262.69
262.11
261.54
261.14
260.94
260.97
261.15
261.43
261.81
262.28
262.81
263.35
263.87
264.35
264.77
265.13
265.43
265.67
265.86
266.00
266.09
266.16
266.19
266.18
266.12
266.02
265.90
265.76
265.63
265.50
265.38
265.28
265.38
265.71
266.28
266.98
267.74
268.37
268.80
269.01
269.05
268.97
268.86
268.76
268.71
268.68
268.68
268.49
268.06
267.38
266.56
265.69
264.97
264.44
264.16
264.06
264.10
264.25
264.49
264.79
265.12
265.45
265.80
266.14
266.48
266.80
267.09
267.29
267.38
267.38
267.30
267.17
266.97
266.70
266.36
266.00
265.64
265.51
265.66
266.11
266.73
267.45
268.04
268.42
268.56
268.52
268.31
267.95
267.49
266.98
266.47
265.95
265.44
264.95
264.51
264.11
263.99
264.17
264.67
265.35
266.13
266.89
267.55
268.10
268.53
268.86
268.96
268.83
268.49
268.01
267.45
266.91
266.41
265.99
265.64
265.36
265.17
265.07
265.05
265.08
265.16
265.34
265.62
265.99
266.42
266.85
267.17
267.32
267.31
267.18
266.97
266.66
266.28
265.83
265.37
264.92
264.50
264.13
263.81
263.54
263.51
263.74
264.24
264.89
265.63
266.21
266.59
266.71
266.65
266.47
266.26
266.08
265.94
265.85
265.80
265.77
265.76
265.77
265.79
265.81
265.60
265.11
264.33
263.40
262.40
261.73
261.49
261.73
262.28
263.02
263.73
264.31
264.70
264.93
265.05
265.21
265.45
265.82
266.24
266.68
267.07
267.36
267.54
267.64
267.68
267.56
267.29
266.87
266.37
265.84
265.31
264.82
264.38
264.00
263.73
263.58
263.55
263.61
263.73
263.96
264.29
264.73
265.21
265.69
266.26
266.91
267.64
268.39
269.10
269.54
269.66
269.45
269.00
268.42
267.89
267.47
267.20
267.05
267.00
267.05
267.17
267.35
267.57
267.80
268.02
268.23
268.42
268.58
268.72
268.51
267.91
266.90
265.67
264.34
263.26
262.53
262.20
262.17
262.36
262.55
262.67
262.66
262.57
262.42
262.29
262.21
262.20
262.24
262.22
262.13
261.95
261.73
261.47
261.32
261.31
261.44
261.67
261.96
262.22
262.41
262.52
262.58
262.58
262.80
263.26
264.00
264.90
265.85
266.77
267.59
268.30
268.89
269.36
269.43
269.07
268.28
267.23
266.05
265.15
264.62
264.54
264.78
265.22
265.68
266.08
266.35
266.52
266.61
266.67
266.72
266.76
266.81
266.85
266.99
267.26
267.64
268.09
268.51
268.85
269.10
269.27
269.37
269.24
268.85
268.22
267.44
266.60
265.93
265.49
265.31
265.33
265.49
265.68
265.86
265.99
266.09
266.15
266.29
266.53
266.89
267.30
267.74
268.11
268.39
268.57
268.66
268.69
268.62
268.46
268.22
267.93
267.62
267.27
266.87
266.44
266.01
265.59
265.22
264.90
264.62
264.39
264.21
264.10
264.06
264.08
264.14
264.23
264.23
264.11
263.86
263.53
263.14
262.71
262.26
261.83
261.43
261.23
261.27
261.55
261.98
262.50
263.07
263.68
264.27
264.84
265.35
265.61
265.59
265.27
264.77
264.16
263.75
263.63
263.83
264.24
264.79
265.34
265.85
266.26
266.59
266.84
267.03
267.16
267.24
267.28
267.30
267.30
267.28
267.25
267.21
267.18
267.04
266.78
266.39
265.94
265.47
265.27
265.41
265.92
266.65
267.50
268.26
268.84
269.21
269.40
269.30
268.92
268.28
267.50
266.66
266.00
265.61
265.52
265.64
265.91
265.99
265.81
265.32
264.64
263.86
263.16
262.61
262.24
262.03
261.93
261.91
261.96
262.05
262.17
262.29
262.52
262.87
263.34
263.86
264.39
264.88
265.29
265.62
265.87
266.05
266.20
266.34
266.47
266.59
266.70
266.89
267.20
267.61
268.09
268.57
268.96
269.23
269.35
269.36
269.29
269.10
268.78
268.36
267.88
267.37
266.84
266.32
265.83
265.39
265.01
264.68
264.42
264.22
264.06
263.97
263.95
264.00
264.08
264.19
264.49
265.02
265.76
266.61
267.49
268.06
268.23
267.96
267.40
266.66
265.98
265.43
265.08
264.88
264.81
264.68
264.46
264.13
263.72
263.29
262.90
262.56
262.29
262.09
261.94
262.00
262.28
262.79
263.42
264.11
264.66
265.03
265.18
265.17
265.04
264.87
264.70
264.53
264.39
264.30
264.25
264.27
264.31
264.38
264.36
264.21
263.94
263.59
263.21
262.93
262.79
262.81
262.94
263.15
263.31
263.39
263.37
263.29
263.16
263.01
262.85
262.69
262.54
262.41
262.46
262.70
263.16
263.74
264.37
265.06
265.79
266.52
267.21
267.85
268.28
268.47
268.42
268.20
267.88
267.55
267.27
267.05
266.90
266.80
266.71
266.62
266.53
266.44
266.35
266.16
265.86
265.44
264.97
264.61
264.42
264.42
264.56
264.79
265.23
265.87
266.70
267.62
268.55
269.20
269.50
269.42
269.07
268.55
267.92
267.23
266.52
265.83
265.20
264.69
264.33
264.11
264.00
263.98
264.07
264.27
264.55
264.88
265.22
265.59
265.96
266.32
266.67
266.99
267.21
267.33
267.34
267.27
267.16
266.91
266.53
266.02
265.45
264.86
264.49
264.37
264.54
264.89
265.36
265.88
266.42
266.93
267.40
267.65
267.66
267.42
267.01
266.51
265.98
265.44
264.93
264.48
264.08
263.90
263.97
264.28
264.76
265.32
265.77
266.06
266.16
266.11
265.96
265.94
266.10
266.48
266.98
267.55
268.00
268.27
268.35
268.27
268.10
267.91
267.77
267.67
267.63
267.61
267.44
267.07
266.48
265.78
265.03
264.45
264.10
264.01
264.10
264.33
264.60
264.88
265.13
265.36
265.55
265.66
265.67
265.59
265.45
265.35
265.33
265.41
265.54
265.72
265.99
266.35
266.80
267.29
267.78
268.21
268.57
268.84
269.04
269.18
269.19
269.06
268.81
268.49
268.12
267.84
267.66
267.60
267.64
267.74
267.77
267.70
267.50
267.23
266.92
266.57
266.21
265.83
265.47
265.14
264.98
265.02
265.25
265.62
266.06
266.39
266.56
266.54
266.40
266.16
266.02
266.01
266.16
266.42
266.58
266.58
266.39
266.08
265.69
265.20
264.61
263.96
263.29
262.64
262.21
262.03
262.11
262.38
262.76
263.17
263.57
263.93
264.24
264.49
264.75
265.03
265.33
265.63
265.91
266.14
266.31
266.41
266.46
266.47
266.42
266.33
266.19
266.03
265.86
265.73
265.63
265.59
265.58
265.59
265.65
265.75
265.89
266.04
266.20
266.44
266.75
267.15
267.58
268.01
268.20
268.11
267.72
267.15
266.60
266.17
265.91
265.79
265.77
265.77
265.75
265.70
265.63
265.54
265.40
265.20
264.94
264.66
264.37
264.23
264.26
264.49
264.83
265.24
265.71
266.19
266.68
267.15
267.58
267.85
267.94
267.84
267.62
267.33
266.95
266.49
265.99
265.48
264.99
264.51
264.05
263.62
263.24
262.90
262.67
262.55
262.54
262.62
262.75
263.09
263.66
264.45
265.35
266.29
266.90
267.11
266.88
266.35
265.85
265.51
265.40
265.47
265.65
265.93
266.27
266.66
267.06
267.44
267.66
267.68
267.50
267.19
266.80
266.30
265.70
265.03
264.35
263.69
263.19
262.89
262.78
262.83
262.98
263.14
263.27
263.35
263.38
263.39
263.40
263.42
263.47
263.53
263.60
263.62
263.57
263.45
263.29
263.11
263.08
263.25
263.62
264.11
264.66
265.15
265.52
265.76
265.88
265.92
265.90
265.83
265.74
265.64
265.48
265.27
264.99
264.69
264.39
264.19
264.10
264.14
264.27
264.45
264.64
264.80
264.92
265.01
265.08
265.20
265.39
265.67
265.98
266.31
266.53
266.60
266.51
266.31
266.05
266.02
266.30
266.90
267.70
268.60
269.20
269.40
269.14
268.57
267.83
267.23
266.90
266.88
267.09
267.45
267.65
267.60
267.27
266.76
266.15
265.60
265.19
264.94
264.83
264.81
264.86
264.95
265.08
265.21
265.32
265.40
265.43
265.43
265.40
265.42
265.49
265.61
265.78
265.96
266.20
266.48
266.82
267.17
267.52
267.78
267.96
268.03
268.02
267.96
267.79
267.51
267.12
266.68
266.23
265.80
265.40
265.04
264.74
264.48
264.39
264.46
264.70
265.04
265.44
265.75
265.93
265.95
265.86
265.70
265.36
264.85
264.18
263.43
262.67
262.10
261.78
261.73
261.86
262.15
262.55
263.01
263.49
263.97
264.22
264.21
263.93
263.46
262.90
262.35
261.87
261.48
261.19
260.97
261.03
261.39
262.06
262.89
263.80
264.58
265.17
265.52
265.68
265.70
265.68
265.66
265.66
265.68
265.71
265.67
265.53
265.30
265.02
264.71
264.30
263.78
263.16
262.51
261.86
261.49
261.46
261.79
262.35
263.05
263.61
263.96
264.05
263.95
263.72
263.65
263.83
264.28
264.90
265.61
266.34
267.05
267.70
268.28
268.46
268.19
267.45
266.43
265.26
264.14
263.14
262.33
261.69
261.20
260.98
261.03
261.33
261.79
262.34
262.92
263.49
264.02
264.50
264.92
265.29
265.64
265.95
266.22
266.46
266.52
266.38
266.06
265.61
265.11
264.53
263.91
263.27
262.65
262.07
261.68
261.53
261.60
261.84
262.17
262.42
262.53
262.48
262.31
262.06
262.10
262.50
263.28
264.30
265.16
265.72
265.92
265.85
265.59
265.33
265.13
265.03
265.02
265.06
265.06
264.99
264.83
264.62
264.39
264.34
264.52
264.93
265.49
266.13
266.62
266.90
266.95
266.82
266.58
266.46
266.53
266.81
267.24
267.73
268.15
268.44
268.56
268.56
268.48
268.34
268.17
267.99
267.82
267.65
267.49
267.36
267.25
267.15
267.08
267.05
267.07
267.13
267.22
267.33
267.38
267.37
267.29
267.17
266.97
266.69
266.36
265.99
265.63
265.24
264.82
264.37
263.93
263.52
263.29
263.25
263.43
263.74
264.14
264.49
264.75
264.89
264.94
264.93
264.95
265.03
265.19
265.41
265.64
265.82
265.93
265.96
265.93
265.86
265.65
265.32
264.85
264.32
263.77
263.28
262.91
262.65
262.48
262.39
262.42
262.55
262.77
263.04
263.34
263.58
263.75
263.83
263.84
263.80
263.83
263.98
264.24
264.57
264.98
265.46
265.99
266.52
267.02
267.34
267.46
267.36
267.10
266.76
266.45
266.23
266.11
266.08
266.10
266.14
266.17
266.19
266.19
266.18
266.08
265.89
265.60
265.26
264.90
264.62
264.47
264.44
264.50
264.62
264.89
265.30
265.84
266.43
267.04
267.50
267.75
267.77
267.65
267.42
267.12
266.81
266.49
266.18
265.91
265.67
265.46
265.29
265.16
265.08
265.07
265.10
265.18
265.27
265.22
264.98
264.55
264.00
263.41
263.05
262.99
263.28
263.78
264.41
265.07
265.71
266.27
266.76
267.17
267.37
267.34
267.09
266.69
266.22
265.80
265.47
265.27
265.17
265.14
265.09
264.98
264.80
264.57
264.33
264.25
264.37
264.70
265.16
265.69
266.08
266.26
266.22
266.02
265.71
265.38
265.06
264.78
264.54
264.35
264.03
263.57
262.95
262.24
261.63
261.17
260.89
260.75
260.73
260.77
260.87
261.00
261.15
261.29
261.46
261.65
261.85
262.05
262.25
262.53
262.91
263.40
263.93
264.47
264.98
265.45
265.86
266.21
266.50
266.83
267.23
267.72
268.23
268.74
269.14
269.40
269.50
269.50
269.41
269.33
269.28
269.29
269.33
269.39
269.37
269.22
268.94
268.59
268.21
267.82
267.45
267.12
266.82
266.57
266.20
265.70
265.04
264.30
263.77
263.52
263.58
263.86
264.28
264.72
265.12
265.45
265.71
265.91
266.08
266.23
266.38
266.52
266.64
266.72
266.75
266.73
266.68
266.61
266.41
266.10
265.66
265.15
264.63
264.26
264.08
264.11
264.28
264.55
264.84
265.12
265.36
265.57
265.73
265.89
266.05
266.21
266.36
266.51
266.45
266.15
265.62
264.94
264.21
263.62
263.26
263.16
263.23
263.44
263.74
264.12
264.53
264.96
265.39
265.82
266.24
266.62
266.97
267.32
267.68
268.06
268.43
268.77
268.97
269.00
268.87
268.62
268.30
268.04
267.87
267.81
267.83
267.90
267.96
267.98
267.94
267.86
267.76
267.62
267.45
267.25
267.05
266.85
266.64
266.41
266.18
265.96
265.75
265.67
265.74
265.96
266.28
266.65
266.68
266.31
265.50
264.42
263.22
262.26
261.65
261.45
261.56
261.90
262.40
262.99
263.62
264.24
264.77
265.18
265.46
265.63
265.72
265.74
265.71
265.66
265.59
265.50
265.50
265.59
265.78
266.03
266.32
266.50
266.54
266.44
266.24
265.98
265.69
265.39
265.12
264.86
264.63
264.52
264.54
264.68
264.90
265.17
265.48
265.82
266.18
266.52
266.85
267.08
267.21
267.24
267.19
267.10
266.92
266.66
266.34
265.99
265.64
265.28
264.92
264.56
264.23
264.09
264.18
264.49
264.96
265.50
266.04
266.53
266.96
267.31
267.60
267.69
267.56
267.23
266.78
266.26
265.72
265.19
264.71
264.28
263.91
263.68
263.60
263.68
263.86
264.09
264.31
264.47
264.56
264.59
264.58
264.65
264.82
265.12
265.47
265.86
266.14
266.27
266.25
266.11
265.90
265.67
265.47
265.30
265.17
265.06
264.91
264.68
264.38
264.04
263.70
263.55
263.65
264.00
264.51
264.95
265.24
265.32
265.25
265.08
264.80
264.42
263.98
263.51
263.04
262.80
262.81
263.09
263.55
264.12
264.66
265.15
265.53
265.82
266.04
266.37
266.87
267.55
268.31
269.10
269.48
269.38
268.75
267.79
266.65
265.60
264.75
264.17
263.81
263.62
263.66
263.93
264.39
264.95
265.57
266.05
266.34
266.42
266.35
266.17
266.01
265.91
265.90
265.95
266.04
266.11
266.12
266.06
265.97
265.83
265.64
265.42
265.20
264.97
264.79
264.66
264.59
264.56
264.56
264.53
264.46
264.33
264.17
263.99
263.81
263.65
263.50
263.36
263.25
263.05
262.75
262.34
261.87
261.39
261.22
261.42
262.02
262.87
263.84
264.69
265.34
265.71
265.89
265.91
265.82
265.66
265.46
265.24
265.02
264.87
264.79
264.81
264.88
264.99
265.01
264.92
264.70
264.41
264.07
263.67
263.22
262.73
262.24
261.89
261.70
261.69
261.81
262.01
262.25
262.52
262.78
263.03
263.26
263.59
264.05
264.63
265.28
265.92
266.52
267.03
267.43
267.75
267.98
267.99
267.75
267.28
266.67
265.99
265.43
265.06
264.90
264.90
265.02
265.15
265.26
265.32
265.35
265.35
265.20
264.88
264.40
263.82
263.22
262.89
262.90
263.29
263.92
264.69
265.51
266.33
267.10
267.79
268.23
268.40
268.28
267.97
267.54
267.02
266.45
265.87
265.31
264.80
264.47
264.37
264.49
264.76
265.12
265.45
265.70
265.83
265.88
265.87
265.87
265.90
265.98
266.10
266.22
266.49
266.90
267.46
268.10
268.75
269.20
269.38
269.27
268.97
268.54
268.06
267.55
267.06
266.61
266.20
265.72
265.15
264.47
263.75
263.05
262.64
262.57
262.86
263.40
264.07
264.70
265.21
265.56
265.77
266.04
266.41
266.92
267.49
268.08
268.44
268.50
268.25
267.80
267.22
266.70
266.30
266.05
265.93
265.90
265.94
266.03
266.14
266.26
266.39
266.40
266.28
266.03
265.68
265.30
265.04
264.95
265.05
265.28
265.58
265.95
266.36
266.79
267.21
267.60
267.89
268.07
268.15
268.14
268.07
267.96
267.84
267.71
267.58
267.45
267.16
266.66
265.96
265.14
264.30
263.48
262.72
262.04
261.45
260.97
260.57
260.27
260.04
259.87
259.90
260.13
260.54
261.07
261.66
262.19
262.63
262.96
263.20
263.35
263.49
263.65
263.83
264.01
264.20
264.37
264.53
264.66
264.77
264.86
264.85
264.73
264.50
264.21
263.89
263.56
263.24
262.96
262.71
262.49
262.42
262.51
262.76
263.11
263.51
263.89
264.23
264.52
264.74
264.91
264.95
264.87
264.65
264.36
264.03
263.88
263.95
264.27
264.75
265.10
265.23
265.10
264.78
264.36
264.10
264.07
264.32
264.74
265.26
265.75
266.14
266.41
266.58
266.66
266.63
266.50
266.27
265.99
265.69
265.47
265.35
265.36
265.45
265.60
265.62
265.47
265.12
264.66
264.14
263.71
263.43
263.31
263.32
263.42
263.65
264.01
264.47
264.98
265.50
266.00
266.46
266.86
267.20
267.48
267.63
267.63
267.49
267.26
266.95
266.59
266.20
265.81
265.44
265.29
265.39
265.77
266.31
266.94
267.33
267.40
267.11
266.58
265.91
265.31
264.86
264.60
264.50
264.51
264.46
264.31
264.02
263.66
263.27
263.00
262.91
263.01
263.24
263.55
263.82
264.00
264.08
264.07
264.01
264.05
264.22
264.54
264.95
265.40
265.80
266.12
266.34
266.47
266.54
266.53
266.46
266.33
266.17
265.99
265.76
265.48
265.15
264.80
264.65
264.74
265.08
265.58
266.17
266.71
267.14
267.43
267.62
267.71
267.74
267.72
267.67
267.60
267.52
267.35
267.09
266.75
266.36
265.96
265.58
265.23
264.91
264.64
264.42
264.30
264.27
264.35
264.49
264.67
264.81
264.90
264.91
264.87
264.79
264.64
264.43
264.14
263.83
263.51
263.40
263.52
263.90
264.44
265.06
265.63
266.08
266.40
266.60
266.71
266.72
266.65
266.51
266.33
265.98
265.44
264.71
263.90
263.07
262.48
262.21
262.27
262.56
263.01
263.48
263.92
264.28
264.58
264.81
264.98
265.10
265.18
265.22
265.24
265.06
264.64
264.00
263.23
262.41
261.94
261.93
262.40
263.19
264.17
265.13
266.00
266.72
267.29
267.73
268.00
268.11
268.07
267.93
267.73
267.42
267.01
266.50
265.96
265.42
264.76
263.95
263.02
262.05
261.09
260.42
260.08
260.11
260.39
260.73
261.03
261.25
261.38
261.45
261.75
262.32
263.18
264.20
265.28
266.21
266.92
267.36
267.60
267.68
267.73
267.79
267.90
268.04
268.18
268.22
268.13
267.90
267.58
267.22
267.01
266.99
267.20
267.54
267.97
268.22
268.22
267.94
267.48
266.92
266.37
265.89
265.50
265.20
264.98
264.78
264.56
264.33
264.10
263.87
263.72
263.66
263.69
263.78
264.01
264.39
264.90
265.48
266.07
266.51
266.75
266.77
266.64
266.40
266.08
265.71
265.30
264.89
264.50
264.23
264.10
264.10
264.21
264.38
264.61
264.89
265.20
265.51
265.80
266.16
266.57
267.04
267.53
268.01
268.26
268.25
267.96
267.49
266.93
266.40
265.97
265.67
265.47
265.37
265.19
264.91
264.51
264.04
263.54
263.01
262.45
261.87
261.31
260.79
260.50
260.45
260.66
261.04
261.46
261.87
262.21
262.50
262.72
262.74
262.52
262.07
261.49
260.84
260.42
260.30
260.52
260.97
261.56
262.31
263.20
264.18
265.18
266.14
266.83
267.20
267.24
267.04
266.68
266.45
266.42
266.65
267.04
267.53
267.86
267.99
267.86
267.57
267.17
266.83
266.60
266.51
266.53
266.62
266.74
266.84
266.92
266.98
267.03
267.03
266.99
266.91
266.81
266.69
266.54
266.37
266.18
265.98
265.95
266.12
266.50
267.00
267.57
268.29
269.13
270.09
271.08
272.04
272.54
272.52
271.95
271.01
269.87
268.82
267.95
267.35
266.96
266.74
266.82
267.17
267.79
268.55
269.38
269.86
269.89
269.44
268.68
267.73
266.81
266.02
265.41
264.96
264.65
264.31
263.91
263.43
262.90
262.38
262.07
262.03
262.26
262.68
263.20
263.82
264.51
265.23
265.94
266.60
267.24
267.87
268.47
269.03
269.48
269.79
269.97
270.04
270.03
269.81
269.38
268.73
267.97
267.17
266.36
265.58
264.83
264.16
263.57
263.11
262.76
262.53
262.39
262.33
262.29
262.27
262.23
262.20
262.16
262.34
262.77
263.46
264.29
265.18
265.95
266.55
266.94
267.16
267.25
267.20
267.02
266.73
266.38
266.01
265.77
265.72
265.85
266.11
266.45
266.66
266.70
266.52
266.21
265.88
265.57
265.32
265.13
264.99
264.87
264.75
264.62
264.50
264.39
264.40
264.54
264.83
265.20
265.61
266.02
266.42
266.78
267.10
267.37
267.70
268.11
268.60
269.13
269.66
270.09
270.42
270.63
270.74
270.78
270.39
269.54
268.22
266.64
264.96
263.41
262.09
261.06
260.27
259.71
259.46
259.52
259.85
260.36
260.97
261.58
262.15
262.65
263.07
263.42
263.82
264.32
264.92
265.55
266.18
266.78
267.31
267.77
268.17
268.43
268.57
268.58
268.50
268.37
268.07
267.60
266.97
266.27
265.55
264.93
264.46
264.16
264.00
263.94
264.00
264.18
264.46
264.79
265.14
265.56
266.06
266.61
267.19
267.74
268.22
268.61
268.90
269.12
269.26
269.35
269.39
269.40
269.38
269.35
269.26
269.10
268.87
268.62
268.35
268.12
267.93
267.81
267.73
267.69
267.68
267.69
267.71
267.75
267.86
268.07
268.37
268.73
269.09
269.37
269.54
269.57
269.51
269.38
269.06
268.54
267.83
267.01
266.18
265.58
265.29
265.34
265.62
266.06
266.38
266.52
266.44
266.19
265.85
265.53
265.30
265.17
265.13
265.14
265.25
265.45
265.73
266.04
266.36
266.49
266.38
266.02
265.49
264.89
264.47
264.31
264.45
264.79
265.25
265.72
266.15
266.49
266.76
266.94
267.02
267.03
266.98
266.89
266.59
266.07
265.33
264.47
263.58
262.84
262.32
262.04
261.95
262.00
262.14
262.34
262.57
262.80
263.03
263.22
263.35
263.42
263.45
263.45
263.66
264.14
264.89
265.80
266.77
267.67
268.46
269.09
269.58
269.95
269.99
269.71
269.09
268.28
267.38
266.46
265.58
264.77
264.05
263.44
263.04
262.87
262.91
263.11
263.40
263.58
263.60
263.42
263.11
262.89
262.82
262.94
263.19
263.51
263.95
264.49
265.11
265.75
266.37
266.82
267.04
267.04
266.88
266.61
266.39
266.26
266.27
266.37
266.52
266.71
266.91
267.11
267.30
267.47
267.59
267.65
267.66
267.64
267.58
267.51
267.44
267.36
267.29
267.22
267.16
267.11
267.07
267.04
267.02
267.00
266.98
266.98
266.97
266.97
266.81
266.47
265.94
265.30
264.62
264.14
263.92
263.98
264.24
264.75
265.49
266.40
267.40
268.40
269.23
269.86
270.26
270.46
270.53
270.29
269.72
268.86
267.84
266.76
265.82
265.11
264.66
264.42
264.33
264.25
264.13
263.93
263.69
263.43
263.28
263.26
263.40
263.63
263.92
264.32
264.81
265.37
265.96
266.54
266.97
267.21
267.27
267.19
267.01
266.68
266.19
265.57
264.90
264.21
263.72
263.47
263.49
263.69
264.00
264.20
264.20
263.98
263.61
263.22
262.85
262.54
262.30
262.11
262.06
262.13
262.34
262.63
262.96
263.11
263.04
262.72
262.24
261.68
261.25
261.02
261.01
261.17
261.43
261.86
262.43
263.13
263.88
264.63
265.30
265.88
266.35
266.71
266.98
267.06
266.95
266.67
266.27
265.82
265.27
264.65
263.96
263.27
262.61
262.06
261.64
261.37
261.22
261.15
261.28
261.61
262.13
262.76
263.42
263.94
264.27
264.38
264.33
264.25
264.20
264.20
264.25
264.32
264.43
264.58
264.76
264.96
265.15
265.22
265.15
264.94
264.63
264.27
264.14
264.30
264.76
265.42
266.18
266.84
267.32
267.59
267.69
267.67
267.71
267.84
268.10
268.44
268.81
268.89
268.63
267.98
267.10
266.10
265.13
264.25
263.52
262.92
262.46
262.16
262.02
262.03
262.14
262.32
262.51
262.68
262.82
262.92
263.03
263.14
263.26
263.39
263.51
263.60
263.64
263.63
263.59
263.54
263.57
263.73
264.01
264.37
264.76
265.08
265.28
265.35
265.33
265.25
265.17
265.14
265.16
265.22
265.31
265.30
265.16
264.90
264.57
264.19
264.00
264.04
264.33
264.79
265.33
265.83
266.22
266.49
266.65
266.73
266.72
266.63
266.48
266.30
266.10
265.91
265.72
265.55
265.40
265.28
265.09
264.84
264.51
264.15
263.94
263.93
264.14
264.49
264.93
265.23
265.36
265.27
265.03
264.70
264.46
264.36
264.43
264.61
264.87
265.14
265.39
265.59
265.76
265.89
266.12
266.47
266.97
267.53
268.10
268.69
269.26
269.81
270.31
270.76
270.97
270.94
270.65
270.20
269.66
269.14
268.69
268.33
268.07
267.88
267.67
267.42
267.12
266.79
266.47
266.14
265.80
265.47
265.16
264.88
264.43
263.76
262.88
261.90
261.29
261.19
261.64
262.45
263.48
264.50
265.40
266.11
266.66
267.07
267.40
267.69
267.96
268.21
268.43
268.50
268.42
268.18
267.84
267.45
266.97
266.41
265.77
265.13
264.51
264.05
263.78
263.71
263.78
263.95
264.07
264.10
264.00
263.83
263.61
263.40
263.22
263.08
262.97
262.90
262.89
262.92
263.00
263.11
263.24
263.47
263.83
264.30
264.82
265.36
265.64
265.60
265.22
264.62
263.96
263.30
262.72
262.23
261.81
261.66
261.80
262.24
262.85
263.55
264.23
264.82
265.30
265.68
265.96
266.15
266.28
266.36
266.40
266.40
266.46
266.60
266.82
267.10
267.39
267.58
267.62
267.51
267.30
267.03
266.87
266.85
267.01
267.28
267.62
267.87
268.00
267.99
267.87
267.69
267.37
266.91
266.32
265.68
265.03
264.45
263.94
263.54
263.23
263.00
262.84
262.73
262.67
262.65
262.68
262.76
262.88
263.02
263.17
263.30
263.38
263.42
263.43
263.41
263.48
263.66
263.97
264.35
264.76
265.05
265.21
265.19
265.07
264.87
264.66
264.46
264.30
264.17
264.07
263.97
263.86
263.74
263.61
263.49
263.33
263.11
262.85
262.57
262.29
262.18
262.28
262.61
263.07
263.60
264.03
264.28
264.34
264.25
264.07
263.89
263.74
263.65
263.60
263.59
263.61
263.64
263.68
263.73
263.96
264.41
265.07
265.85
266.68
267.30
267.65
267.70
267.54
267.24
266.91
266.60
266.35
266.16
266.02
265.65
265.01
264.08
262.99
261.86
260.97
260.40
260.19
260.25
260.49
260.92
261.52
262.22
262.97
263.71
264.36
264.87
265.23
265.48
265.62
265.74
265.87
266.02
266.17
266.33
266.23
265.84
265.15
264.29
263.34
262.64
262.26
262.24
262.49
262.79
263.07
263.26
263.38
263.45
263.68
264.13
264.81
265.62
266.47
267.26
267.93
268.46
268.86
269.15
269.21
269.04
268.65
268.13
267.54
267.13
266.95
267.05
267.32
267.71
268.03
268.21
268.22
268.10
267.91
267.62
267.25
266.82
266.36
265.92
265.59
265.39
265.33
265.39
265.51
265.78
266.20
266.75
267.36
267.98
268.50
268.88
269.09
269.19
269.19
269.07
268.86
268.55
268.20
267.78
267.32
266.81
266.31
265.83
265.37
264.94
264.53
264.16
263.84
263.63
263.52
263.53
263.61
263.74
263.93
264.16
264.42
264.68
264.94
265.25
265.64
266.08
266.55
267.01
267.28
267.32
267.12
266.75
266.30
265.89
265.56
265.36
265.25
265.21
265.15
265.03
264.84
264.60
264.36
264.16
264.04
264.01
264.04
264.12
264.35
264.75
265.31
265.95
266.62
267.13
267.44
267.53
267.46
267.28
267.03
266.75
266.45
266.17
266.04
266.10
266.35
266.72
267.15
267.50
267.72
267.78
267.73
267.60
267.40
267.14
266.84
266.54
266.24
266.00
265.81
265.69
265.62
265.59
265.52
265.37
265.14
264.86
264.57
264.28
264.01
263.76
263.55
263.37
263.36
263.54
263.90
264.37
264.89
265.35
265.69
265.89
265.98
265.99
265.95
265.87
265.76
265.65
265.54
265.29
264.91
264.38
263.77
263.14
262.53
261.97
261.47
261.05
260.74
260.57
260.53
260.58
260.68
260.83
261.00
261.17
261.33
261.48
261.77
262.23
262.86
263.58
264.32
264.98
265.52
265.93
266.22
266.41
266.47
266.40
266.23
265.99
265.71
265.48
265.32
265.25
265.23
265.26
265.25
265.15
264.97
264.74
264.49
264.20
263.90
263.58
263.28
262.99
263.01
263.37
264.08
265.00
265.92
266.72
267.35
267.83
268.18
268.27
268.13
267.75
267.23
266.64
266.12
265.70
265.42
265.26
265.19
264.99
264.63
264.07
263.41
262.71
262.27
262.14
262.36
262.82
263.42
264.08
264.76
265.40
265.99
266.52
267.01
267.50
267.97
268.41
268.80
269.14
269.42
269.65
269.83
269.97
269.96
269.79
269.47
269.06
268.61
268.10
267.56
266.98
266.42
265.90
265.53
265.36
265.38
265.53
265.74
265.97
266.19
266.38
266.55
266.61
266.56
266.38
266.13
265.84
265.62
265.50
265.49
265.57
265.70
265.81
265.87
265.86
265.81
265.73
265.77
265.96
266.31
266.75
267.23
267.56
267.67
267.56
267.29
266.93
266.67
266.60
266.72
266.99
267.33
267.64
267.86
267.96
267.99
267.95
267.66
267.10
266.28
265.31
264.30
263.41
262.71
262.24
261.95
261.80
261.81
261.97
262.24
262.57
262.97
263.39
263.83
264.25
264.64
264.96
265.20
265.35
265.44
265.48
265.46
265.38
265.25
265.09
264.92
264.73
264.51
264.28
264.05
263.83
263.58
263.29
262.97
262.64
262.32
262.24
262.43
262.92
263.59
264.35
265.05
265.63
266.06
266.35
266.54
266.59
266.51
266.33
266.07
265.78
265.51
265.28
265.10
264.97
264.88
264.83
264.80
264.79
264.79
264.80
264.69
264.43
264.01
263.50
262.93
262.33
261.73
261.17
260.66
260.29
260.09
260.04
260.12
260.27
260.58
261.03
261.61
262.25
262.90
263.47
263.92
264.25
264.46
264.58
264.83
265.23
265.83
266.52
267.24
267.76
268.02
267.99
267.75
267.38
267.00
266.65
266.37
266.15
266.00
265.78
265.48
265.08
264.64
264.18
263.83
263.61
263.52
263.54
263.64
263.69
263.68
263.59
263.43
263.25
263.13
263.11
263.20
263.36
263.45
263.43
263.29
263.07
262.81
262.47
262.08
261.64
261.19
260.75
260.49
260.43
260.57
260.86
261.23
261.61
261.96
262.26
262.52
262.72
262.90
263.08
263.25
263.41
263.55
263.76
264.03
264.39
264.77
265.16
265.56
265.96
266.34
266.70
267.03
267.17
267.11
266.85
266.47
266.01
265.58
265.23
264.96
264.78
264.66
264.63
264.66
264.76
264.89
265.04
265.26
265.52
265.84
266.18
266.44
266.58
266.60
266.52
266.39
266.25
266.12
266.03
265.96
265.91
265.83
265.71
265.52
265.32
265.10
264.92
264.78
264.69
264.65
264.64
264.57
264.43
264.19
263.91
263.62
263.35
263.13
262.97
262.85
262.78
262.88
263.15
263.61
264.16
264.75
265.15
265.30
265.18
264.87
264.45
264.15
264.06
264.20
264.51
264.91
265.27
265.55
265.72
265.80
265.76
265.61
265.37
265.07
264.75
264.43
264.13
263.86
263.63
263.43
263.27
263.14
263.04
262.97
262.92
262.95
263.05
263.22
263.44
263.67
263.75
263.63
263.30
262.84
262.31
261.89
261.65
261.60
261.70
261.89
262.16
262.49
262.86
263.23
263.58
263.85
264.02
264.09
264.08
264.01
264.02
264.13
264.36
264.66
265.00
265.50
266.18
267.01
267.92
268.83
269.52
269.96
270.11
270.04
269.81
269.45
269.02
268.56
268.09
267.79
267.69
267.79
268.03
268.36
268.73
269.11
269.48
269.82
270.12
270.22
270.09
269.73
269.22
268.64
268.01
267.37
266.74
266.15
265.62
265.22
264.95
264.82
264.79
264.84
264.93
265.05
265.19
265.33
265.46
265.61
265.78
265.96
266.14
266.31
266.53
266.78
267.08
267.39
267.69
267.76
267.55
267.06
266.39
265.63
264.77
263.85
262.89
261.95
261.44
261.41
261.90
262.74
263.76
264.55
264.96
264.93
264.59
264.06
263.44
262.81
262.22
261.68
261.22
260.99
261.02
261.30
261.75
262.29
262.79
263.19
263.46
263.63
263.71
263.78
263.87
264.00
264.14
264.28
264.34
264.30
264.14
263.92
263.66
263.50
263.47
263.58
263.79
264.05
264.42
264.88
265.43
266.00
266.56
267.03
267.39
267.62
267.74
267.79
267.70
267.48
267.14
266.74
266.33
265.97
265.66
265.40
265.21
264.98
264.70
264.35
263.99
263.63
263.50
263.65
264.10
264.73
265.45
266.04
266.42
266.56
266.52
266.36
266.09
265.75
265.37
264.97
264.59
264.37
264.34
264.52
264.83
265.22
265.56
265.80
265.93
265.98
265.95
265.81
265.54
265.16
264.73
264.28
263.85
263.44
263.08
262.77
262.51
262.36
262.31
262.36
262.49
262.66
262.69
262.54
262.20
261.73
261.41
261.33
261.53
261.90
262.38
263.02
263.78
264.65
265.55
266.41
267.27
268.09
268.87
269.59
270.22
270.60
270.70
270.52
270.15
269.67
269.14
268.60
268.08
267.60
267.19
266.88
266.70
266.65
266.68
266.77
266.74
266.55
266.17
265.68
265.14
264.46
263.66
262.73
261.78
260.86
260.16
259.75
259.63
259.73
259.97
260.33
260.77
261.24
261.73
262.19
262.66
263.14
263.63
264.10
264.48
264.75
264.89
264.95
264.94
264.88
264.79
264.69
264.58
264.47
264.50
264.70
265.07
265.53
266.05
266.38
266.47
266.29
265.94
265.48
264.90
264.21
263.45
262.68
261.94
261.43
261.18
261.21
261.43
261.78
262.20
262.64
263.07
263.48
263.85
264.11
264.27
264.31
264.26
264.17
264.17
264.31
264.61
264.99
265.43
265.71
265.79
265.64
265.34
265.03
264.78
264.61
264.51
264.47
264.36
264.16
263.85
263.48
263.09
262.78
262.59
262.54
262.57
262.68
262.77
262.81
262.80
262.75
262.68
262.59
262.50
262.40
262.32
262.24
262.17
262.12
262.07
262.04
262.01
262.12
262.40
262.83
263.36
263.93
264.38
264.68
264.80
264.79
264.68
264.55
264.41
264.29
264.19
264.11
264.13
264.26
264.49
264.79
265.12
265.42
265.68
265.88
266.02
266.07
266.02
265.87
265.67
265.44
265.23
265.06
264.93
264.85
264.80
264.64
264.35
263.91
263.39
262.85
262.51
262.41
262.59
262.95
263.42
263.83
264.13
264.28
264.32
264.27
264.20
264.12
264.06
264.02
263.99
264.04
264.20
264.46
264.78
265.12
265.30
265.28
265.03
264.65
264.18
263.76
263.44
263.25
263.15
263.13
263.22
263.40
263.66
263.97
264.30
264.73
265.25
265.88
266.53
266.99
267.19
267.11
266.83
266.43
265.92
265.32
264.67
264.02
263.40
262.86
262.43
262.10
261.87
261.71
261.67
261.74
261.91
262.14
262.40
262.80
263.35
264.03
264.78
265.53
266.18
266.71
267.10
267.37
267.53
267.62
267.65
267.64
267.59
267.53
267.38
267.13
266.79
266.40
266.00
265.75
265.68
265.80
266.07
266.40
266.67
266.83
266.84
266.75
266.59
266.39
266.18
265.97
265.77
265.51
265.18
264.78
264.35
263.92
263.68
263.66
263.88
264.25
264.72
265.11
265.38
265.49
265.49
265.41
265.34
265.29
265.30
265.34
265.40
265.56
265.81
266.16
266.56
266.97
267.17
267.14
266.84
266.37
265.80
265.31
264.95
264.76
264.68
264.71
264.84
265.08
265.40
265.77
266.14
266.32
266.25
265.92
265.43
264.85
264.26
263.71
263.24
262.84
262.52
262.26
262.07
261.93
261.84
261.91
262.17
262.61
263.15
263.74
264.35
264.96
265.55
266.10
266.58
266.86
266.92
266.75
266.43
266.02
265.63
265.29
265.04
264.86
264.75
264.70
264.73
264.82
264.94
265.08
265.18
265.21
265.17
265.08
264.95
264.84
264.76
264.72
264.70
264.70
264.67
264.58
264.44
264.26
264.07
263.90
263.78
263.70
263.67
263.66
263.75
263.95
264.25
264.61
265.02
265.45
265.89
266.31
266.69
267.03
267.32
267.56
267.75
267.90
267.90
267.75
267.44
267.04
266.60
266.01
265.30
264.46
263.58
262.72
262.13
261.87
261.96
262.30
262.78
263.24
263.60
263.82
263.94
263.96
263.96
263.94
263.94
263.93
263.94
263.92
263.86
263.78
263.68
263.58
263.61
263.79
264.15
264.61
265.11
265.61
266.09
266.53
266.92
267.25
267.63
268.07
268.59
269.14
269.46
269.50
269.24
268.77
268.19
267.59
267.01
266.50
266.06
265.70
265.51
265.52
265.70
266.01
266.39
266.71
266.94
267.05
267.07
267.03
267.00
267.00
267.06
267.15
267.26
267.27
267.15
266.90
266.57
266.20
265.94
265.80
265.83
265.96
266.16
266.27
266.24
266.04
265.74
265.38
265.14
265.06
265.15
265.37
265.67
265.97
266.26
266.49
266.69
266.84
266.82
266.62
266.23
265.73
265.42
265.38
265.66
266.13
266.73
267.24
267.60
267.76
267.79
267.71
267.53
267.29
267.00
266.68
266.37
266.06
265.74
265.42
265.13
264.86
264.57
264.26
263.92
263.58
263.25
263.07
263.04
263.18
263.43
263.74
264.08
264.42
264.74
265.03
265.29
265.56
265.86
266.18
266.50
266.81
267.08
267.33
267.53
267.70
267.84
267.89
267.85
267.72
267.54
267.33
267.09
266.82
266.53
266.25
265.99
265.75
265.54
265.37
265.22
265.14
265.11
265.14
265.21
265.30
265.37
265.41
265.42
265.41
265.37
265.36
265.37
265.41
265.47
265.54
265.67
265.85
266.10
266.37
266.65
266.87
267.00
267.03
267.01
266.93
266.75
266.46
266.08
265.64
265.19
264.82
264.54
264.36
264.28
264.26
264.25
264.25
264.24
264.21
264.19
264.29
264.55
264.97
265.48
266.02
266.48
266.82
267.01
267.09
267.09
267.03
266.94
266.82
266.69
266.54
266.36
266.17
265.97
265.78
265.55
265.28
264.97
264.64
264.33
264.01
263.69
263.38
263.09
262.82
262.54
262.24
261.90
261.56
261.25
260.90
260.53
260.14
259.75
259.38
259.24
259.35
259.73
260.28
260.92
261.64
262.40
263.18
263.93
264.62
265.18
265.59
265.84
265.98
266.02
266.02
266.00
266.00
265.99
265.98
265.96
265.90
265.81
265.70
265.51
265.23
264.86
264.45
264.03
263.71
263.51
263.45
263.49
263.60
263.75
263.93
264.11
264.28
264.44
264.63
264.87
265.15
265.44
265.73
265.85
265.74
265.42
264.96
264.42
264.02
263.82
263.85
264.04
264.33
264.81
265.46
266.27
267.14
268.01
268.70
269.16
269.37
269.39
269.27
269.02
268.65
268.20
267.71
267.22
266.74
266.26
265.81
265.39
265.11
264.97
264.98
265.10
265.28
265.45
265.57
265.62
265.62
265.59
265.43
265.14
264.71
264.21
263.69
263.26
262.96
262.81
262.76
262.79
262.96
263.26
263.66
264.13
264.60
265.25
266.08
267.09
268.16
269.23
269.88
270.04
269.66
268.94
268.01
267.30
266.95
267.03
267.40
267.96
268.54
269.07
269.49
269.81
270.04
270.10
269.97
269.67
269.26
268.80
268.49
268.38
268.50
268.76
268.80
268.52
267.87
266.99
266.00
265.07
264.26
263.63
263.15
262.81
262.58
262.44
262.38
262.36
262.39
262.33
262.16
261.88
261.53
261.14
261.00
261.16
261.63
262.30
263.08
263.83
264.50
265.05
265.49
265.82
265.98
265.98
265.82
265.55
265.23
265.13
265.30
265.78
266.45
267.21
267.61
267.51
266.89
265.92
264.77
263.81
263.17
262.93
262.98
263.23
263.56
263.89
264.18
264.42
264.44
264.20
263.70
263.05
262.32
261.87
261.79
262.12
262.72
263.48
264.25
264.96
265.57
266.07
266.48
266.76
266.93
267.00
267.00
266.94
266.66
266.15
265.41
264.55
263.65
262.88
262.29
261.92
261.71
261.64
261.63
261.66
261.70
261.74
261.78
261.93
262.20
262.59
263.05
263.53
263.91
264.18
264.30
264.31
264.25
264.33
264.60
265.07
265.67
266.31
266.99
267.67
268.32
268.92
269.40
269.74
269.94
270.03
270.04
269.99
269.90
269.79
269.67
269.55
269.44
269.34
269.25
269.17
269.11
268.92
268.60
268.13
267.57
267.00
266.43
265.90
265.43
265.03
264.69
264.44
264.28
264.21
264.20
264.24
264.20
264.05
263.79
263.45
263.09
262.88
262.87
263.09
263.45
263.89
264.45
265.10
265.81
266.54
267.23
267.86
268.42
268.90
269.29
269.60
269.79
269.85
269.80
269.66
269.37
268.93
268.36
267.73
267.09
266.47
265.91
265.41
264.99
264.64
264.39
264.23
264.16
264.16
264.20
264.40
264.78
265.32
265.95
266.61
267.20
267.68
268.04
268.28
268.44
268.48
268.39
268.21
267.96
267.68
267.45
267.29
267.22
267.21
267.24
267.36
267.56
267.83
268.13
268.44
268.51
268.27
267.71
266.97
266.12
265.42
264.93
264.70
264.66
264.68
264.69
264.67
264.61
264.54
264.46
264.38
264.31
264.24
264.18
264.26
264.50
264.91
265.42
265.96
266.43
266.77
266.97
267.06
267.06
266.98
266.84
266.63
266.40
266.17
265.94
265.73
265.54
265.39
265.25
265.07
264.81
264.48
264.12
263.75
263.69
264.01
264.70
265.64
266.68
267.57
268.20
268.52
268.61
268.54
268.32
268.01
267.63
267.22
266.81
266.46
266.18
265.97
265.82
265.65
265.43
265.14
264.83
264.51
264.23
264.01
263.86
263.76
263.70
263.75
263.93
264.21
264.56
264.94
265.23
265.41
265.46
265.42
265.31
265.17
265.00
264.84
264.67
264.52
264.42
264.36
264.35
264.39
264.44
264.40
264.25
263.96
263.61
263.22
262.83
262.45
262.12
261.82
261.57
261.44
261.45
261.59
261.82
262.10
262.28
262.35
262.27
262.09
261.85
261.75
261.82
262.10
262.50
263.02
263.63
264.28
264.94
265.57
266.16
266.72
267.23
267.68
268.07
268.21
268.06
267.64
267.04
266.35
265.74
265.27
264.99
264.84
264.80
264.78
264.75
264.69
264.61
264.53
264.57
264.77
265.14
265.60
266.11
266.43
266.51
266.33
265.97
265.51
265.15
264.98
265.02
265.20
265.48
265.81
266.16
266.51
266.83
267.11
267.25
267.23
267.05
266.75
266.40
265.92
265.31
264.61
263.87
263.20
262.63
262.21
261.90
261.68
261.44
261.15
260.77
260.36
259.94
259.82
260.03
260.61
261.40
262.32
263.21
264.01
264.67
265.21
265.63
265.86
265.92
265.80
265.56
265.26
264.93
264.59
264.27
263.98
263.72
263.61
263.66
263.87
264.19
264.56
264.85
265.00
265.00
264.89
264.72
264.58
264.52
264.56
264.67
264.81
265.05
265.40
265.83
266.30
266.78
267.04
267.05
266.79
266.35
265.91
265.56
265.34
265.22
265.17
265.03
264.73
264.28
263.73
263.14
262.67
262.36
262.23
262.23
262.33
262.54
262.84
263.23
263.64
264.06
264.46
264.82
265.13
265.40
265.62
265.71
265.68
265.51
265.25
264.95
264.75
264.67
264.74
264.91
265.14
265.24
265.17
264.89
264.49
264.02
263.72
263.64
263.82
264.17
264.62
264.93
265.03
264.88
264.57
264.30
264.13
264.11
264.20
264.36
264.53
264.69
264.82
264.92
264.99
265.10
265.25
265.44
265.67
265.89
266.08
266.23
266.32
266.36
266.37
266.23
265.91
265.43
264.86
264.25
263.75
263.42
263.27
263.26
263.34
263.57
263.93
264.40
264.92
265.45
265.98
266.50
267.00
267.46
267.86
268.02
267.90
267.50
266.93
266.26
265.62
265.06
264.61
264.26
264.00
263.79
263.62
263.46
263.33
263.22
263.13
263.06
263.01
262.97
262.92
262.85
262.75
262.65
262.54
262.40
262.25
262.07
261.89
261.72
261.67
261.75
261.99
262.31
262.69
263.07
263.44
263.79
264.09
264.36
264.65
265.00
265.41
265.83
266.24
266.65
267.05
267.43
267.79
268.10
268.28
268.33
268.24
268.06
267.82
267.50
267.12
266.68
266.24
265.80
265.40
265.05
264.74
264.49
264.28
264.02
263.67
263.23
262.75
262.51
262.56
262.95
263.54
264.25
264.86
265.31
265.56
265.65
265.63
265.55
265.45
265.36
265.27
265.20
265.27
265.51
265.91
266.42
266.96
267.34
267.51
267.44
267.21
266.88
266.52
266.17
265.86
265.60
265.39
265.19
265.00
264.81
264.64
264.48
264.32
264.15
263.97
263.79
263.62
263.55
263.59
263.75
263.98
264.25
264.43
264.47
264.37
264.18
263.92
263.78
263.78
263.95
264.24
264.66
265.21
265.85
266.52
267.17
267.83
268.50
269.15
269.75
270.30
270.59
270.58
270.28
269.79
269.19
268.57
267.98
267.47
267.03
266.67
266.40
266.24
266.16
266.15
266.19
266.08
265.76
265.24
264.59
263.89
263.27
262.78
262.45
262.25
262.15
262.23
262.49
262.91
263.42
263.98
264.50
264.96
265.33
265.63
265.86
266.17
266.57
267.09
267.66
268.24
268.66
268.88
268.88
268.73
268.50
268.25
268.00
267.78
267.58
267.38
267.18
266.98
266.79
266.61
266.56
266.65
266.90
267.24
267.62
267.91
268.06
268.06
267.95
267.77
267.65
267.64
267.76
267.97
268.22
268.33
268.26
267.98
267.57
267.09
266.49
265.77
264.96
264.12
263.32
262.79
262.59
262.74
263.13
263.66
264.16
264.55
264.80
264.93
264.97
264.97
264.96
264.96
264.96
264.96
265.02
265.14
265.32
265.54
265.79
266.08
266.38
266.68
266.96
267.19
267.35
267.44
267.48
267.49
267.52
267.59
267.72
267.88
268.05
268.00
267.70
267.14
266.41
265.61
264.86
264.21
263.69
263.28
262.99
262.72
262.48
262.22
261.98
261.76
261.64
261.65
261.77
261.98
262.24
262.80
263.71
264.94
266.35
267.79
268.95
269.72
270.07
270.09
269.89
269.33
268.43
267.25
265.93
264.57
263.28
262.08
261.03
260.13
259.57
259.38
259.54
259.95
260.50
261.13
261.78
262.41
262.98
263.50
263.78
263.80
263.55
263.14
262.63
262.19
261.86
261.70
261.65
261.69
261.87
262.18
262.59
263.07
263.56
264.14
264.81
265.55
266.31
267.04
267.55
267.80
267.77
267.55
267.20
266.87
266.60
266.44
266.35
266.33
266.24
266.05
265.76
265.41
265.04
264.77
264.65
264.69
264.85
265.04
265.24
265.42
265.58
265.71
265.93
266.25
266.67
267.14
267.62
268.06
268.44
268.73
268.95
269.10
269.21
269.27
269.30
269.30
269.29
269.32
269.40
269.54
269.72
269.92
270.00
269.96
269.77
269.48
269.15
268.73
268.22
267.63
267.03
266.44
265.74
264.92
263.97
262.99
262.03
261.36
261.03
261.06
261.35
261.80
262.37
263.00
263.66
264.29
264.89
265.33
265.62
265.73
265.71
265.56
265.29
264.92
264.51
264.08
263.57
262.96
262.27
261.56
260.87
260.34
260.01
259.88
259.90
260.03
260.33
260.79
261.39
262.06
262.74
263.42
264.07
264.68
265.24
265.72
266.02
266.12
266.03
265.80
265.49
265.08
264.61
264.08
263.55
263.04
262.52
262.00
261.47
260.96
260.51
260.29
260.36
260.70
261.22
261.85
262.51
263.15
263.76
264.31
264.78
265.15
265.41
265.58
265.66
265.68
265.66
265.61
265.55
265.47
265.52
265.74
266.11
266.58
267.09
267.50
267.76
267.85
267.81
267.69
267.49
267.22
266.92
266.61
266.30
265.94
265.51
265.02
264.52
264.04
263.69
263.52
263.53
263.68
263.90
264.11
264.28
264.39
264.44
264.46
264.44
264.41
264.36
264.31
264.26
264.21
264.16
264.12
264.08
264.05
263.92
263.68
263.31
262.87
262.41
262.12
262.05
262.20
262.52
262.95
263.46
264.00
264.54
265.05
265.43
265.67
265.74
265.70
265.58
265.46
265.38
265.36
265.38
265.43
265.52
265.64
265.81
265.99
266.16
266.44
266.83
267.32
267.86
268.41
268.77
268.90
268.79
268.50
268.12
267.84
267.73
267.84
268.08
268.40
268.58
268.55
268.29
267.88
267.38
266.83
266.25
265.67
265.12
264.62
264.08
263.48
262.82
262.15
261.52
261.10
260.93
261.04
261.32
261.82
262.50
263.33
264.21
265.08
265.88
266.56
267.12
267.55
267.89
268.18
268.45
268.73
268.99
269.22
269.54
269.94
270.44
270.99
271.53
271.85
271.91
271.69
271.29
270.77
270.19
269.56
268.94
268.34
267.80
267.32
266.92
266.58
266.32
266.12
266.05
266.12
266.32
266.61
266.94
267.25
267.52
267.74
267.90
268.03
268.06
267.99
267.84
267.64
267.41
267.15
266.86
266.56
266.27
265.94
265.58
265.19
264.80
264.43
264.23
264.22
264.42
264.75
265.15
265.51
265.77
265.91
265.96
265.95
265.97
266.05
266.21
266.42
266.65
266.83
266.94
266.97
266.93
266.86
266.76
266.65
266.54
266.43
266.34
266.38
266.60
266.98
267.46
267.99
268.39
268.61
268.62
268.49
268.27
267.93
267.52
267.04
266.54
266.05
265.63
265.29
265.03
264.85
264.73
264.66
264.63
264.63
264.65
264.65
264.64
264.59
264.53
264.45
264.43
264.47
264.58
264.74
264.91
265.09
265.27
265.43
265.57
265.70
265.88
266.14
266.47
266.83
267.21
267.49
267.64
267.66
267.59
267.45
267.20
266.84
266.38
265.88
265.37
264.97
264.70
264.59
264.58
264.65
264.67
264.59
264.39
264.13
263.83
263.66
263.65
263.82
264.11
264.47
264.94
265.49
266.12
266.77
267.16
267.22
266.94
266.42
265.76
265.32
265.17
265.39
265.83
266.42
266.82
266.91
266.66
266.19
265.58
265.01
264.56
264.27
264.10
264.03
264.12
264.34
264.70
265.12
265.57
266.10
266.69
267.33
267.98
268.60
268.89
268.81
268.33
267.61
266.74
266.07
265.69
265.66
265.86
266.23
266.61
266.93
267.17
267.32
267.41
267.34
267.12
266.74
266.28
265.78
265.33
264.97
264.73
264.57
264.50
264.53
264.62
264.76
264.93
265.21
265.60
266.12
266.69
267.26
267.62
267.72
267.54
267.17
266.69
266.18
265.69
265.26
264.89
264.59
264.47
264.57
264.87
265.31
265.81
266.09
266.08
265.75
265.21
264.56
263.85
263.15
262.49
261.90
261.38
261.24
261.51
262.21
263.17
264.26
265.15
265.72
265.92
265.85
265.60
265.26
264.88
264.52
264.18
263.88
263.65
263.50
263.42
263.39
263.38
263.36
263.33
263.29
263.25
263.13
262.91
262.61
262.25
261.89
261.82
262.12
262.80
263.72
264.75
265.54
265.99
266.03
265.79
265.37
264.90
264.43
264.03
263.70
263.42
263.21
263.05
262.93
262.86
262.81
262.84
262.95
263.14
263.37
263.62
263.89
264.18
264.49
264.78
265.05
265.40
265.83
266.36
266.92
267.48
267.98
268.40
268.73
268.97
269.14
269.25
269.32
269.35
269.35
269.20
268.88
268.40
267.82
267.22
266.73
266.40
266.25
266.25
266.33
266.40
266.42
266.35
266.23
266.09
266.03
266.10
266.30
266.58
266.91
267.26
267.59
267.90
268.17
268.41
268.55
268.60
268.55
268.42
268.26
268.06
267.82
267.55
267.28
267.02
266.68
266.24
265.71
265.14
264.57
264.09
263.72
263.48
263.33
263.27
263.29
263.38
263.53
263.72
263.89
264.03
264.12
264.18
264.22
264.28
264.39
264.56
264.75
264.95
265.01
264.91
264.63
264.24
263.79
263.49
263.38
263.50
263.78
264.14
264.52
264.88
265.19
265.45
265.66
265.78
265.79
265.70
265.55
265.36
265.26
265.28
265.45
265.70
265.99
266.02
265.70
265.01
264.10
263.08
262.26
261.72
261.52
261.56
261.78
262.05
262.31
262.54
262.72
262.86
263.13
263.55
264.14
264.81
265.39
265.84
266.10
266.23
266.26
266.07
265.69
265.11
264.43
263.72
263.11
262.63
262.31
262.13
262.05
262.07
262.17
262.34
262.55
262.77
263.05
263.37
263.74
264.12
264.48
264.93
265.46
266.07
266.71
267.34
267.78
268.01
268.01
267.85
267.59
267.26
266.92
266.57
266.24
265.95
265.85
265.98
266.33
266.83
267.41
267.81
267.99
267.90
267.63
267.24
266.96
266.84
266.93
267.16
267.44
267.74
268.01
268.26
268.47
268.54
268.45
268.21
267.86
267.47
267.19
267.09
267.17
267.37
267.66
267.74
267.56
267.08
266.43
265.67
265.03
264.56
264.31
264.23
264.26
264.35
264.47
264.57
264.67
264.76
264.78
264.72
264.59
264.42
264.22
264.09
264.07
264.15
264.31
264.51
264.71
264.87
264.99
265.08
265.14
265.06
264.85
264.49
264.05
263.58
263.25
263.10
263.14
263.33
263.63
264.01
264.43
264.87
265.28
265.78
266.35
266.99
267.66
268.31
268.69
268.76
268.51
268.03
267.43
266.96
266.70
266.69
266.86
267.15
267.42
267.63
267.75
267.79
267.77
267.51
266.97
266.17
265.23
264.23
263.55
263.27
263.43
263.90
264.55
265.22
265.82
266.31
266.69
266.97
267.22
267.46
267.72
267.97
268.19
268.45
268.74
269.06
269.39
269.68
269.92
270.09
270.20
270.27
270.17
269.89
269.43
268.88
268.28
267.68
267.12
266.62
266.18
265.81
265.47
265.18
264.91
264.67
264.46
264.24
264.00
263.72
263.43
263.15
262.87
262.58
262.30
262.03
261.79
261.71
261.81
262.11
262.53
263.01
263.58
264.24
264.95
265.66
266.34
266.83
267.08
267.10
266.94
266.68
266.32
265.91
265.46
265.02
264.60
264.25
263.97
263.78
263.66
263.70
263.90
264.27
264.72
265.21
265.60
265.84
265.91
265.86
265.72
265.56
265.40
265.27
265.17
265.08
265.07
265.14
265.29
265.49
265.70
265.87
265.97
265.99
265.95
265.87
265.77
265.65
265.54
265.43
265.33
265.35
265.51
265.80
266.18
266.60
266.83
266.83
266.57
266.14
265.62
265.28
265.18
265.37
265.75
266.25
266.74
267.18
267.53
267.80
268.00
268.01
267.82
267.42
266.91
266.45
266.10
265.90
265.83
265.83
265.82
265.76
265.62
265.43
265.23
265.07
264.98
264.98
265.03
265.11
265.22
265.34
265.46
265.57
265.67
265.76
265.83
265.90
265.94
265.98
266.03
266.11
266.21
266.32
266.44
266.47
266.40
266.22
265.98
265.70
265.47
265.31
265.23
265.22
265.26
265.21
265.06
264.79
264.46
264.09
263.69
263.29
262.88
262.49
262.14
261.89
261.74
261.71
261.75
261.90
262.15
262.47
262.84
263.21
263.45
263.55
263.48
263.30
263.05
263.03
263.31
263.92
264.72
265.62
266.41
267.00
267.36
267.55
267.59
267.40
267.00
266.39
265.68
264.93
264.33
263.93
263.76
263.76
263.88
264.05
264.24
264.41
264.56
264.69
264.69
264.54
264.25
263.88
263.46
263.09
262.80
262.60
262.49
262.44
262.40
262.37
262.33
262.28
262.23
262.21
262.23
262.28
262.36
262.55
262.87
263.31
263.82
264.35
264.81
265.16
265.41
265.55
265.63
265.86
266.30
266.96
267.75
268.58
269.08
269.16
268.78
268.10
267.24
266.44
265.79
265.34
265.06
264.92
265.04
265.41
266.03
266.77
267.58
268.35
269.05
269.64
270.13
270.52
270.66
270.53
270.15
269.60
268.98
268.38
267.86
267.45
267.14
266.91
266.70
266.49
266.27
266.04
265.83
265.55
265.21
264.80
264.36
263.90
263.44
262.98
262.56
262.18
262.01
262.07
262.38
262.85
263.40
264.03
264.71
265.41
266.10
266.74
267.17
267.37
267.33
267.13
266.81
266.63
266.65
266.89
267.28
267.75
268.04
268.08
267.84
267.41
266.87
266.21
265.45
264.63
263.81
263.03
262.48
262.20
262.21
262.42
262.76
263.14
263.52
263.87
264.17
264.43
264.67
264.89
265.11
265.31
265.38
265.30
265.07
264.74
264.37
264.03
263.77
263.59
263.50
263.45
263.56
263.82
264.22
264.71
265.22
265.71
266.13
266.47
266.74
266.94
266.95
266.76
266.37
265.87
265.31
264.98
264.95
265.25
265.77
266.41
267.03
267.55
267.94
268.22
268.40
268.46
268.39
268.21
267.97
267.70
267.39
267.06
266.72
266.38
266.08
265.72
265.32
264.86
264.38
263.92
263.41
262.86
262.27
261.68
261.26
261.04
261.05
261.21
261.47
261.71
261.88
261.95
261.95
261.90
261.79
261.63
261.43
261.21
261.00
260.90
260.94
261.14
261.43
261.77
262.18
262.64
263.15
263.66
264.14
264.60
265.04
265.45
265.82
266.15
266.42
266.64
266.82
266.95
267.04
267.08
267.06
266.99
266.89
266.77
266.62
266.44
266.24
266.03
265.83
265.75
265.82
266.03
266.34
266.70
266.89
266.85
266.57
266.12
265.67
265.28
264.99
264.79
264.66
264.64
264.72
264.90
265.14
265.41
265.63
265.78
265.84
265.83
265.79
265.69
265.54
265.35
265.15
264.95
264.89
265.00
265.29
265.69
266.15
266.63
267.09
267.51
267.89
268.21
268.29
268.11
267.65
267.03
266.32
265.71
265.24
264.95
264.80
264.76
264.72
264.64
264.50
264.31
264.12
263.92
263.73
263.56
263.41
263.28
263.26
263.35
263.55
263.83
264.24
264.79
265.45
266.15
266.86
267.33
267.52
267.41
267.10
266.67
266.35
266.23
266.35
266.63
267.00
267.56
268.28
269.14
270.06
270.97
271.58
271.83
271.70
271.30
270.73
270.00
269.16
268.24
267.31
266.43
265.74
265.27
265.03
264.97
265.03
265.16
265.30
265.44
265.57
265.68
265.80
265.94
266.09
266.25
266.40
266.48
266.49
266.41
266.28
266.12
266.17
266.45
267.01
267.71
268.33
268.77
268.99
269.03
268.96
268.61
268.00
267.15
266.17
265.15
264.19
263.33
262.60
262.01
261.54
261.42
261.68
262.30
263.15
264.11
265.02
265.80
266.41
266.87
267.20
267.40
267.47
267.44
267.35
267.21
267.07
266.96
266.88
266.84
266.81
266.81
266.81
266.82
266.84
266.87
266.78
266.57
266.24
265.83
265.39
265.17
265.22
265.56
266.09
266.57
266.90
267.03
267.01
266.89
266.70
266.48
266.25
266.02
265.80
265.47
265.02
264.43
263.78
263.13
262.66
262.43
262.46
262.67
263.00
263.41
263.88
264.38
264.86
265.32
265.65
265.83
265.86
265.78
265.63
265.49
265.40
265.36
265.37
265.41
265.44
265.46
265.44
265.41
265.36
265.31
265.26
265.21
265.16
265.12
265.08
265.05
265.03
265.01
265.00
265.07
265.24
265.50
265.82
266.00
265.99
265.77
265.42
264.99
264.68
264.57
264.67
264.92
265.26
265.43
265.37
265.04
264.54
263.94
263.40
262.95
262.64
262.44
262.34
262.46
262.81
263.39
264.09
264.85
265.52
266.06
266.43
266.67
266.80
266.69
266.33
265.75
265.03
264.26
263.54
262.93
262.45
262.09
261.84
261.88
262.24
262.90
263.75
264.67
265.45
265.99
266.27
266.34
266.27
266.17
266.11
266.12
266.17
266.19
266.17
266.10
265.99
265.86
265.77
265.75
265.80
265.90
266.03
266.23
266.49
266.80
267.14
267.48
267.77
268.00
268.16
268.26
268.32
268.24
268.01
267.63
267.17
266.68
266.17
265.65
265.15
264.68
264.26
264.12
264.28
264.75
265.41
266.17
266.75
267.07
267.07
266.85
266.49
266.08
265.67
265.29
264.96
264.67
264.54
264.58
264.80
265.11
265.49
265.76
265.86
265.78
265.58
265.41
265.32
265.34
265.45
265.61
265.85
266.16
266.52
266.91
267.30
267.58
267.73
267.75
267.66
267.52
267.31
267.05
266.76
266.46
266.17
265.80
265.34
264.78
264.19
263.61
263.08
262.65
262.30
262.05
261.87
261.80
261.84
261.99
262.20
262.44
262.75
263.11
263.52
263.94
264.34
264.77
265.21
265.67
266.12
266.53
266.87
267.13
267.31
267.41
267.47
267.42
267.29
267.08
266.82
266.43
265.92
265.30
264.64
263.98
263.54
263.38
263.52
263.85
264.31
264.74
265.10
265.35
265.50
265.59
265.56
265.43
265.21
264.93
264.64
264.40
264.24
264.16
264.16
264.20
264.11
263.85
263.41
262.87
262.28
261.88
261.73
261.85
262.16
262.58
263.05
263.54
264.02
264.46
264.85
265.24
265.63
266.03
266.42
266.78
267.06
267.28
267.41
267.48
267.56
267.66
267.81
267.97
268.14
268.15
267.96
267.56
267.04
266.45
265.94
265.54
265.29
265.15
265.10
265.03
264.91
264.73
264.51
264.27
264.23
264.41
264.84
265.41
266.06
266.64
267.11
267.44
267.64
267.75
267.73
267.60
267.37
267.08
266.77
266.26
265.57
264.67
263.69
262.69
261.91
261.39
261.16
261.16
261.31
261.63
262.11
262.70
263.35
264.00
264.59
265.09
265.49
265.80
266.02
266.18
266.28
266.34
266.36
266.43
266.58
266.82
267.10
267.40
267.56
267.55
267.35
267.03
266.65
266.24
265.83
265.45
265.10
264.80
264.71
264.84
265.21
265.73
266.32
266.82
267.19
267.38
267.44
267.40
267.20
266.83
266.31
265.72
265.10
264.45
263.79
263.12
262.48
261.90
261.61
261.64
262.00
262.57
263.26
263.95
264.56
265.07
265.48
265.79
266.10
266.43
266.80
267.18
267.35
267.28
266.95
266.46
265.87
265.33
264.90
264.60
264.41
264.31
264.28
264.29
264.34
264.41
264.49
264.44
264.23
263.86
263.40
262.89
262.70
262.90
263.53
264.42
265.46
266.37
267.07
267.50
267.72
267.79
267.90
268.11
268.47
268.91
269.39
269.56
269.38
268.80
267.98
267.03
266.07
265.16
264.36
263.67
263.10
262.75
262.62
262.71
262.95
263.28
263.69
264.13
264.60
265.05
265.45
265.77
266.01
266.17
266.28
266.37
266.45
266.53
266.62
266.70
266.88
267.17
267.58
268.05
268.54
268.80
268.77
268.45
267.93
267.31
266.66
266.06
265.52
265.07
264.69
264.52
264.58
264.85
265.27
265.76
266.25
266.70
267.08
267.40
267.66
267.85
268.00
268.10
268.17
268.21
268.22
268.22
268.21
268.19
268.16
267.92
267.44
266.70
265.83
265.14
264.75
264.70
264.90
265.25
265.68
266.11
266.52
266.88
267.19
267.32
267.25
266.97
266.56
266.09
265.62
265.19
264.82
264.52
264.28
264.10
263.97
263.88
263.82
263.79
263.99
264.46
265.18
266.06
266.99
267.56
267.68
267.30
266.59
265.68
264.85
264.20
263.78
263.56
263.48
263.42
263.34
263.22
263.07
262.90
262.79
262.76
262.79
262.89
263.01
263.23
263.55
263.95
264.40
264.66
264.69
264.46
264.07
263.57
263.27
263.25
263.54
264.03
264.65
265.28
265.89
266.42
266.88
267.26
267.49
267.56
267.47
267.27
267.01
266.70
266.35
265.97
265.61
265.27
264.93
264.61
264.29
264.01
263.75
263.48
263.18
262.85
262.53
262.22
262.04
262.02
262.17
262.42
262.74
263.08
263.42
263.75
264.04
264.30
264.46
264.53
264.49
264.38
264.24
264.09
263.97
263.89
263.84
263.89
264.06
264.33
264.66
265.02
265.38
265.71
266.02
266.28
266.51
266.83
267.26
267.81
268.43
269.05
269.37
269.34
268.93
268.27
267.47
266.83
266.45
266.37
266.50
266.79
267.03
267.15
267.12
266.99
266.79
266.42
265.89
265.20
264.44
263.67
263.09
262.76
262.70
262.84
263.11
263.47
263.90
264.37
264.84
265.28
265.58
265.70
265.65
265.46
265.20
264.85
264.42
263.94
263.45
263.13
263.03
263.18
263.48
263.89
264.23
264.45
264.54
264.51
264.41
264.32
264.27
264.27
264.31
264.37
264.48
264.62
264.79
264.98
265.16
265.42
265.75
266.15
266.59
267.02
267.25
267.22
266.92
266.44
265.87
265.35
264.92
264.63
264.44
264.34
264.28
264.23
264.19
264.15
264.11
264.08
264.05
264.03
264.01
264.00
264.07
264.24
264.50
264.82
265.03
265.08
264.95
264.70
264.38
264.27
264.43
264.90
265.55
266.30
266.86
267.15
267.14
266.91
266.53
266.09
265.61
265.13
264.68
264.28
263.98
263.80
263.74
263.76
263.84
263.86
263.77
263.56
263.27
262.95
262.75
262.72
262.88
263.15
263.50
263.95
264.50
265.13
265.77
266.40
266.89
267.23
267.41
267.45
267.41
267.33
267.24
267.17
267.10
267.06
266.99
266.91
266.80
266.68
266.62
266.62
266.69
266.81
266.96
267.07
267.11
267.09
267.01
266.90
266.83
266.81
266.87
266.97
267.09
267.31
267.61
268.01
268.45
268.89
269.13
269.11
268.83
268.37
267.82
267.25
266.72
266.26
265.87
265.55
265.26
265.01
264.78
264.58
264.41
264.37
264.49
264.75
265.12
265.52
265.94
266.34
266.71
267.04
267.33
267.45
267.41
267.20
266.88
266.50
266.13
265.79
265.52
265.30
264.99
264.58
264.04
263.45
262.85
262.28
261.76
261.30
260.91
260.58
260.46
260.55
260.85
261.28
261.78
262.31
262.82
263.29
263.72
264.08
264.52
265.05
265.69
266.37
267.04
267.56
267.89
268.03
268.01
267.89
267.68
267.41
267.08
266.75
266.42
265.97
265.41
264.73
264.00
263.27
262.72
262.39
262.30
262.38
262.57
262.76
262.89
262.94
262.92
262.85
262.90
263.08
263.42
263.85
264.24
264.54
264.72
264.81
264.82
264.82
264.81
264.82
264.83
264.85
264.82
264.73
264.57
264.37
264.16
264.09
264.18
264.44
264.82
265.26
265.57
265.72
265.69
265.51
265.26
264.99
264.73
264.51
264.33
264.19
264.18
264.33
264.63
265.02
265.45
265.81
266.06
266.18
266.20
266.15
266.26
266.60
267.18
267.89
268.67
269.25
269.58
269.63
269.46
269.21
268.95
268.71
268.51
268.34
268.17
268.01
267.84
267.68
267.53
267.34
267.11
266.84
266.55
266.26
265.89
265.42
264.85
264.25
263.65
263.31
263.26
263.54
264.02
264.63
265.05
265.19
265.01
264.62
264.10
263.43
262.66
261.82
260.97
260.17
259.67
259.55
259.80
260.31
260.97
261.81
262.78
263.85
264.93
265.95
266.70
267.12
267.19
267.02
266.69
266.42
266.28
266.33
266.51
266.64
266.65
266.52
266.29
266.01
265.70
265.40
265.11
264.85
264.62
264.59
264.77
265.18
265.73
266.34
266.88
267.31
267.59
267.76
267.83
267.82
267.72
267.56
267.37
267.16
266.95
266.75
266.57
266.42
266.29
266.29
266.43
266.72
267.10
267.52
267.82
267.94
267.87
267.66
267.38
267.08
266.80
266.56
266.36
266.20
266.11
266.08
266.10
266.17
266.26
266.26
266.13
265.88
265.55
265.15
264.72
264.27
263.84
263.43
263.15
263.02
263.03
263.14
263.32
263.67
264.18
264.85
265.60
266.36
267.00
267.50
267.82
268.00
268.07
268.09
268.09
268.08
268.07
268.06
268.00
267.87
267.68
267.46
267.23
266.97
266.70
266.42
266.15
265.89
265.72
265.64
265.66
265.75
265.87
266.02
266.18
266.33
266.47
266.60
266.66
266.64
266.54
266.38
266.33
266.43
266.69
267.04
267.45
267.69
267.70
267.45
267.04
266.54
266.00
265.46
264.95
264.49
264.08
263.74
263.46
263.24
263.08
262.96
262.90
262.91
262.97
263.07
263.19
263.37
263.61
263.90
264.22
264.54
264.82
265.03
265.18
265.28
265.33
265.37
265.43
265.49
265.57
265.64
265.50
265.11
264.45
263.65
262.78
262.13
261.78
261.76
261.97
262.33
262.73
263.10
263.41
263.66
263.74
263.66
263.40
263.04
262.62
262.27
262.03
261.90
261.88
261.92
262.06
262.29
262.59
262.94
263.29
263.73
264.27
264.90
265.56
266.21
266.73
267.10
267.30
267.37
267.34
267.39
267.55
267.84
268.22
268.63
268.83
268.77
268.41
267.88
267.24
266.68
266.24
265.98
265.85
265.82
265.81
265.79
265.73
265.65
265.56
265.52
265.54
265.64
265.78
265.94
266.19
266.53
266.95
267.41
267.82
268.14
268.36
268.49
268.56
268.58
268.56
268.52
268.46
268.39
268.30
268.18
268.03
267.87
267.71
267.48
267.18
266.79
266.37
265.95
265.63
265.44
265.39
265.44
265.56
265.75
265.99
266.26
266.55
266.82
267.03
267.14
267.16
267.11
267.02
266.77
266.35
265.77
265.11
264.42
263.87
263.49
263.30
263.26
263.33
263.43
263.55
263.66
263.75
263.83
263.98
264.20
264.51
264.85
265.08
265.14
265.01
264.76
264.44
264.19
264.06
264.07
264.18
264.36
264.59
264.88
265.19
265.50
265.80
266.00
266.07
266.00
265.85
265.65
265.34
264.93
264.43
263.90
263.37
263.01
262.85
262.90
263.11
263.40
263.89
264.54
265.34
266.20
267.06
267.74
268.20
268.39
268.41
268.29
268.11
267.91
267.72
267.55
267.40
267.20
266.92
266.57
266.19
265.81
265.41
265.02
264.64
264.28
264.02
263.86
263.81
263.84
263.92
263.93
263.83
263.61
263.32
262.99
262.81
262.83
263.07
263.44
263.90
264.41
264.94
265.48
266.00
266.46
266.82
267.05
267.16
267.17
267.12
267.07
267.06
267.11
267.19
267.29
267.34
267.33
267.26
267.14
266.99
266.94
267.02
267.23
267.53
267.87
268.01
267.89
267.49
266.92
266.26
265.81
265.65
265.82
266.22
266.67
267.10
267.45
267.73
267.93
267.97
267.84
267.55
267.15
266.70
266.38
266.23
266.27
266.44
266.70
266.82
266.74
266.42
265.97
265.44
264.81
264.09
263.32
262.54
261.81
261.34
261.16
261.29
261.64
262.11
262.52
262.79
262.89
262.85
262.73
262.55
262.34
262.12
261.91
261.71
261.83
262.31
263.16
264.23
265.40
266.41
267.17
267.65
267.89
267.96
267.85
267.60
267.23
266.79
266.42
266.15
266.01
265.96
265.98
265.97
265.90
265.75
265.55
265.32
265.10
264.88
264.68
264.50
264.35
264.28
264.30
264.40
264.56
264.74
265.05
265.47
266.01
266.60
267.20
267.53
267.53
267.18
266.60
265.90
265.26
264.73
264.38
264.17
264.07
264.12
264.33
264.67
265.09
265.54
266.01
266.49
266.95
267.39
267.79
268.05
268.16
268.12
267.98
267.78
267.54
267.29
267.05
266.82
266.62
266.44
266.30
266.18
266.09
265.91
265.63
265.24
264.79
264.33
264.15
264.31
264.83
265.58
266.45
267.17
267.65
267.84
267.83
267.67
267.44
267.19
266.95
266.73
266.54
266.32
266.07
265.79
265.49
265.20
265.10
265.21
265.54
266.01
266.55
266.98
267.25
267.31
267.23
267.06
266.77
266.40
265.95
265.48
265.02
264.75
264.71
264.91
265.26
265.72
265.94
265.86
265.44
264.80
264.31
264.08
264.18
264.51
264.98
265.39
265.68
265.78
265.76
265.65
265.49
265.29
265.09
264.89
264.70
264.42
264.04
263.56
263.04
262.51
262.13
261.96
262.00
262.19
262.47
262.88
263.40
264.02
264.66
265.29
265.69
265.81
265.64
265.27
264.78
264.40
264.19
264.19
264.35
264.60
264.98
265.47
266.06
266.69
267.30
267.88
268.39
268.84
269.22
269.52
269.60
269.44
269.03
268.48
267.91
267.37
266.93
266.57
266.28
265.96
265.58
265.12
264.63