295.31
295.42
295.35
295.12
294.79
294.41
293.94
293.38
292.76
292.12
291.51
291.00
290.61
290.36
290.22
290.17
290.33
290.72
291.33
292.06
292.84
293.44
293.82
293.93
293.85
293.78
293.78
293.90
294.09
294.33
294.48
294.51
294.39
294.18
293.92
293.61
293.26
292.90
292.54
292.21
292.07
292.16
292.48
292.95
293.49
294.14
294.86
295.65
296.43
297.17
297.71
298.00
298.05
297.92
297.68
297.28
296.76
296.14
295.49
294.84
294.26
293.78
293.40
293.11
292.90
292.95
293.26
293.84
294.58
295.39
296.12
296.72
297.15
297.45
297.63
297.65
297.50
297.22
296.84
296.59
296.51
296.65
296.92
297.27
297.64
297.99
298.28
298.53
298.72
298.77
298.65
298.38
298.00
297.58
296.88
295.89
294.61
293.20
291.77
290.63
289.84
289.46
289.38
289.52
289.89
290.43
291.10
291.84
292.58
293.31
294.00
294.65
295.22
295.73
296.01
296.06
295.88
295.55
295.13
294.82
294.70
294.79
295.02
295.35
295.56
295.59
295.42
295.12
294.93
294.93
295.14
295.49
295.93
296.34
296.70
296.96
297.15
297.27
297.18
296.87
296.34
295.68
294.97
294.26
293.58
292.98
292.44
291.99
291.84
292.00
292.50
293.19
293.98
294.54
294.77
294.62
294.22
293.66
293.15
292.77
292.57
292.51
292.54
292.46
292.20
291.74
291.17
290.54
290.08
289.82
289.82
289.98
290.26
290.79
291.56
292.55
293.64
294.61
295.38
295.90
296.21
296.37
296.51
296.69
296.94
297.23
297.52
297.75
297.90
297.96
297.95
297.89
297.67
297.27
296.72
296.08
295.41
294.70
293.99
293.27
292.59
291.98
291.28
290.49
289.58
288.65
287.75
287.18
287.02
287.27
287.81
288.52
289.55
290.87
292.45
294.11
295.76
297.11
298.09
298.67
298.93
298.95
298.68
298.15
297.39
296.52
295.61
294.89
294.42
294.22
294.24
294.39
294.64
294.94
295.26
295.58
295.64
295.39
294.82
294.06
293.20
292.35
291.56
290.87
290.28
289.81
289.48
289.31
289.28
289.35
289.49
289.80
290.28
290.92
291.65
292.39
292.96
293.33
293.46
293.42
293.27
293.12
293.02
293.00
293.04
293.12
293.23
293.34
293.46
293.56
293.66
293.73
293.74
293.72
293.66
293.58
293.55
293.58
293.68
293.82
293.90
293.89
293.79
293.62
293.41
293.35
293.48
293.81
294.27
294.79
295.13
295.25
295.11
294.78
294.36
293.88
293.39
292.92
292.49
292.10
291.88
291.84
291.98
292.24
292.57
292.90
293.21
293.47
293.68
293.84
294.07
294.39
294.80
295.26
295.73
296.05
296.18
296.10
295.87
295.56
295.21
294.84
294.49
294.16
293.87
293.48
292.99
292.37
291.71
291.23
291.01
291.06
291.31
291.68
292.04
292.33
292.51
292.61
292.65
292.65
292.61
292.55
292.47
292.40
292.35
292.34
292.37
292.42
292.49
292.64
292.89
293.23
293.62
294.01
294.29
294.42
294.38
294.22
293.99
293.81
293.70
293.70
293.76
293.87
294.07
294.33
294.66
295.01
295.37
295.65
295.84
295.93
295.94
295.90
295.64
295.14
294.40
293.55
292.65
292.02
291.72
291.79
292.12
292.58
293.10
293.63
294.12
294.56
294.76
294.69
294.34
293.80
293.17
292.61
292.19
291.93
291.81
291.79
291.76
291.69
291.54
291.36
291.16
291.25
291.69
292.49
293.51
294.63
295.43
295.80
295.71
295.28
294.64
294.08
293.70
293.55
293.58
293.73
294.01
294.39
294.85
295.34
295.83
296.10
296.11
295.84
295.40
294.85
294.37
294.01
293.81
293.74
293.75
293.83
293.95
294.08
294.23
294.45
294.76
295.15
295.57
296.00
296.48
297.03
297.62
298.21
298.78
299.00
298.82
298.23
297.37
296.37
295.44
294.66
294.08
293.66
293.39
293.13
292.83
292.47
292.08
291.70
291.61
291.86
292.47
293.30
294.24
294.97
295.39
295.44
295.25
294.88
294.47
294.08
293.75
293.47
293.26
292.96
292.55
292.02
291.43
290.95
290.61
290.45
290.41
290.48
290.74
291.19
291.81
292.53
293.27
293.88
294.31
294.55
294.63
294.60
294.44
294.17
293.81
293.41
293.00
292.66
292.41
292.27
292.21
292.21
292.23
292.24
292.23
292.22
292.20
292.30
292.56
292.98
293.49
294.03
294.41
294.58
294.50
294.26
293.92
293.55
293.19
292.88
292.61
292.39
292.14
291.83
291.47
291.08
290.70
290.31
289.93
289.56
289.22
289.02
288.99
289.12
289.37
289.69
290.17
290.80
291.58
292.41
293.24
294.02
294.73
295.35
295.87
296.29
296.55
296.63
296.55
296.36
296.09
295.83
295.58
295.38
295.21
295.09
294.89
294.59
294.20
293.75
293.28
292.78
292.26
291.72
291.19
290.71
290.33
290.07
289.94
289.91
289.94
290.10
290.38
290.77
291.22
291.68
292.23
292.88
293.60
294.34
294.79
294.88
294.57
294.00
293.29
292.61
292.04
291.65
291.39
291.24
291.20
291.26
291.39
291.57
291.77
292.14
292.68
293.40
294.21
295.02
295.60
295.86
295.78
295.48
295.02
294.59
294.26
294.07
293.98
293.98
294.08
294.28
294.57
294.90
295.25
295.53
295.72
295.82
295.85
295.82
295.68
295.42
295.06
294.64
294.21
293.81
293.48
293.22
293.02
292.89
292.80
292.75
292.72
292.72
292.65
292.51
292.27
291.98
291.67
291.45
291.33
291.34
291.44
291.59
291.74
291.88
291.98
292.05
292.10
292.23
292.48
292.83
293.25
293.70
294.07
294.36
294.55
294.64
294.68
294.72
294.79
294.91
295.04
295.19
295.37
295.56
295.78
295.99
296.20
296.20
295.96
295.47
294.84
294.14
293.67
293.50
293.68
294.09
294.63
295.12
295.47
295.63
295.66
295.59
295.46
295.29
295.10
294.91
294.72
294.56
294.41
294.29
294.18
294.00
293.70
293.30
292.84
292.37
291.96
291.65
291.46
291.35
291.31
291.55
292.11
292.98
294.01
295.11
295.99
296.54
296.74
296.69
296.45
296.02
295.43
294.73
293.99
293.26
292.67
292.28
292.10
292.08
292.16
292.34
292.60
292.91
293.24
293.56
293.84
294.06
294.20
294.30
294.29
294.20
294.01
293.77
293.51
293.30
293.16
293.11
293.12
293.18
293.26
293.36
293.46
293.56
293.66
293.61
293.39
293.01
292.52
292.00
291.57
291.30
291.20
291.22
291.34
291.45
291.53
291.56
291.55
291.52
291.55
291.66
291.86
292.11
292.39
292.49
292.36
291.98
291.45
290.83
290.15
289.42
288.67
287.95
287.29
286.89
286.79
287.00
287.41
287.95
288.56
289.22
289.88
290.51
291.09
291.59
292.02
292.38
292.66
292.79
292.78
292.62
292.37
292.07
291.80
291.59
291.47
291.41
291.41
291.56
291.90
292.41
293.01
293.64
294.16
294.51
294.68
294.71
294.64
294.50
294.32
294.13
293.93
293.74
293.63
293.59
293.64
293.75
293.89
293.84
293.54
292.98
292.27
291.49
290.79
290.21
289.79
289.51
289.34
289.47
289.91
290.65
291.56
292.31
292.77
292.89
292.77
292.49
292.31
292.33
292.60
293.02
293.53
293.94
294.18
294.24
294.16
293.99
294.09
294.52
295.33
296.37
297.50
298.24
298.46
298.11
297.38
296.42
295.30
294.10
292.87
291.70
290.63
289.84
289.38
289.25
289.36
289.63
290.03
290.51
291.03
291.55
292.05
292.69
293.49
294.45
295.47
296.49
297.22
297.62
297.65
297.43
297.11
296.79
296.53
296.31
296.14
295.96
295.76
295.52
295.28
295.04
294.68
294.19
293.57
292.89
292.21
291.85
291.89
292.35
293.08
293.96
294.72
295.25
295.50
295.54
295.44
295.13
294.63
293.99
293.27
292.54
291.83
291.19
290.62
290.14
289.74
289.60
289.76
290.20
290.82
291.53
292.16
292.65
292.96
293.12
293.17
293.31
293.58
294.00
294.51
295.05
295.62
296.18
296.73
297.23
297.71
298.15
298.56
298.92
299.23
299.39
299.37
299.17
298.87
298.50
298.05
297.55
297.01
296.47
295.96
295.44
294.93
294.41
293.91
293.46
293.18
293.08
293.16
293.37
293.66
293.77
293.65
293.26
292.71
292.07
291.43
290.84
290.33
289.90
289.55
289.35
289.32
289.44
289.66
289.94
290.22
290.47
290.67
290.83
290.95
291.07
291.19
291.31
291.44
291.55
291.66
291.75
291.83
291.89
291.78
291.48
290.97
290.35
289.68
289.10
288.64
288.34
288.17
288.09
288.22
288.55
289.07
289.70
290.37
290.96
291.41
291.70
291.87
291.95
292.13
292.48
293.02
293.67
294.35
294.92
295.32
295.53
295.60
295.56
295.39
295.13
294.77
294.37
293.97
293.68
293.56
293.60
293.75
293.98
294.23
294.45
294.64
294.79
294.93
295.08
295.23
295.37
295.51
295.58
295.57
295.48
295.33
295.16
295.04
294.97
294.98
295.04
295.13
294.98
294.52
293.75
292.79
291.76
290.81
290.00
289.39
288.93
288.62
288.39
288.23
288.10
288.00
287.94
288.05
288.37
288.90
289.54
290.22
290.85
291.38
291.79
292.08
292.28
292.44
292.56
292.67
292.77
292.85
292.94
293.04
293.17
293.30
293.43
293.74
294.25
294.97
295.80
296.55
297.15
297.56
297.83
297.96
297.93
297.74
297.40
296.98
296.53
295.95
295.23
294.40
293.52
292.67
292.09
291.84
291.94
292.28
292.77
293.02
292.93
292.44
291.70
290.82
290.00
289.32
288.83
288.49
288.28
288.36
288.73
289.38
290.19
291.06
291.94
292.77
293.53
294.19
294.75
295.05
295.07
294.81
294.38
293.84
293.44
293.26
293.33
293.58
293.85
294.10
294.26
294.36
294.41
294.51
294.67
294.90
295.18
295.47
295.68
295.77
295.74
295.63
295.47
295.19
294.81
294.35
293.84
293.33
293.04
293.01
293.25
293.67
294.20
294.67
295.01
295.20
295.27
295.25
295.30
295.47
295.77
296.16
296.58
296.90
297.08
297.09
296.99
296.81
296.37
295.67
294.72
293.64
292.53
291.72
291.30
291.31
291.63
292.13
292.61
292.98
293.19
293.27
293.53
294.03
294.80
295.73
296.72
297.53
298.10
298.38
298.46
298.38
298.03
297.44
296.63
295.71
294.76
293.89
293.15
292.58
292.14
291.83
291.75
291.91
292.30
292.82
293.40
294.06
294.76
295.48
296.17
296.80
297.20
297.34
297.21
296.89
296.45
295.86
295.13
294.29
293.42
292.57
291.79
291.09
290.49
289.99
289.58
289.59
290.04
290.95
292.12
293.17
293.97
294.42
294.61
294.60
294.49
294.31
294.12
293.92
293.74
293.59
293.50
293.46
293.47
293.50
293.44
293.27
292.97
292.61
292.21
291.82
291.44
291.10
290.81
290.55
290.32
290.10
289.89
289.69
289.52
289.55
289.83
290.35
291.02
291.76
292.34
292.70
292.81
292.74
292.54
292.45
292.54
292.84
293.27
293.78
294.17
294.39
294.42
294.31
294.11
293.86
293.58
293.31
293.04
292.83
292.67
292.58
292.54
292.54
292.58
292.68
292.82
292.98
293.14
293.36
293.63
293.94
294.27
294.59
294.71
294.58
294.19
293.64
293.00
292.40
291.87
291.46
291.14
290.91
290.92
291.17
291.65
292.28
292.97
293.56
294.00
294.26
294.37
294.37
294.27
294.10
293.86
293.60
293.33
293.12
293.00
292.96
292.99
293.07
293.25
293.54
293.93
294.36
294.68
294.82
294.77
294.58
294.32
293.93
293.43
292.84
292.23
291.63
291.06
290.56
290.12
289.75
289.46
289.52
289.97
290.83
291.92
293.11
294.00
294.46
294.44
294.08
293.50
292.91
292.39
292.01
291.74
291.57
291.49
291.51
291.60
291.74
291.90
292.21
292.67
293.28
293.95
294.64
295.25
295.75
296.11
296.35
296.51
296.54
296.45
296.25
296.00
295.74
295.50
295.31
295.16
295.05
294.86
294.57
294.18
293.74
293.28
292.97
292.85
292.93
293.15
293.46
293.79
294.09
294.36
294.57
294.75
294.57
293.98
292.98
291.75
290.42
289.33
288.59
288.25
288.21
288.39
288.74
289.19
289.71
290.26
290.78
291.30
291.79
292.25
292.67
293.03
293.13
292.92
292.40
291.70
290.90
290.37
290.21
290.46
290.98
291.51
291.94
292.18
292.29
292.30
292.10
291.70
291.12
290.44
289.72
289.50
289.88
290.90
292.32
293.94
295.37
296.47
297.16
297.53
297.66
297.44
296.92
296.13
295.20
294.21
293.35
292.67
292.22
291.94
291.80
291.90
292.23
292.77
293.43
294.13
294.83
295.49
296.09
296.61
297.05
297.22
297.10
296.69
296.10
295.42
294.83
294.42
294.21
294.16
294.23
294.21
294.05
293.72
293.29
292.74
292.08
291.35
290.60
289.89
289.37
289.07
289.03
289.15
289.39
289.89
290.63
291.59
292.67
293.76
294.59
295.08
295.21
295.08
294.77
294.54
294.46
294.60
294.88
295.24
295.70
296.22
296.79
297.36
297.90
298.20
298.23
297.97
297.52
296.97
296.37
295.77
295.20
294.68
294.23
293.74
293.20
292.59
291.98
291.39
290.92
290.62
290.48
290.46
290.69
291.16
291.86
292.68
293.53
294.21
294.65
294.81
294.78
294.61
294.19
293.53
292.67
291.71
290.74
290.07
289.78
289.91
290.33
290.92
291.56
292.16
292.68
293.12
293.47
293.72
293.87
293.93
293.92
293.86
293.78
293.68
293.57
293.46
293.37
293.33
293.37
293.48
293.64
293.83
293.99
294.12
294.21
294.26
294.28
294.06
293.59
292.85
291.97
291.24
290.78
290.62
290.69
290.92
291.14
291.28
291.31
291.27
291.17
290.95
290.63
290.21
289.75
289.28
289.17
289.50
290.29
291.37
292.58
293.80
294.95
295.97
296.85
297.58
298.03
298.20
298.09
297.80
297.39
296.95
296.53
296.15
295.82
295.54
295.24
294.90
294.50
294.09
293.69
293.37
293.16
293.05
293.03
293.06
293.19
293.40
293.69
294.02
294.35
294.59
294.72
294.71
294.62
294.55
294.53
294.60
294.72
294.88
295.13
295.47
295.90
296.36
296.83
297.19
297.42
297.51
297.49
297.39
297.09
296.58
295.88
295.06
294.23
293.52
293.00
292.68
292.53
292.51
292.62
292.86
293.19
293.57
293.97
294.20
294.21
294.00
293.63
293.18
292.89
292.80
292.97
293.30
293.73
294.10
294.36
294.46
294.46
294.38
294.30
294.26
294.27
294.31
294.33
294.29
294.20
294.07
293.92
293.69
293.37
292.97
292.52
292.08
291.66
291.27
290.93
290.65
290.41
290.22
290.08
289.98
289.90
289.86
290.13
290.75
291.74
292.92
294.18
295.27
296.10
296.62
296.90
297.00
296.95
296.82
296.63
296.41
296.18
295.96
295.75
295.56
295.40
295.27
295.11
294.91
294.67
294.41
294.15
293.96
293.86
293.85
293.90
294.00
294.07
294.08
294.04
293.95
293.89
293.88
293.94
294.03
294.15
294.12
293.90
293.49
292.96
292.38
291.84
291.39
291.06
290.82
290.67
290.63
290.70
290.87
291.11
291.38
291.70
292.08
292.50
292.93
293.34
293.83
294.39
295.03
295.69
296.33
296.89
297.36
297.72
297.99
298.18
298.25
298.21
298.06
297.84
297.59
297.28
296.91
296.50
296.07
295.67
295.32
295.04
294.85
294.72
294.65
294.61
294.61
294.63
294.66
294.76
294.92
295.14
295.39
295.66
295.81
295.82
295.67
295.43
295.13
294.80
294.48
294.17
293.90
293.65
293.50
293.45
293.50
293.61
293.76
294.04
294.45
294.98
295.56
296.16
296.46
296.41
295.97
295.30
294.49
293.89
293.61
293.71
294.06
294.56
294.84
294.77
294.31
293.59
292.74
292.08
291.70
291.67
291.87
292.21
292.61
293.02
293.41
293.77
294.20
294.70
295.28
295.88
296.48
297.02
297.52
297.94
298.29
298.58
298.75
298.80
298.74
298.60
298.42
298.06
297.51
296.78
295.95
295.11
294.33
293.64
293.07
292.62
292.26
292.03
291.90
291.87
291.91
292.00
292.14
292.32
292.54
292.77
293.00
293.08
292.98
292.70
292.31
291.86
291.49
291.27
291.20
291.25
291.38
291.53
291.67
291.79
291.88
292.09
292.43
292.91
293.47
294.05
294.58
295.05
295.43
295.72
295.94
295.94
295.70
295.23
294.62
293.95
293.23
292.52
291.84
291.20
290.64
290.46
290.69
291.35
292.27
293.33
294.17
294.66
294.76
294.57
294.20
293.68
293.09
292.45
291.82
291.23
290.88
290.82
291.05
291.48
292.02
292.53
292.95
293.25
293.45
293.56
293.59
293.53
293.41
293.25
293.13
293.06
293.06
293.11
293.20
293.22
293.15
292.99
292.78
292.53
292.46
292.61
293.01
293.55
294.17
294.73
295.18
295.48
295.67
295.76
295.63
295.26
294.67
293.95
293.18
292.69
292.54
292.79
293.29
293.95
294.68
295.42
296.14
296.79
297.36
297.72
297.84
297.72
297.43
297.05
296.62
296.18
295.75
295.36
295.01
294.79
294.72
294.79
294.96
295.18
295.52
295.95
296.47
297.03
297.31
297.25
296.82
296.15
295.36
294.70
294.27
294.11
294.16
294.34
294.69
295.18
295.78
296.43
297.07
297.44
297.47
297.15
296.60
295.91
294.98
293.83
292.50
291.12
289.77
288.67
287.89
287.46
287.30
287.32
287.57
287.99
288.55
289.18
289.83
290.58
291.44
292.40
293.36
294.29
295.11
295.80
296.35
296.77
297.07
297.12
296.91
296.45
295.83
295.27
294.85
294.62
294.53
294.55
294.69
294.94
295.28
295.66
296.06
296.44
296.78
297.09
297.36
297.58
297.65
297.56
297.30
296.95
296.54
296.20
295.96
295.85
295.84
295.89
295.74
295.35
294.68
293.85
292.96
292.26
291.82
291.68
291.76
291.99
292.20
292.34
292.37
292.32
292.21
291.96
291.57
291.06
290.48
289.89
289.43
289.14
289.03
289.06
289.40
290.04
290.97
292.05
293.18
294.10
294.72
295.01
295.05
294.92
294.73
294.52
294.35
294.21
294.11
294.05
294.05
294.10
294.18
294.29
294.31
294.25
294.09
293.86
293.60
293.28
292.91
292.49
292.07
291.66
291.50
291.62
292.05
292.67
293.39
294.01
294.45
294.69
294.76
294.72
294.70
294.76
294.92
295.15
295.40
295.53
295.50
295.30
294.97
294.59
294.26
294.03
293.92
293.90
294.03
294.29
294.67
295.11
295.58
295.95
296.21
296.32
296.33
296.26
295.99
295.50
294.82
294.02
293.20
292.34
291.49
290.64
289.86
289.16
288.60
288.21
287.98
287.87
287.85
288.14
288.75
289.67
290.76
291.92
292.97
293.85
294.54
295.04
295.39
295.80
296.33
297.00
297.74
298.48
299.03
299.34
299.37
299.21
298.93
298.55
298.11
297.63
297.16
296.55
295.80
294.91
293.97
293.05
292.29
291.75
291.43
291.29
291.29
291.40
291.61
291.88
292.18
292.49
292.69
292.73
292.61
292.39
292.11
291.96
291.99
292.23
292.59
293.03
293.42
293.71
293.87
293.94
293.94
293.99
294.14
294.39
294.71
295.06
295.24
295.23
294.99
294.61
294.15
293.85
293.76
293.93
294.27
294.70
295.07
295.33
295.44
295.44
295.36
295.21
295.00
294.74
294.47
294.36
294.45
294.76
295.20
295.71
296.03
296.10
295.87
295.45
294.92
294.44
294.08
293.88
293.80
293.81
293.82
293.82
293.77
293.69
293.60
293.24
292.57
291.59
290.45
289.25
288.55
288.49
289.12
290.19
291.52
292.53
293.05
292.98
292.51
291.78
291.22
290.98
291.14
291.56
292.14
292.87
293.67
294.52
295.36
296.14
296.73
297.11
297.26
297.25
297.01
296.57
295.97
295.28
294.57
294.15
294.09
294.41
294.99
295.72
296.30
296.63
296.68
296.51
296.20
295.79
295.31
294.80
294.29
293.81
293.41
293.09
292.86
292.71
292.62
292.73
293.07
293.62
294.30
295.02
295.53
295.75
295.65
295.33
294.88
294.43
294.05
293.79
293.61
293.51
293.36
293.13
292.80
292.42
292.02
291.93
292.20
292.86
293.76
294.59
295.24
295.62
295.80
295.84
296.00
296.37
296.98
297.73
298.54
299.13
299.43
299.41
299.15
298.75
298.49
298.43
298.64
299.02
299.50
299.72
299.62
299.14
298.42
297.57
296.81
296.23
295.86
295.66
295.59
295.43
295.12
294.63
294.04
293.41
292.87
292.45
292.19
292.05
292.01
291.95
291.84
291.67
291.46
291.23
291.06
290.97
290.95
291.00
291.09
290.96
290.56
289.88
289.03
288.41
288.13
288.24
288.63
289.19
289.84
290.52
291.18
291.79
292.34
292.71
292.87
292.83
292.66
292.39
292.16
292.00
291.94
291.95
292.02
292.23
292.57
293.05
293.60
294.16
294.61
294.88
294.97
294.93
294.80
294.59
294.31
294.00
293.67
293.35
293.08
292.87
292.73
292.65
292.61
292.63
292.71
292.83
292.97
293.13
293.08
292.77
292.19
291.45
290.86
290.50
290.44
290.59
290.87
291.13
291.31
291.36
291.32
291.23
291.47
292.12
293.21
294.55
296.00
297.12
297.79
297.95
297.75
297.30
296.67
295.94
295.17
294.40
293.68
293.22
293.06
293.21
293.58
294.07
294.41
294.52
294.35
294.00
293.55
293.20
293.02
293.06
293.24
293.51
293.84
294.18
294.52
294.84
295.12
295.37
295.57
295.74
295.87
295.97
295.88
295.58
295.08
294.45
293.85
293.35
292.98
292.72
292.55
292.49
292.51
292.60
292.74
292.91
293.00
293.00
292.89
292.72
292.50
292.30
292.13
292.00
291.91
291.85
291.74
291.55
291.29
290.98
290.66
290.53
290.64
291.00
291.52
292.13
292.71
293.21
293.60
293.90
294.11
294.20
294.17
294.04
293.83
293.59
293.37
293.17
293.03
292.93
292.86
292.77
292.63
292.45
292.25
291.93
291.50
290.96
290.36
289.77
289.42
289.36
289.63
290.10
290.69
291.42
292.24
293.12
294.00
294.83
295.47
295.90
296.10
296.12
296.03
296.04
296.22
296.60
297.10
297.66
297.86
297.61
296.86
295.81
294.60
293.59
292.89
292.57
292.52
292.68
292.94
293.24
293.55
293.84
294.11
294.27
294.29
294.19
294.00
293.76
293.53
293.32
293.16
293.04
292.95
293.05
293.36
293.88
294.51
295.23
295.97
296.70
297.39
298.02
298.37
298.43
298.18
297.73
297.16
296.56
295.99
295.49
295.06
294.70
294.38
294.10
293.84
293.62
293.43
293.38
293.48
293.74
294.10
294.51
294.98
295.50
296.05
296.59
297.10
297.27
297.03
296.39
295.49
294.45
293.52
292.77
292.26
291.94
291.77
291.88
292.26
292.88
293.64
294.47
295.10
295.47
295.54
295.41
295.31
295.35
295.58
295.92
296.32
296.74
297.16
297.55
297.91
298.21
298.31
298.17
297.80
297.28
296.69
296.11
295.57
295.11
294.73
294.42
294.35
294.51
294.92
295.48
296.12
296.66
297.06
297.28
297.37
297.36
297.41
297.58
297.87
298.25
298.66
298.86
298.79
298.43
297.89
297.25
296.60
296.00
295.46
295.01
294.64
294.08
293.28
292.23
291.05
290.00
289.19
288.67
288.37
288.25
288.50
289.11
290.07
291.22
292.44
293.57
294.53
295.28
295.85
296.25
296.49
296.60
296.58
296.49
296.35
296.07
295.65
295.11
294.52
293.91
293.19
292.38
291.46
290.53
289.63
289.29
289.60
290.58
291.99
293.62
294.99
295.96
296.42
296.51
296.33
295.87
295.18
294.31
293.36
292.41
291.51
290.69
289.97
289.37
288.87
288.63
288.67
288.98
289.47
290.22
291.18
292.33
293.54
294.74
295.70
296.36
296.70
296.79
296.70
296.66
296.73
296.95
297.27
297.64
297.86
297.90
297.71
297.38
296.97
296.34
295.49
294.44
293.30
292.17
291.32
290.81
290.68
290.81
291.13
291.35
291.38
291.16
290.79
290.32
290.04
289.99
290.23
290.65
291.18
291.67
292.07
292.35
292.53
292.63
292.69
292.73
292.78
292.82
292.92
293.07
293.28
293.51
293.76
294.03
294.30
294.59
294.87
295.12
295.21
295.12
294.83
294.43
293.96
293.50
293.08
292.74
292.45
292.23
292.19
292.36
292.72
293.21
293.75
294.44
295.25
296.19
297.15
298.09
298.55
298.46
297.79
296.73
295.48
294.44
293.75
293.50
293.56
293.84
294.13
294.34
294.41
294.39
294.29
294.13
293.92
293.67
293.41
293.14
292.85
292.51
292.14
291.77
291.58
291.59
291.84
292.24
292.72
293.04
293.15
293.00
292.68
292.26
292.01
291.99
292.24
292.68
293.21
293.57
293.69
293.52
293.16
292.69
292.16
291.62
291.10
290.62
290.20
290.01
290.05
290.35
290.81
291.35
291.93
292.50
293.03
293.51
293.92
294.22
294.39
294.43
294.38
294.28
294.19
294.14
294.16
294.21
294.29
294.41
294.57
294.76
294.95
295.23
295.58
296.01
296.47
296.93
297.12
297.00
296.53
295.86
295.08
294.36
293.79
293.40
293.16
293.03
293.02
293.11
293.27
293.48
293.70
294.01
294.40
294.86
295.36
295.84
296.14
296.21
296.03
295.69
295.25
294.72
294.12
293.48
292.85
292.25
291.63
290.99
290.33
289.69
289.09
288.75
288.70
288.95
289.39
289.95
290.53
291.08
291.57
291.99
292.52
293.20
294.05
294.95
295.86
296.61
297.15
297.47
297.62
297.64
297.48
297.17
296.73
296.22
295.70
295.29
295.04
294.97
295.03
295.18
295.25
295.19
294.97
294.67
294.31
293.88
293.40
292.88
292.36
291.88
291.54
291.38
291.41
291.57
291.81
292.07
292.32
292.52
292.70
292.83
293.02
293.27
293.59
293.94
294.30
294.69
295.12
295.57
296.02
296.44
296.68
296.72
296.55
296.24
295.93
295.68
295.52
295.43
295.40
295.31
295.11
294.81
294.45
294.07
293.77
293.59
293.53
293.57
293.68
293.85
294.07
294.33
294.60
294.86
295.24
295.75
296.39
297.08
297.77
298.16
298.19
297.82
297.20
296.44
295.63
294.87
294.17
293.57
293.07
292.68
292.42
292.26
292.19
292.19
292.39
292.80
293.42
294.15
294.93
295.37
295.39
294.95
294.22
293.54
293.03
292.78
292.73
292.81
292.85
292.79
292.60
292.33
292.02
291.69
291.37
291.07
290.80
290.57
290.52
290.65
290.97
291.42
291.92
292.41
292.85
293.22
293.52
293.76
293.91
293.98
293.98
293.93
293.84
293.79
293.79
293.85
293.96
294.09
294.28
294.54
294.85
295.18
295.51
295.69
295.68
295.48
295.15
294.76
294.41
294.16
294.03
293.99
294.15
294.51
295.05
295.70
296.38
296.97
297.43
297.72
297.89
297.97
297.86
297.57
297.13
296.60
296.04
295.53
295.12
294.83
294.63
294.52
294.46
294.45
294.47
294.51
294.57
294.47
294.19
293.72
293.13
292.50
292.19
292.29
292.82
293.63
294.59
295.39
295.93
296.16
296.14
295.97
295.77
295.60
295.50
295.46
295.46
295.46
295.45
295.42
295.38
295.32
295.35
295.47
295.69
295.97
296.06
295.90
295.48
294.89
294.22
293.60
293.09
292.73
292.50
292.36
292.24
292.12
291.97
291.82
291.67
291.53
291.40
291.29
291.20
291.12
291.17
291.35
291.68
292.08
292.52
292.91
293.21
293.41
293.53
293.59
293.78
294.16
294.73
295.42
296.14
296.67
296.93
296.91
296.69
296.33
295.90
295.45
295.00
294.58
294.20
293.87
293.59
293.36
293.19
293.21
293.46
293.93
294.53
295.19
295.83
296.40
296.89
297.30
297.62
297.49
296.86
295.74
294.32
292.78
291.41
290.34
289.63
289.20
288.99
289.17
289.71
290.59
291.66
292.79
293.84
294.73
295.43
295.94
296.31
296.57
296.77
296.92
297.03
297.10
297.12
297.09
297.01
296.90
296.77
296.70
296.69
296.75
296.86
297.00
297.12
297.22
297.27
297.29
297.29
297.41
297.67
298.09
298.59
299.09
299.56
299.97
300.31
300.58
300.64
300.46
300.04
299.47
298.84
298.16
297.48
296.82
296.20
295.65
295.20
294.87
294.64
294.50
294.42
294.30
294.09
293.77
293.40
293.02
292.75
292.62
292.66
292.82
293.04
293.22
293.32
293.33
293.26
293.14
293.16
293.35
293.73
294.23
294.78
295.12
295.19
294.97
294.54
294.00
293.36
292.65
291.90
291.17
290.64
290.38
290.38
290.58
290.90
291.27
291.63
291.95
292.24
292.48
292.78
293.17
293.64
294.15
294.66
295.09
295.42
295.62
295.73
295.77
295.86
296.04
296.32
296.67
297.03
297.23
297.22
296.99
296.62
296.16
295.68
295.19
294.73
294.32
293.96
293.66
293.41
293.21
293.06
292.96
292.96
293.09
293.34
293.65
293.99
294.61
295.52
296.71
298.05
299.41
300.50
301.24
301.58
301.63
301.10
300.00
298.37
296.47
294.46
292.77
291.51
290.76
290.41
290.36
290.51
290.81
291.19
291.60
292.02
292.39
292.70
292.93
293.10
293.21
293.41
293.73
294.18
294.70
295.24
295.66
295.92
296.00
295.95
295.81
295.53
295.14
294.64
294.10
293.55
293.06
292.64
292.32
292.07
291.90
291.94
292.21
292.71
293.35
294.04
294.66
295.15
295.48
295.69
295.88
296.09
296.34
296.60
296.86
297.05
297.15
297.16
297.10
297.01
296.81
296.50
296.10
295.65
295.20
294.76
294.36
294.01
293.71
293.46
293.34
293.36
293.51
293.75
294.04
294.32
294.57
294.76
294.91
295.02
295.13
295.23
295.35
295.46
295.57
295.70
295.84
296.01
296.17
296.33
296.48
296.62
296.73
296.82
296.90
297.01
297.17
297.38
297.61
297.74
297.74
297.59
297.35
297.05
296.63
296.09
295.43
294.74
294.05
293.54
293.25
293.19
293.30
293.52
293.83
294.21
294.62
295.04
295.43
295.85
296.28
296.73
297.17
297.57
297.71
297.56
297.11
296.46
295.72
294.86
293.94
292.97
292.03
291.15
290.53
290.20
290.17
290.36
290.68
291.14
291.69
292.31
292.94
293.55
294.21
294.93
295.70
296.48
297.21
297.63
297.69
297.37
296.81
296.24
295.76
295.44
295.24
295.15
295.10
295.07
295.05
295.03
295.01
295.08
295.25
295.51
295.83
296.17
296.53
296.90
297.27
297.63
297.95
298.10
298.05
297.80
297.42
296.97
296.28
295.36
294.21
292.97
291.73
290.87
290.49
290.62
291.11
291.82
292.68
293.60
294.54
295.43
296.25
296.62
296.49
295.84
294.85
293.69
292.70
292.02
291.69
291.64
291.71
291.81
291.89
291.95
292.00
292.38
293.15
294.32
295.71
297.18
298.36
299.15
299.47
299.46
299.22
298.85
298.42
297.99
297.59
297.22
296.87
296.54
296.22
295.93
295.68
295.55
295.55
295.68
295.89
296.16
296.25
296.13
295.78
295.27
294.69
294.21
293.91
293.81
293.86
294.01
294.16
294.29
294.36
294.40
294.40
294.32
294.17
293.95
293.70
293.42
293.08
292.66
292.16
291.65
291.26
291.02
290.96
291.03
291.18
291.49
291.95
292.54
293.19
293.85
294.43
294.89
295.22
295.44
295.57
295.69
295.81
295.96
296.12
296.28
296.30
296.15
295.82
295.38
294.90
294.57
294.43
294.53
294.79
295.14
295.32
295.27
294.96
294.47
293.89
293.47
293.26
293.32
293.55
293.90
294.37
294.91
295.52
296.12
296.70
297.07
297.19
297.05
296.74
296.37
296.02
295.71
295.46
295.26
295.00
294.65
294.22
293.74
293.26
292.99
292.97
293.23
293.67
294.20
294.70
295.11
295.39
295.56
295.65
295.63
295.50
295.27
295.00
294.69
294.50
294.44
294.54
294.74
295.00
295.34
295.75
296.21
296.68
297.14
297.42
297.51
297.38
297.11
296.75
296.25
295.61
294.87
294.09
293.32
292.58
291.88
291.24
290.67
290.15
289.69
289.28
288.92
288.62
288.72
289.27
290.29
291.57
292.98
294.26
295.31
296.09
296.63
296.98
297.11
297.07
296.87
296.58
296.24
295.72
295.02
294.16
293.23
292.29
291.60
291.20
291.12
291.27
291.58
291.90
292.16
292.34
292.45
292.50
292.59
292.74
292.97
293.24
293.52
293.87
294.30
294.80
295.32
295.83
296.28
296.64
296.92
297.11
297.24
297.30
297.28
297.20
297.07
296.80
296.36
295.77
295.10
294.41
293.75
293.13
292.59
292.12
291.74
291.61
291.77
292.22
292.84
293.55
294.21
294.75
295.14
295.41
295.58
295.64
295.60
295.49
295.34
295.16
294.97
294.78
294.61
294.46
294.33
294.17
293.96
293.72
293.45
293.19
292.89
292.55
292.17
291.80
291.43
291.10
290.81
290.57
290.36
290.20
290.05
289.90
289.75
289.60
289.87
290.61
291.84
293.36
294.99
296.16
296.72
296.59
295.99
295.08
294.21
293.49
293.01
292.73
292.60
292.53
292.48
292.42
292.35
292.29
292.20
292.09
291.95
291.81
291.66
291.63
291.73
291.98
292.32
292.70
293.06
293.37
293.63
293.83
293.98
294.03
293.98
293.85
293.65
293.43
293.30
293.30
293.45
293.68
293.98
294.18
294.26
294.20
294.03
293.81
293.72
293.80
294.09
294.49
294.99
295.54
296.12
296.67
297.18
297.59
297.86
298.01
298.06
298.04
297.84
297.45
296.88
296.23
295.54
294.90
294.33
293.87
293.49
293.20
292.99
292.84
292.75
292.69
292.67
292.59
292.44
292.20
291.92
291.62
291.37
291.21
291.14
291.13
291.17
291.17
291.09
290.92
290.70
290.45
290.61
291.23
292.35
293.75
295.29
296.64
297.70
298.41
298.83
298.70
298.04
296.89
295.44
293.87
292.50
291.47
290.83
290.49
290.39
290.51
290.81
291.24
291.75
292.28
292.74
293.10
293.35
293.51
293.59
293.56
293.43
293.21
292.94
292.65
292.46
292.41
292.51
292.72
292.98
293.31
293.66
294.04
294.40
294.75
295.24
295.91
296.75
297.68
298.62
299.21
299.39
299.12
298.55
297.80
296.89
295.86
294.78
293.71
292.71
292.05
291.79
291.93
292.36
292.88
293.40
293.85
294.22
294.53
294.71
294.78
294.73
294.60
294.43
294.31
294.28
294.35
294.48
294.66
294.69
294.55
294.20
293.74
293.21
292.67
292.15
291.67
291.24
290.88
290.49
290.08
289.62
289.16
288.73
288.54
288.65
289.07
289.67
290.38
291.13
291.86
292.54
293.14
293.67
294.13
294.55
294.91
295.23
295.49
295.60
295.53
295.29
294.95
294.42
293.72
292.87
291.96
291.06
290.40
290.03
289.99
290.17
290.50
291.03
291.72
292.54
293.40
294.26
294.97
295.52
295.87
296.07
296.16
295.99
295.58
294.95
294.18
293.37
292.65
292.06
291.65
291.38
291.23
291.19
291.24
291.37
291.55
291.76
291.88
291.91
291.83
291.68
291.48
291.42
291.55
291.87
292.32
292.83
293.14
293.20
292.95
292.52
292.08
291.72
291.48
291.33
291.27
291.29
291.39
291.54
291.72
291.92
292.28
292.80
293.51
294.29
295.09
295.70
296.07
296.16
296.05
295.82
295.55
295.31
295.13
294.99
294.90
294.81
294.72
294.61
294.51
294.41
294.26
294.07
293.82
293.55
293.27
292.96
292.61
292.23
291.84
291.47
291.18
291.00
290.92
290.93
290.99
291.22
291.62
292.19
292.85
293.53
294.17
294.73
295.18
295.55
295.67
295.53
295.14
294.59
293.96
293.57
293.51
293.81
294.36
295.04
295.60
295.94
296.03
295.92
295.70
295.44
295.22
295.05
294.93
294.85
294.88
295.03
295.29
295.62
295.98
296.20
296.26
296.12
295.86
295.52
295.28
295.20
295.28
295.49
295.77
296.03
296.24
296.37
296.45
296.47
296.41
296.27
296.05
295.78
295.50
295.30
295.22
295.25
295.37
295.51
295.65
295.77
295.86
295.93
295.96
295.94
295.88
295.79
295.68
295.36
294.79
293.98
293.03
292.05
291.30
290.87
290.79
290.96
291.29
291.75
292.28
292.86
293.43
293.97
294.48
294.96
295.40
295.80
296.14
296.35
296.41
296.32
296.14
295.89
295.65
295.43
295.25
295.11
295.01
294.99
295.06
295.21
295.41
295.64
295.73
295.67
295.43
295.08
294.67
294.23
293.81
293.42
293.07
292.87
292.85
293.00
293.27
293.60
293.80
293.82
293.63
293.30
292.89
292.61
292.52
292.64
292.90
293.25
293.70
294.21
294.78
295.34
295.88
296.40
296.89
297.35
297.75
298.10
298.35
298.47
298.48
298.41
298.28
298.07
297.78
297.44
297.06
296.69
296.31
295.94
295.57
295.23
294.92
294.50
293.94
293.23
292.45
291.66
291.03
290.58
290.34
290.26
290.30
290.42
290.58
290.78
290.98
291.28
291.69
292.21
292.77
293.34
293.94
294.54
295.15
295.73
296.26
296.43
296.19
295.53
294.61
293.56
292.85
292.60
292.87
293.50
294.34
295.34
296.42
297.53
298.60
299.58
300.06
299.94
299.23
298.12
296.81
295.53
294.38
293.45
292.73
292.18
291.76
291.43
291.19
291.00
290.87
290.76
290.66
290.55
290.44
290.59
291.02
291.74
292.64
293.61
294.44
295.07
295.45
295.64
295.69
295.50
295.08
294.47
293.74
292.98
292.40
292.05
291.96
292.06
292.28
292.54
292.76
292.94
293.06
293.14
293.30
293.56
293.92
294.34
294.77
295.17
295.51
295.77
295.97
296.10
296.04
295.75
295.24
294.60
293.91
293.32
292.89
292.65
292.55
292.56
292.67
292.86
293.11
293.38
293.66
293.77
293.67
293.35
292.89
292.36
291.81
291.28
290.78
290.34
290.22
290.48
291.11
291.98
292.96
293.81
294.44
294.81
294.97
294.98
294.74
294.29
293.63
292.87
292.07
291.35
290.75
290.29
289.95
289.71
289.69
289.90
290.32
290.86
291.46
291.91
292.15
292.15
291.98
291.70
291.47
291.34
291.33
291.42
291.56
291.71
291.85
291.95
292.03
292.08
292.24
292.54
293.00
293.52
293.87
293.96
293.75
293.36
292.84
292.58
292.64
293.07
293.75
294.56
295.17
295.50
295.49
295.25
294.85
294.36
293.84
293.32
292.84
292.40
291.99
291.61
291.26
290.94
290.67
290.47
290.35
290.30
290.30
290.34
290.64
291.23
292.11
293.15
294.25
295.19
295.91
296.36
296.61
296.69
296.69
296.64
296.57
296.49
296.40
296.27
296.08
295.84
295.57
295.30
295.01
294.72
294.42
294.13
293.93
293.81
293.80
293.85
293.95
294.04
294.12
294.17
294.20
294.21
294.12
293.93
293.65
293.30
292.94
292.66
292.50
292.46
292.52
292.64
292.72
292.72
292.63
292.48
292.29
292.07
291.81
291.54
291.26
291.00
290.85
290.81
290.90
291.08
291.31
291.66
292.15
292.74
293.39
294.03
294.67
295.28
295.86
296.37
296.82
296.96
296.75
296.19
295.41
294.69
294.11
293.76
293.58
293.53
293.59
293.76
293.99
294.26
294.55
294.74
294.83
294.79
294.67
294.49
294.34
294.25
294.22
294.24
294.30
294.40
294.55
294.73
294.92
295.11
295.16
295.04
294.74
294.33
293.86
293.46
293.17
293.01
292.95
292.97
292.93
292.79
292.55
292.25
291.91
291.82
292.01
292.52
293.23
294.03
294.64
294.99
295.01
294.82
294.69
294.72
294.98
295.37
295.84
296.28
296.66
296.94
297.14
297.27
297.09
296.55
295.66
294.58
293.41
292.39
291.58
291.04
290.71
290.55
290.62
290.90
291.37
291.95
292.57
293.14
293.61
293.96
294.20
294.37
294.54
294.75
295.02
295.32
295.62
295.79
295.82
295.69
295.45
295.15
294.83
294.51
294.20
293.92
293.67
293.39
293.04
292.64
292.22
291.80
291.41
291.07
290.77
290.52
290.37
290.32
290.38
290.51
290.68
291.00
291.48
292.11
292.81
293.53
294.09
294.43
294.54
294.48
294.31
293.98
293.53
292.97
292.37
291.76
291.30
291.01
290.91
290.96
291.10
291.14
291.03
290.73
290.33
289.86
289.57
289.51
289.71
290.08
290.55
290.98
291.32
291.55
291.67
291.73
291.73
291.69
291.62
291.54
291.46
291.48
291.63
291.92
292.28
292.52
292.59
292.44
292.15
291.78
291.37
290.96
290.56
290.20
289.89
289.62
289.40
289.22
289.08
288.99
289.02
289.21
289.54
289.96
290.41
290.79
291.05
291.18
291.21
291.16
291.20
291.36
291.67
292.07
292.50
292.91
293.27
293.56
293.79
293.96
294.16
294.41
294.73
295.07
295.42
295.71
295.95
296.12
296.23
296.30
296.12
295.66
294.93
294.05
293.11
292.12
291.13
290.16
289.26
288.75
288.68
289.08
289.78
290.66
291.51
292.24
292.79
293.18
293.45
293.67
293.87
294.07
294.25
294.43
294.58
294.71
294.81
294.90
294.96
295.06
295.21
295.41
295.63
295.86
295.90
295.70
295.26
294.67
294.00
293.51
293.26
293.28
293.50
293.84
294.11
294.25
294.23
294.10
293.90
293.54
293.05
292.44
291.77
291.10
290.52
290.06
289.73
289.52
289.53
289.76
290.20
290.77
291.39
291.91
292.28
292.48
292.53
292.49
292.43
292.40
292.40
292.44
292.50
292.54
292.55
292.53
292.48
292.43
292.66
293.23
294.15
295.27
296.46
297.36
297.85
297.87
297.58
297.08
296.37
295.52
294.58
293.62
292.70
292.16
292.04
292.39
293.04
293.87
294.72
295.52
296.21
296.80
297.27
297.40
297.16
296.56
295.73
294.79
293.96
293.31
292.89
292.66
292.62
292.75
293.01
293.35
293.74
293.91
293.82
293.45
292.90
292.25
291.65
291.15
290.80
290.56
290.42
290.35
290.33
290.36
290.41
290.48
290.66
290.97
291.40
291.89
292.40
292.85
293.19
293.43
293.57
293.63
293.84
294.21
294.79
295.47
296.18
296.65
296.80
296.59
296.15
295.56
295.07
294.74
294.64
294.69
294.85
294.81
294.50
293.88
293.08
292.22
291.38
290.61
289.93
289.35
288.95
288.74
288.72
288.82
289.01
289.33
289.76
290.29
290.86
291.43
292.02
292.62
293.22
293.79
294.30
294.86
295.48
296.15
296.83
297.47
297.87
297.98
297.80
297.41
296.90
296.36
295.85
295.39
294.99
294.66
294.45
294.35
294.37
294.48
294.63
294.73
294.75
294.67
294.52
294.34
294.06
293.68
293.23
292.73
292.32
292.03
291.88
291.83
291.86
291.97
292.14
292.36
292.60
292.84
292.94
292.87
292.61
292.24
291.80
291.56
291.57
291.87
292.36
292.95
293.52
294.03
294.44
294.75
294.99
295.13
295.18
295.15
295.07
294.96
294.93
295.02
295.25
295.55
295.90
296.22
296.51
296.73
296.91
297.03
297.17
297.34
297.55
297.77
297.99
297.96
297.63
297.00
296.18
295.27
294.54
294.07
293.89
293.94
294.05
294.17
294.24
294.28
294.29
294.28
294.26
294.24
294.20
294.17
294.22
294.36
294.60
294.90
295.22
295.46
295.59
295.59
295.51
295.38
295.21
295.02
294.84
294.67
294.51
294.40
294.34
294.33
294.37
294.42
294.46
294.48
294.47
294.44
294.39
294.42
294.53
294.75
295.02
295.31
295.58
295.81
295.98
296.09
296.17
296.22
296.24
296.24
296.23
296.21
296.18
296.16
296.13
296.10
295.94
295.64
295.17
294.62
294.05
293.64
293.45
293.51
293.74
294.07
294.36
294.54
294.58
294.53
294.41
294.25
294.07
293.89
293.71
293.55
293.54
293.71
294.05
294.51
295.01
295.55
296.10
296.64
297.14
297.60
297.88
297.98
297.89
297.67
297.38
296.97
296.45
295.85
295.22
294.61
294.10
293.71
293.45
293.29
293.23
293.22
293.26
293.32
293.40
293.41
293.33
293.15
292.91
292.63
292.38
292.17
292.02
291.91
291.83
291.90
292.11
292.47
292.90
293.38
293.88
294.38
294.87
295.33
295.74
295.99
296.06
295.94
295.70
295.39
295.10
294.86
294.70
294.61
294.56
294.50
294.40
294.26
294.09
293.92
293.85
293.92
294.13
294.44
294.78
295.23
295.75
296.35
296.96
297.55
297.99
298.25
298.30
298.22
298.18
298.23
298.42
298.69
299.00
299.11
298.97
298.55
297.96
297.28
296.39
295.30
294.05
292.73
291.45
290.51
289.96
289.85
290.05
290.45
291.00
291.64
292.32
293.00
293.63
294.09
294.36
294.42
294.33
294.15
293.80
293.29
292.66
291.96
291.27
290.74
290.42
290.33
290.42
290.61
290.96
291.43
292.00
292.62
293.23
293.70
294.00
294.09
294.05
293.91
293.58
293.06
292.37
291.60
291.06
290.82
290.93
291.28
291.78
292.14
292.27
292.14
291.83
291.40
291.19
291.27
291.69
292.32
293.06
293.64
293.95
293.96
293.75
293.41
293.04
292.70
292.42
292.20
292.04
292.08
292.35
292.84
293.46
294.14
294.68
295.04
295.19
295.17
295.04
294.92
294.86
294.87
294.94
295.05
294.99
294.72
294.22
293.60
292.91
292.44
292.24
292.36
292.69
292.94
293.01
292.84
292.52
292.11
291.95
292.12
292.66
293.43
294.32
295.01
295.40
295.43
295.22
294.85
294.60
294.55
294.75
295.12
295.59
295.99
296.27
296.40
296.42
296.35
296.21
296.00
295.75
295.48
295.21
294.91
294.56
294.19
293.81
293.44
293.30
293.41
293.78
294.32
294.95
295.50
295.92
296.16
296.26
296.27
296.23
296.18
296.14
296.10
296.07
296.09
296.19
296.35
296.55
296.56
296.32
295.81
295.15
294.41
293.70
293.10
292.61
292.24
291.96
291.80
291.74
291.76
291.84
291.96
292.13
292.33
292.56
292.80
293.03
293.19
293.27
293.25
293.18
293.06
293.13
293.45
294.02
294.74
295.52
295.99
296.05
295.66
294.98
294.13
293.32
292.62
292.10
291.73
291.48
291.31
291.19
291.09
291.02
290.97
291.12
291.50
292.12
292.86
293.58
294.20
294.67
295.02
295.27
295.56
295.93
296.41
296.94
297.47
297.85
298.03
297.99
297.80
297.52
297.11
296.59
295.98
295.34
294.71
294.21
293.86
293.67
293.61
293.64
293.66
293.62
293.51
293.35
293.16
293.08
293.12
293.31
293.58
293.90
294.21
294.48
294.70
294.87
295.00
295.03
294.97
294.83
294.63
294.40
294.14
293.86
293.56
293.27
293.07
293.00
293.06
293.20
293.40
293.49
293.43
293.21
292.88
292.50
292.23
292.12
292.20
292.40
292.69
292.93
293.09
293.14
293.12
293.04
292.93
292.81
292.68
292.55
292.43
292.32
292.23
292.15
292.09
292.04
292.01
291.98
291.96
291.95
291.95
292.14
292.54
293.17
293.92
294.72
295.35
295.74
295.87
295.81
295.62
295.15
294.43
293.48
292.41
291.32
290.59
290.31
290.53
291.08
291.79
292.53
293.24
293.88
294.45
294.90
295.23
295.46
295.59
295.65
295.68
295.71
295.75
295.78
295.82
295.78
295.64
295.40
295.11
294.79
294.63
294.67
294.93
295.33
295.81
296.12
296.22
296.06
295.73
295.30
294.85
294.42
294.05
293.73
293.47
293.28
293.18
293.15
293.18
293.24
293.27
293.25
293.17
293.05
292.91
292.79
292.70
292.66
292.65
292.50
292.18
291.68
291.08
290.44
289.75
289.05
288.33
287.66
287.04
286.66
286.54
286.70
287.04
287.49
287.99
288.51
289.00
289.45
289.85
290.30
290.81
291.39
292.00
292.58
293.03
293.34
293.48
293.50
293.44
293.26
292.99
292.64
292.25
291.86
291.60
291.48
291.54
291.71
291.95
292.02
291.85
291.42
290.83
290.15
289.65
289.38
289.38
289.58
289.90
290.26
290.62
290.95
291.24
291.56
291.93
292.35
292.79
293.21
293.47
293.53
293.39
293.11
292.74
292.34
291.94
291.55
291.19
290.88
290.85
291.15
291.78
292.60
293.53
294.38
295.11
295.67
296.08
296.36
296.62
296.89
297.19
297.50
297.79
298.06
298.30
298.51
298.68
298.82
298.82
298.66
298.36
297.97
297.54
297.05
296.51
295.95
295.40
294.88
294.29
293.60
292.82
292.02
291.50
291.36
291.61
292.13
292.81
293.32
293.57
293.50
293.21
292.78
292.33
291.92
291.58
291.31
291.11
291.01
291.03
291.14
291.32
291.53
291.68
291.74
291.68
291.56
291.38
291.35
291.49
291.83
292.30
292.82
293.17
293.28
293.13
292.81
292.38
292.00
291.74
291.62
291.61
291.68
291.85
292.11
292.45
292.82
293.20
293.59
293.98
294.36
294.71
295.03
295.30
295.53
295.72
295.86
295.86
295.71
295.41
295.01
294.57
294.08
293.54
292.97
292.41
291.89
291.64
291.70
292.08
292.66
293.35
293.95
294.39
294.62
294.69
294.66
294.52
294.30
294.02
293.72
293.41
293.21
293.12
293.15
293.28
293.46
293.75
294.14
294.62
295.13
295.65
296.05
296.32
296.44
296.45
296.37
296.33
296.35
296.45
296.60
296.78
296.90
296.91
296.82
296.66
296.20
295.40
294.29
293.01
291.69
290.57
289.72
289.20
288.93
288.85
288.88
288.98
289.10
289.23
289.37
289.55
289.78
290.06
290.36
290.66
291.10
291.70
292.45
293.28
294.11
294.82
295.37
295.73
295.95
296.05
296.14
296.27
296.45
296.66
296.88
296.72
296.11
295.04
293.70
292.24
291.07
290.32
290.04
290.11
290.42
290.72
290.92
290.96
290.88
290.94
291.19
291.69
292.31
293.00
293.76
294.54
295.32
296.07
296.75
297.18
297.35
297.23
296.92
296.49
296.01
295.51
295.02
294.57
294.18
293.89
293.72
293.67
293.70
293.80
293.77
293.57
293.19
292.70
292.16
291.74
291.51
291.47
291.58
291.79
292.16
292.68
293.33
294.03
294.74
295.22
295.42
295.33
295.04
294.61
294.23
293.95
293.81
293.77
293.81
293.83
293.78
293.65
293.47
293.45
293.64
294.06
294.62
295.25
295.57
295.49
294.99
294.20
293.27
292.63
292.40
292.65
293.21
293.97
294.64
295.11
295.33
295.36
295.25
295.17
295.15
295.24
295.39
295.59
295.64
295.51
295.17
294.72
294.20
293.85
293.74
293.88
294.21
294.64
295.20
295.86
296.60
297.35
298.08
298.71
299.24
299.65
299.96
300.17
300.21
300.06
299.74
299.32
298.74
298.02
297.20
296.35
295.52
294.85
294.40
294.16
294.09
294.15
294.31
294.56
294.86
295.19
295.51
295.82
296.10
296.34
296.55
296.72
296.88
297.04
297.20
297.35
297.50
297.52
297.40
297.13
296.78
296.38
295.93
295.42
294.88
294.35
293.86
293.38
292.94
292.52
292.15
291.82
291.53
291.25
290.99
290.75
290.55
290.64
291.08
291.85
292.84
293.91
294.74
295.25
295.38
295.23
294.85
294.30
293.63
292.91
292.20
291.61
291.18
290.92
290.79
290.77
290.87
291.09
291.39
291.75
292.11
292.36
292.47
292.41
292.24
292.00
291.89
291.95
292.20
292.59
293.04
293.46
293.81
294.07
294.24
294.35
294.36
294.26
294.07
293.83
293.56
293.35
293.20
293.14
293.15
293.20
293.27
293.37
293.47
293.56
293.66
293.68
293.64
293.52
293.36
293.17
292.98
292.79
292.62
292.46
292.41
292.47
292.65