148.96
148.92
148.67
148.31
147.87
147.55
147.39
147.41
147.57
147.81
148.12
148.48
148.87
149.25
149.61
149.81
149.81
149.60
149.27
148.86
148.50
148.23
148.09
148.04
148.05
148.06
148.03
147.96
147.86
147.74
147.62
147.50
147.39
147.29
147.26
147.31
147.43
147.60
147.79
148.04
148.35
148.71
149.09
149.45
149.71
149.84
149.83
149.73
149.56
149.36
149.15
148.94
148.74
148.57
148.46
148.45
148.52
148.65
148.81
148.96
149.08
149.16
149.21
149.23
149.21
149.14
149.03
148.90
148.76
148.65
148.58
148.55
148.55
148.58
148.65
148.75
148.89
149.05
149.21
149.29
149.26
149.12
148.91
148.71
148.56
148.48
148.45
148.46
148.49
148.55
148.61
148.67
148.73
148.76
148.76
148.71
148.64
148.56
148.47
148.39
148.30
148.23
148.17
148.14
148.15
148.21
148.29
148.38
148.51
148.66
148.84
149.03
149.21
149.33
149.37
149.32
149.22
149.08
148.95
148.85
148.79
148.76
148.75
148.73
148.69
148.62
148.55
148.46
148.40
148.38
148.40
148.45
148.51
148.58
148.65
148.71
148.78
148.86
148.97
149.10
149.24
149.37
149.50
149.62
149.72
149.81
149.88
149.88
149.81
149.67
149.47
149.26
149.04
148.83
148.64
148.48
148.33
148.22
148.12
148.05
148.00
147.96
147.96
148.00
148.09
148.20
148.32
148.43
148.55
148.65
148.74
148.82
148.86
148.85
148.80
148.72
148.63
148.56
148.52
148.52
148.54
148.58
148.58
148.52
148.40
148.24
148.03
147.79
147.53
147.26
147.01
146.83
146.74
146.75
146.82
146.93
147.06
147.21
147.35
147.49
147.61
147.66
147.64
147.53
147.38
147.20
147.00
146.82
146.64
146.48
146.35
146.34
146.48
146.76
147.13
147.55
147.89
148.12
148.22
148.23
148.17
148.12
148.10
148.14
148.21
148.30
148.40
148.51
148.61
148.70
148.78
148.84
148.90
148.94
148.98
149.00
148.89
148.61
148.17
147.64
147.18
146.85
146.68
146.63
146.67
146.85
147.15
147.57
148.05
148.54
148.94
149.21
149.33
149.35
149.28
149.20
149.12
149.05
149.00
148.97
148.95
148.93
148.93
148.93
148.93
148.94
148.95
148.95
148.96
148.97
148.98
148.98
148.99
148.99
149.00
149.00
149.00
149.00
149.00
149.00
148.98
148.92
148.83
148.72
148.61
148.50
148.39
148.30
148.21
148.17
148.17
148.22
148.29
148.38
148.45
148.49
148.49
148.46
148.42
148.39
148.39
148.43
148.48
148.55
148.56
148.52
148.41
148.25
148.08
147.95
147.89
147.91
147.98
148.08
148.26
148.50
148.80
149.13
149.47
149.75
149.98
150.14
150.25
150.31
150.28
150.17
149.97
149.73
149.46
149.20
148.95
148.73
148.53
148.37
148.20
148.04
147.87
147.70
147.55
147.49
147.54
147.71
147.95
148.26
148.61
148.98
149.34
149.69
149.92
150.02
149.99
149.85
149.66
149.38
149.04
148.63
148.20
147.79
147.40
147.06
146.76
146.51
146.30
146.23
146.28
146.46
146.73
147.03
147.25
147.33
147.26
147.09
146.87
146.68
146.59
146.60
146.68
146.80
146.96
147.12
147.28
147.43
147.57
147.69
147.79
147.87
147.93
147.98
148.04
148.12
148.23
148.34
148.46
148.51
148.50
148.41
148.27
148.13
148.01
147.93
147.88
147.84
147.78
147.66
147.49
147.29
147.09
146.96
146.94
147.04
147.21
147.43
147.67
147.90
148.13
148.33
148.51
148.66
148.79
148.88
148.96
149.01
149.00
148.91
148.74
148.53
148.30
148.10
147.94
147.83
147.76
147.73
147.82
148.06
148.44
148.89
149.38
149.83
150.22
150.54
150.79
150.97
151.08
151.11
151.07
150.98
150.84
150.66
150.45
150.22
149.99
149.81
149.67
149.60
149.57
149.57
149.62
149.72
149.85
150.01
150.17
150.28
150.31
150.26
150.16
150.03
149.85
149.64
149.41
149.17
148.94
148.70
148.46
148.21
147.97
147.75
147.56
147.39
147.25
147.14
147.06
147.02
147.04
147.10
147.19
147.30
147.38
147.44
147.45
147.44
147.40
147.49
147.73
148.12
148.60
149.12
149.62
150.05
150.40
150.68
150.81
150.80
150.64
150.38
150.08
149.75
149.43
149.13
148.86
148.62
148.45
148.34
148.31
148.32
148.36
148.32
148.16
147.89
147.54
147.16
146.86
146.67
146.61
146.64
146.73
146.92
147.19
147.53
147.90
148.27
148.65
149.03
149.40
149.74
150.05
150.27
150.38
150.38
150.31
150.19
150.07
149.96
149.89
149.85
149.83
149.80
149.74
149.67
149.58
149.46
149.31
149.13
148.95
148.77
148.63
148.54
148.50
148.50
148.53
148.57
148.62
148.68
148.74
148.79
148.81
148.80
148.75
148.67
148.58
148.54
148.56
148.66
148.79
148.95
149.01
148.95
148.75
148.46
148.12
147.86
147.69
147.64
147.68
147.78
147.89
147.98
148.05
148.09
148.12
148.16
148.22
148.30
148.40
148.50
148.59
148.68
148.76
148.83
148.89
148.85
148.72
148.48
148.17
147.90
147.69
147.56
147.49
147.46
147.48
147.52
147.57
147.63
147.69
147.72
147.72
147.68
147.62
147.54
147.56
147.71
147.99
148.34
148.74
149.05
149.26
149.33
149.31
149.23
149.08
148.88
148.64
148.38
148.12
147.91
147.76
147.66
147.61
147.59
147.58
147.55
147.50
147.44
147.37
147.28
147.16
147.01
146.86
146.70
146.64
146.67
146.83
147.05
147.31
147.56
147.77
147.92
148.04
148.07
148.00
147.85
147.64
147.41
147.25
147.19
147.25
147.38
147.56
147.71
147.81
147.83
147.80
147.74
147.63
147.48
147.29
147.09
146.90
146.68
146.46
146.22
145.99
145.78
145.69
145.75
145.97
146.29
146.65
147.09
147.58
148.10
148.62
149.12
149.40
149.45
149.24
148.87
148.40
147.95
147.55
147.24
147.02
146.85
146.75
146.69
146.66
146.66
146.65
146.63
146.57
146.51
146.43
146.38
146.37
146.39
146.44
146.51
146.58
146.65
146.72
146.78
146.84
146.94
147.10
147.31
147.54
147.79
148.00
148.16
148.26
148.32
148.34
148.32
148.24
148.12
147.98
147.82
147.75
147.78
147.92
148.13
148.38
148.61
148.81
148.96
149.06
149.13
149.10
148.94
148.68
148.35
148.00
147.69
147.47
147.34
147.29
147.29
147.33
147.39
147.47
147.55
147.58
147.54
147.43
147.28
147.10
146.97
146.91
146.93
146.99
147.10
147.19
147.26
147.29
147.30
147.29
147.37
147.57
147.90
148.29
148.71
149.02
149.18
149.18
149.06
148.87
148.71
148.63
148.65
148.73
148.86
149.01
149.17
149.32
149.47
149.60
149.68
149.72
149.71
149.66
149.59
149.51
149.43
149.35
149.27
149.21
149.20
149.27
149.41
149.59
149.79
149.81
149.61
149.17
148.58
148.03
147.59
147.31
147.14
147.07
147.16
147.38
147.73
148.15
148.59
149.01
149.37
149.65
149.87
150.03
150.16
150.29
150.42
150.54
150.65
150.74
150.82
150.89
150.94
150.98
150.90
150.69
150.35
149.93
149.48
149.06
148.69
148.40
148.17
148.00
147.88
147.81
147.76
147.75
147.75
147.79
147.87
147.99
148.12
148.26
148.38
148.45
148.47
148.47
148.49
148.56
148.69
148.85
149.02
149.14
149.19
149.16
149.08
148.96
148.83
148.69
148.56
148.44
148.33
148.31
148.41
148.61
148.88
149.18
149.49
149.79
150.06
150.31
150.51
150.58
150.48
150.23
149.88
149.48
149.21
149.09
149.17
149.37
149.66
149.82
149.81
149.60
149.26
148.85
148.46
148.14
147.90
147.75
147.65
147.52
147.33
147.08
146.79
146.49
146.28
146.19
146.22
146.33
146.61
147.04
147.61
148.24
148.88
149.45
149.90
150.22
150.43
150.56
150.59
150.54
150.43
150.27
150.09
149.85
149.56
149.22
148.86
148.51
148.19
147.89
147.64
147.43
147.26
147.12
147.02
146.95
146.91
146.88
146.86
146.86
146.87
146.88
146.89
146.99
147.18
147.46
147.79
148.15
148.44
148.65
148.76
148.79
148.78
148.75
148.73
148.74
148.75
148.72
148.63
148.49
148.30
148.11
147.94
147.81
147.72
147.68
147.67
147.73
147.87
148.08
148.33
148.60
148.72
148.68
148.45
148.11
147.70
147.41
147.27
147.32
147.50
147.76
147.95
148.04
147.99
147.85
147.65
147.53
147.53
147.65
147.87
148.13
148.37
148.54
148.63
148.66
148.64
148.65
148.70
148.81
148.95
149.10
149.17
149.15
149.02
148.82
148.58
148.36
148.17
148.03
147.93
147.89
147.90
147.97
148.08
148.20
148.28
148.29
148.23
148.12
147.98
147.84
147.69
147.55
147.42
147.31
147.29
147.39
147.59
147.87
148.17
148.48
148.78
149.06
149.30
149.51
149.57
149.48
149.23
148.88
148.48
148.15
147.93
147.82
147.82
147.87
147.97
148.10
148.23
148.37
148.50
148.59
148.64
148.63
148.60
148.54
148.53
148.57
148.67
148.82
148.98
149.15
149.32
149.47
149.60
149.64
149.56
149.37
149.11
148.82
148.51
148.22
147.95
147.71
147.50
147.36
147.28
147.26
147.29
147.34
147.50
147.75
148.11
148.51
148.92
149.17
149.19
148.99
148.63
148.19
147.84
147.64
147.63
147.75
147.95
148.15
148.31
148.40
148.45
148.46
148.36
148.15
147.83
147.46
147.07
146.76
146.58
146.52
146.56
146.66
146.84
147.06
147.32
147.59
147.83
148.02
148.15
148.24
148.28
148.30
148.30
148.28
148.25
148.22
148.16
148.06
147.94
147.81
147.67
147.54
147.42
147.31
147.22
147.14
147.11
147.12
147.17
147.25
147.35
147.48
147.64
147.82
148.02
148.20
148.35
148.45
148.49
148.50
148.47
148.41
148.30
148.15
147.99
147.82
147.66
147.51
147.38
147.27
147.17
147.21
147.38
147.69
148.09
148.52
148.88
149.12
149.23
149.24
149.21
149.16
149.12
149.09
149.06
149.01
148.93
148.83
148.71
148.59
148.48
148.37
148.28
148.19
148.13
148.07
148.03
148.00
147.98
147.97
147.96
147.95
147.95
147.96
147.96
147.97
147.97
147.98
147.98
147.99
147.94
147.82
147.65
147.44
147.21
147.04
146.95
146.94
146.99
147.08
147.22
147.40
147.61
147.83
148.05
148.28
148.52
148.77
149.01
149.20
149.34
149.42
149.45
149.45
149.37
149.22
148.99
148.72
148.45
148.20
148.00
147.87
147.78
147.73
147.68
147.62
147.55
147.47
147.39
147.34
147.32
147.35
147.40
147.47
147.52
147.54
147.53
147.49
147.44
147.38
147.31
147.25
147.20
147.15
147.13
147.15
147.21
147.30
147.39
147.55
147.76
148.03
148.32
148.62
148.87
149.07
149.20
149.29
149.33
149.32
149.25
149.14
149.00
148.90
148.86
148.90
148.98
149.09
149.17
149.18
149.13
149.04
148.91
148.83
148.81
148.86
148.95
149.08
149.13
149.10
148.96
148.76
148.52
148.20
147.79
147.29
146.77
146.26
145.91
145.77
145.84
146.06
146.37
146.70
147.02
147.29
147.52
147.71
147.85
147.96
148.04
148.10
148.13
148.12
148.06
147.97
147.85
147.72
147.57
147.39
147.19
146.98
146.87
146.86
146.97
147.16
147.39
147.58
147.71
147.76
147.76
147.72
147.62
147.48
147.30
147.11
146.92
146.81
146.81
146.93
147.13
147.36
147.53
147.61
147.58
147.48
147.32
147.12
146.88
146.60
146.33
146.06
145.93
145.95
146.12
146.40
146.73
147.11
147.52
147.94
148.34
148.71
149.10
149.49
149.90
150.30
150.68
150.87
150.87
150.66
150.32
149.91
149.48
149.10
148.77
148.49
148.25
148.03
147.81
147.62
147.45
147.28
147.11
146.93
146.75
146.59
146.50
146.48
146.56
146.69
146.85
146.97
147.03
147.01
146.95
146.85
146.77
146.71
146.68
146.68
146.69
146.75
146.84
146.97
147.11
147.26
147.35
147.37
147.31
147.19
147.05
147.03
147.16
147.45
147.85
148.30
148.73
149.11
149.43
149.68
149.87
149.99
150.03
150.01
149.93
149.83
149.72
149.60
149.48
149.38
149.28
149.20
149.13
149.08
149.04
148.98
148.90
148.79
148.68
148.56
148.48
148.43
148.43
148.46
148.51
148.60
148.72
148.87
149.04
149.21
149.37
149.52
149.65
149.76
149.85
149.89
149.89
149.84
149.76
149.66
149.50
149.29
149.01
148.71
148.41
148.10
147.78
147.46
147.16
146.89
146.73
146.70
146.80
146.99
147.23
147.44
147.59
147.66
147.68
147.71
147.77
147.88
148.02
148.16
148.29
148.37
148.41
148.41
148.40
148.44
148.57
148.79
149.06
149.36
149.57
149.68
149.66
149.56
149.41
149.23
149.03
148.84
148.66
148.50
148.34
148.16
147.98
147.80
147.63
147.50
147.43
147.40
147.42
147.46
147.55
147.67
147.83
148.00
148.18
148.40
148.66
148.98
149.30
149.62
149.84
149.93
149.90
149.77
149.58
149.37
149.15
148.93
148.73
148.55
148.39
148.26
148.16
148.07
147.99
147.88
147.77
147.64
147.52
147.41
147.31
147.22
147.15
147.09
147.10
147.18
147.33
147.53
147.74
147.88
147.92
147.84
147.69
147.49
147.36
147.31
147.36
147.49
147.66
147.74
147.71
147.54
147.29
146.99
146.78
146.69
146.76
146.93
147.15
147.44
147.76
148.11
148.45
148.77
149.07
149.32
149.54
149.71
149.85
149.82
149.61
149.22
148.71
148.19
147.69
147.25
146.88
146.57
146.43
146.47
146.68
147.01
147.40
147.79
148.14
148.43
148.66
148.84
148.95
148.99
148.97
148.90
148.80
148.77
148.83
148.98
149.20
149.45
149.57
149.54
149.32
148.99
148.60
148.27
148.04
147.92
147.90
147.95
147.98
147.98
147.92
147.84
147.73
147.64
147.59
147.57
147.58
147.61
147.71
147.87
148.10
148.36
148.60
148.81
148.96
149.07
149.15
149.27
149.46
149.73
150.04
150.37
150.60
150.72
150.71
150.61
150.46
150.16
149.74
149.18
148.57
147.95
147.41
146.99
146.69
146.50
146.39
146.35
146.35
146.39
146.45
146.52
146.59
146.67
146.74
146.80
146.86
146.98
147.19
147.49
147.83
148.19
148.48
148.69
148.79
148.83
148.81
148.72
148.58
148.40
148.20
147.99
147.80
147.62
147.46
147.32
147.23
147.20
147.22
147.28
147.35
147.47
147.62
147.80
147.99
148.17
148.27
148.25
148.12
147.92
147.67
147.52
147.49
147.60
147.81
148.07
148.31
148.48
148.58
148.61
148.61
148.57
148.51
148.45
148.37
148.30
148.24
148.18
148.13
148.09
148.05
148.08
148.17
148.34
148.54
148.76
149.01
149.28
149.56
149.83
150.08
150.23
150.25
150.15
149.96
149.67
149.30
148.86
148.40
147.95
147.59
147.32
147.18
147.12
147.12
147.23
147.42
147.70
148.01
148.34
148.60
148.78
148.87
148.88
148.84
148.74
148.59
148.41
148.20
147.99
147.81
147.69
147.62
147.59
147.59
147.64
147.73
147.87
148.02
148.18
148.34
148.48
148.61
148.72
148.82
148.84
148.78
148.65
148.46
148.26
148.05
147.84
147.65
147.49
147.34
147.28
147.30
147.40
147.56
147.78
148.03
148.32
148.61
148.88
149.08
149.19
149.21
149.15
149.05
148.98
148.95
148.99
149.08
149.18
149.33
149.50
149.71
149.92
150.13
150.19
150.07
149.77
149.36
148.89
148.46
148.11
147.86
147.69
147.59
147.56
147.61
147.72
147.86
148.02
148.14
148.18
148.15
148.06
147.95
147.92
148.02
148.24
148.55
148.89
149.19
149.42
149.56
149.62
149.64
149.61
149.56
149.50
149.42
149.35
149.28
149.22
149.16
149.11
149.07
149.04
149.02
149.00
148.99
148.98
148.97
148.97
148.97
148.97
148.87
148.64
148.29
147.87
147.42
147.08
146.89
146.87
146.97
147.15
147.35
147.54
147.69
147.82
147.91
148.01
148.12
148.25
148.37
148.50
148.56
148.54
148.45
148.31
148.14
147.93
147.70
147.44
147.18
146.94
146.78
146.70
146.71
146.79
146.88
146.97
147.03
147.07
147.10
147.06
146.94
146.76
146.54
146.30
146.25
146.43
146.85
147.43
148.07
148.71
149.29
149.79
150.20
150.53
150.71
150.73
150.60
150.37
150.08
149.77
149.45
149.15
148.88
148.65
148.45
148.28
148.15
148.05
147.98
147.96
147.98
148.06
148.16
148.27
148.39
148.51
148.62
148.71
148.80
148.76
148.58
148.27
147.88
147.45
147.12
146.94
146.92
147.02
147.20
147.42
147.65
147.89
148.12
148.33
148.51
148.66
148.78
148.88
148.93
148.93
148.88
148.80
148.70
148.61
148.57
148.55
148.57
148.60
148.65
148.70
148.75
148.80
148.85
148.83
148.75
148.60
148.41
148.20
147.94
147.62
147.26
146.89
146.52
146.21
145.97
145.81
145.70
145.64
145.64
145.71
145.82
145.96
146.12
146.30
146.50
146.73
146.95
147.14
147.28
147.36
147.40
147.40
147.36
147.27
147.14
146.98
146.82
146.64
146.44
146.22
146.00
145.80
145.69
145.70
145.83
146.03
146.28
146.52
146.73
146.89
147.01
147.09
147.22
147.42
147.70
148.02
148.35
148.62
148.79
148.88
148.89
148.85
148.86
148.94
149.10
149.32
149.56
149.73
149.79
149.74
149.61
149.44
149.18
148.86
148.48
148.09
147.70
147.49
147.51
147.76
148.17
148.57
148.92
149.17
149.34
149.43
149.40
149.23
148.94
148.58
148.19
147.96
147.94
148.14
148.48
148.91
149.22
149.34
149.25
149.01
148.68
148.39
148.18
148.07
148.05
148.08
148.10
148.08
148.01
147.91
147.79
147.69
147.62
147.59
147.60
147.62
147.66
147.70
147.75
147.79
147.84
147.80
147.66
147.42
147.12
146.80
146.53
146.34
146.25
146.22
146.24
146.32
146.46
146.63
146.83
147.03
147.22
147.40
147.55
147.69
147.80
147.89
147.95
148.00
148.04
148.09
148.16
148.25
148.36
148.47
148.49
148.41
148.23
147.99
147.71
147.45
147.23
147.06
146.94
146.86
146.76
146.62
146.43
146.23
146.02
145.92
145.97
146.16
146.45
146.79
147.09
147.32
147.47
147.55
147.57
147.56
147.52
147.46
147.40
147.33
147.30
147.30
147.33
147.39
147.50
147.63
147.80
147.99
148.17
148.31
148.41
148.46
148.47
148.45
148.39
148.28
148.14
147.98
147.81
147.68
147.59
147.55
147.55
147.57
147.69
147.91
148.22
148.60
148.99
149.26
149.38
149.34
149.19
148.97
148.70
148.43
148.16
147.91
147.68
147.49
147.33
147.20
147.10
147.02
146.99
147.01
147.08
147.18
147.29
147.40
147.52
147.62
147.72
147.80
147.86
147.92
147.96
147.99
147.96
147.86
147.69
147.48
147.26
147.19
147.32
147.67
148.14
148.67
149.12
149.43
149.57
149.58
149.50
149.35
149.12
148.85
148.56
148.28
148.04
147.85
147.73
147.66
147.63
147.63
147.64
147.68
147.72
147.76
147.80
147.84
147.88
147.91
147.94
147.99
148.06
148.17
148.28
148.40
148.47
148.46
148.37
148.24
148.08
147.99
148.00
148.11
148.29
148.50
148.71
148.88
149.01
149.10
149.18
149.27
149.37
149.48
149.58
149.62
149.59
149.48
149.33
149.15
149.07
149.11
149.30
149.58
149.90
150.13
150.23
150.19
150.03
149.82
149.57
149.32
149.06
148.83
148.62
148.47
148.38
148.35
148.36
148.41
148.47
148.54
148.61
148.69
148.76
148.68
148.45
148.05
147.55
147.01
146.66
146.55
146.71
147.06
147.51
147.96
148.35
148.67
148.90
149.10
149.28
149.44
149.58
149.70
149.75
149.72
149.60
149.44
149.24
148.99
148.68
148.31
147.94
147.57
147.25
147.01
146.83
146.72
146.66
146.66
146.71
146.82
146.96
147.12
147.27
147.42
147.55
147.67
147.77
147.80
147.75
147.62
147.45
147.25
147.04
146.84
146.65
146.49
146.35
146.28
146.30
146.41
146.56
146.75
146.98
147.23
147.50
147.77
148.03
148.15
148.12
147.94
147.65
147.41
147.28
147.28
147.37
147.52
147.73
147.99
148.27
148.57
148.85
149.08
149.25
149.36
149.42
149.43
149.45
149.48
149.52
149.58
149.64
149.73
149.85
150.00
150.15
150.30
150.34
150.24
150.00
149.67
149.30
148.99
148.79
148.72
148.73
148.81
148.88
148.90
148.87
148.80
148.71
148.61
148.51
148.41
148.32
148.23
148.25
148.36
148.58
148.87
149.18
149.44
149.63
149.73
149.76
149.71
149.60
149.44
149.25
149.05
148.74
148.33
147.81
147.24
146.67
146.26
146.05
146.06
146.23
146.49
146.87
147.32
147.84
148.37
148.88
149.22
149.35
149.26
149.03
148.70
148.38
148.11
147.92
147.78
147.70
147.74
147.90
148.18
148.53
148.90
149.22
149.46
149.61
149.67
149.69
149.60
149.43
149.19
148.89
148.59
148.37
148.26
148.28
148.39
148.49
148.57
148.59
148.57
148.53
148.50
148.49
148.51
148.55
148.61
148.69
148.81
148.95
149.11
149.27
149.42
149.55
149.67
149.77
149.86
149.82
149.64
149.32
148.92
148.48
148.04
147.62
147.24
146.91
146.63
146.51
146.55
146.77
147.09
147.48
147.85
148.19
148.47
148.70
148.87
149.00
149.09
149.15
149.18
149.19
149.14
149.01
148.82
148.58
148.34
148.04
147.69
147.30
146.91
146.64
146.52
146.57
146.74
146.97
147.27
147.62
147.99
148.35
148.70
148.90
148.94
148.81
148.57
148.27
147.99
147.76
147.62
147.54
147.51
147.51
147.54
147.58
147.64
147.69
147.75
147.80
147.85
147.89
147.93
148.01
148.15
148.34
148.57
148.80
148.98
149.07
149.08
149.03
148.94
148.86
148.79
148.75
148.74
148.75
148.74
148.71
148.64
148.57
148.48
148.40
148.32
148.24
148.18
148.02
147.74
147.35
146.90
146.42
146.10
145.95
146.02
146.22
146.51
146.74
146.87
146.85
146.74
146.57
146.53
146.66
146.98
147.42
147.92
148.36
148.68
148.87
148.96
148.97
148.93
148.85
148.74
148.63
148.52
148.44
148.40
148.41
148.44
148.50
148.56
148.63
148.70
148.76
148.82
148.82
148.74
148.60
148.41
148.21
148.05
147.97
147.96
148.01
148.13
148.30
148.51
148.73
148.96
149.15
149.28
149.36
149.40
149.41
149.31
149.10
148.79
148.43
148.04
147.71
147.47
147.33
147.27
147.26
147.33
147.45
147.61
147.81
148.00
148.25
148.54
148.88
149.23
149.57
149.88
150.16
150.40
150.60
150.77
150.78
150.65
150.36
149.98
149.55
149.11
148.70
148.31
147.97
147.68
147.50
147.42
147.45
147.55
147.71
147.93
148.23
148.59
148.96
149.26
149.44
149.49
149.44
149.33
149.24
149.19
149.19
149.24
149.32
149.38
149.41
149.42
149.40
149.36
149.37
149.44
149.57
149.74
149.92
150.08
150.20
150.28
150.32
150.32
150.23
150.04
149.74
149.38
149.00
148.71
148.54
148.49
148.54
148.65
148.72
148.72
148.63
148.48
148.29
148.06
147.81
147.53
147.26
147.00
146.82
146.72
146.73
146.80
146.91
147.05
147.20
147.34
147.48
147.63
147.80
147.98
148.16
148.33
148.46
148.54
148.57
148.55
148.52
148.52
148.57
148.68
148.83
149.00
149.17
149.33
149.48
149.62
149.73
149.77
149.73
149.61
149.44
149.25
149.01
148.76
148.48
148.21
147.96
147.78
147.70
147.71
147.78
147.90
148.12
148.45
148.86
149.32
149.79
150.15
150.38
150.47
150.46
150.37
150.13
149.74
149.21
148.62
148.11
147.75
147.57
147.52
147.56
147.64
147.73
147.80
147.87
147.92
148.01
148.16
148.36
148.59
148.82
148.97
149.01
148.93
148.77
148.56
148.36
148.19
148.06
147.96
147.90
147.88
147.92
148.00
148.12
148.24
148.34
148.41
148.43
148.43
148.40
148.36
148.31
148.26
148.21
148.17
148.13
148.09
148.06
148.04
148.02
148.03
148.08
148.16
148.26
148.37
148.51
148.68
148.86
149.05
149.18
149.24
149.21
149.13
149.01
148.87
148.73
148.59
148.46
148.34
148.19
148.00
147.75
147.49
147.22
147.02
146.91
146.89
146.93
147.02
147.16
147.35
147.56
147.79
148.02
148.20
148.33
148.41
148.44
148.43
148.44
148.45
148.50
148.55
148.62
148.60
148.49
148.28
148.01
147.72
147.50
147.38
147.39
147.48
147.63
147.80
147.99
148.17
148.35
148.50
148.64
148.75
148.85
148.92
148.87
148.68
148.35
147.94
147.50
147.16
146.97
146.94
147.03
147.20
147.36
147.48
147.54
147.55
147.53
147.52
147.52
147.54
147.59
147.64
147.75
147.92
148.15
148.41
148.68
148.94
149.17
149.38
149.56
149.71
149.78
149.76
149.65
149.49
149.29
149.06
148.80
148.52
148.25
147.99
147.75
147.55
147.37
147.23
147.12
147.14
147.31
147.63
148.03
148.36
148.58
148.64
148.60
148.49
148.33
148.14
147.95
147.77
147.60
147.42
147.24
147.04
146.84
146.66
146.55
146.53
146.59
146.71
146.86
147.08
147.36
147.70
148.06
148.42
148.65
148.72
148.62
148.42
148.14
147.86
147.61
147.40
147.23
147.09
147.02
147.01
147.06
147.14
147.25
147.36
147.47
147.58
147.68
147.76
147.81
147.81
147.77
147.70
147.61
147.44
147.17
146.82
146.42
146.20
146.20
146.46
146.89
147.41
147.88
148.26
148.51
148.66
148.73
148.74
148.71
148.65
148.57
148.48
148.43
148.40
148.42
148.46
148.52
148.48
148.32
148.03
147.66
147.26
146.97
146.82
146.83
146.96
147.15
147.41
147.72
148.06
148.40
148.73
149.02
149.28
149.50
149.68
149.83
149.88
149.85
149.73
149.55
149.34
149.07
148.74
148.37
147.98
147.65
147.42
147.28
147.23
147.23
147.24
147.26
147.25
147.23
147.21
147.18
147.15
147.12
147.10
147.07
147.16
147.37
147.71
148.13
148.57
148.91
149.09
149.11
149.01
148.84
148.64
148.45
148.30
148.18
148.08
148.04
148.04
148.10
148.19
148.29
148.32
148.26
148.09
147.87
147.61
147.39
147.25
147.19
147.19
147.23
147.22
147.14
146.97
146.74
146.49
146.31
146.24
146.28
146.40
146.63
146.94
147.32
147.73
148.14
148.44
148.62
148.66
148.60
148.47
148.38
148.36
148.44
148.58
148.75
148.94
149.12
149.30
149.47
149.61
149.65
149.58
149.39
149.13
148.83
148.61
148.48
148.48
148.56
148.69
148.85
149.02
149.20
149.36
149.51
149.59
149.59
149.50
149.36
149.19
149.08
149.07
149.17
149.33
149.54
149.73
149.90
150.02
150.10
150.15
150.08
149.86
149.50
149.06
148.67
148.37
148.20
148.12
148.11
148.15
148.23
148.32
148.42
148.52
148.62
148.71
148.79
148.85
148.91
148.92
148.90
148.83
148.74
148.64
148.51
148.35
148.16
147.97
147.78
147.64
147.54
147.50
147.50
147.52
147.48
147.36
147.16
146.89
146.61
146.43
146.39
146.50
146.71
146.98
147.28
147.58
147.86
148.13
148.36
148.55
148.71
148.84
148.94
148.98
148.98
148.92
148.83
148.72
148.64
148.58
148.57
148.58
148.61
148.60
148.53
148.40
148.24
148.06
147.93
147.87
147.88
147.96
148.06
148.13
148.15
148.10
148.01
147.89
147.73
147.54
147.32
147.10
146.89
146.80
146.85
147.06
147.36
147.71
148.05
148.36
148.61
148.80
148.95
149.03
149.04
148.99
148.91
148.80
148.63
148.39
148.10
147.78
147.47
147.22
147.06
147.00
147.01
147.12
147.33
147.62
147.95
148.29
148.64
149.01
149.37
149.71
150.01
150.23
150.34
150.35
150.28
150.16
149.99
149.78
149.54
149.28
149.04
148.86
148.78
148.78
148.85
148.96
148.95
148.81
148.50
148.10
147.66
147.31
147.10
147.06
147.13
147.28
147.43
147.53
147.58
147.58
147.55
147.47
147.35
147.20
147.02
146.85
146.70
146.61
146.56
146.55
146.57
146.63
146.73
146.87
147.03
147.25
147.52
147.84
148.18
148.52
148.76
148.87
148.84
148.73
148.56
148.43
148.39
148.45
148.57
148.73
148.86
148.93
148.93
148.88
148.80
148.75
148.76
148.83
148.94
149.08
149.20
149.28
149.33
149.34
149.33
149.31
149.27
149.24
149.20
149.16
149.15
149.18
149.24
149.32
149.42
149.49
149.53
149.52
149.50
149.45
149.36
149.25
149.10
148.93
148.77
148.61
148.47
148.35
148.24
148.18
148.17
148.20
148.27
148.36
148.45
148.55
148.64
148.72
148.80
148.89
148.99
149.12
149.26
149.40
149.47
149.47
149.39
149.26
149.11
148.94
148.77
148.61
148.46
148.34
148.18
147.98
147.73
147.46
147.20
147.08
147.14
147.39
147.76
148.19
148.59
148.92
149.15
149.31
149.40
149.50
149.62
149.78
149.96
150.13
150.36
150.63
150.95
151.28
151.42
151.32
150.97
150.45
149.85
149.26
148.70
148.22
147.82
147.50
147.30
147.22
147.26
147.38
147.56
147.75
147.96
148.16
148.34
148.51
148.60
148.60
148.52
148.38
148.21
148.10
148.09
148.18
148.35
148.55
148.66
148.65
148.50
148.27
147.98
147.78
147.70
147.77
147.94
148.17
148.35
148.44
148.43
148.34
148.21
148.05
147.89
147.72
147.57
147.43
147.31
147.21
147.13
147.07
147.15
147.40
147.82
148.34
148.90
149.38
149.73
149.94
150.04
150.05
149.98
149.83
149.63
149.41
149.17
148.97
148.82
148.72
148.67
148.65
148.68
148.76
148.88
149.03
149.18
149.31
149.39
149.43
149.43
149.41
149.35
149.25
149.11
148.95
148.79
148.72
148.75
148.89
149.10
149.35
149.56
149.70
149.77
149.77
149.73
149.69
149.67
149.67
149.69
149.64
149.50
149.27
148.99
148.68
148.43
148.26
148.18
148.17
148.21
148.19
148.11
147.93
147.71
147.46
147.29
147.22
147.27
147.39
147.56
147.71
147.80
147.82
147.79
147.73
147.62
147.47
147.29
147.09
146.89
146.84
146.96
147.26
147.67
148.13
148.51
148.74
148.81
148.76
148.64
148.43
148.17
147.88
147.57
147.27
147.07
146.99
147.05
147.19
147.39
147.58
147.76
147.89
147.99
148.06
148.11
148.14
148.15
148.15
148.11
148.04
147.94
147.81
147.68
147.66
147.77
148.02
148.36
148.73
149.01
149.15
149.13
149.01
148.81
148.61
148.41
148.26
148.14
148.04
148.00
148.01
148.07
148.16
148.27
148.36
148.42
148.44
148.42
148.39
148.32
148.22
148.08
147.92
147.77
147.64
147.56
147.52
147.53
147.55
147.65
147.82
148.05
148.32
148.54
148.70
148.77
148.78
148.74
148.73
148.76
148.85
148.98
149.12
149.16
149.07
148.85
148.54
148.18
147.93
147.80
147.83
147.97
148.18
148.42
148.67
148.92
149.15
149.36
149.43
149.35
149.12
148.79
148.41
148.01
147.63
147.27
146.95
146.68
146.61
146.77
147.16
147.70
148.30
148.81
149.18
149.38
149.44
149.41
149.34
149.26
149.19
149.13
149.08
149.04
149.01
148.99
148.98
148.99
149.05
149.14
149.24
149.36
149.42
149.42
149.34
149.21
149.06
148.86
148.64
148.40
148.16
147.92
147.79
147.78
147.88
148.07
148.31
148.54
148.74
148.89
149.00
149.08
149.08
148.99
148.83
148.61
148.38
148.11
147.82
147.53
147.24
146.97
146.73
146.52
146.35
146.21
146.10
146.15
146.38
146.79
147.30
147.85
148.28
148.52
148.55
148.44
148.23
147.99
147.76
147.56
147.38
147.32
147.38
147.56
147.82
148.12
148.40
148.64
148.83
148.97
149.07
149.11
149.10
149.03
148.92
148.80
148.62
148.38
148.08
147.76
147.44
147.22
147.13
147.16
147.28
147.45
147.53
147.45
147.22
146.88
146.49
146.11
145.78
145.50
145.27
145.10
145.11
145.31
145.70
146.21
146.76
147.25
147.61
147.83
147.95
147.97
147.97
147.95
147.94
147.94
147.92
147.86
147.78
147.68
147.57
147.55
147.62
147.80
148.04
148.32
148.49
148.54
148.43
148.23
147.97
147.70
147.47
147.28
147.13
147.02
146.97
146.97
147.03
147.13
147.24
147.36
147.47
147.59
147.68
147.77
147.84
147.90
147.95
147.99
148.01
148.06
148.12
148.22
148.33
148.44
148.57
148.73
148.91
149.09
149.27
149.38
149.41
149.35
149.24
149.10
148.94
148.78
148.62
148.48
148.33
148.16
147.99
147.81
147.64
147.54
147.53
147.59
147.71
147.87
148.01
148.12
148.19
148.23
148.25
148.27
148.32
148.38
148.46
148.55
148.63
148.71
148.78
148.84
148.89
149.01
149.22
149.51
149.85
150.20
150.38
150.36
150.11
149.71
149.23
148.78
148.40
148.10
147.89
147.75
147.67
147.62
147.62
147.63
147.66
147.72
147.82
147.96
148.11
148.26
148.38
148.46
148.49
148.48
148.48
148.49
148.53
148.58
148.64
148.67
148.67
148.63
148.58
148.50
148.51
148.60
148.80
149.05
149.33
149.51
149.56
149.45
149.25
148.99
148.72
148.48
148.29
148.14
148.03
147.90
147.73
147.52
147.29
147.06
146.92
146.90
146.99
147.17
147.39
147.57
147.70
147.75
147.75
147.70
147.58
147.39
147.12
146.82
146.52
146.27
146.12
146.05
146.06
146.14
146.28
146.47
146.69
146.91
147.13
147.32
147.50
147.64
147.77
147.89
148.03
148.17
148.32
148.46
148.58
148.70
148.79
148.87
148.93
149.00
149.09
149.21
149.33
149.45
149.56
149.67
149.76
149.83
149.89
149.92
149.90
149.84
149.75
149.65
149.51
149.35
149.17
148.98
148.79
148.70
148.71
148.85
149.06
149.31
149.52
149.67
149.74
149.75
149.71
149.60
149.40
149.14
148.84
148.59
148.40
148.31
148.28
148.29
148.32
148.33
148.32
148.30
148.27
148.26
148.27
148.33
148.40
148.48
148.57
148.65
148.73
148.80
148.86
148.90
148.94
148.97
149.00
149.01
149.05
149.11
149.21
149.31
149.42
149.53
149.63
149.73
149.80
149.87
149.87
149.79
149.65
149.46
149.24
149.00
148.74
148.46
148.19
147.93
147.68
147.42
147.17
146.93
146.74
146.60
146.53
146.50
146.51
146.62
146.84
147.17
147.54
147.94
148.33
148.69
149.01
149.29
149.52
149.74
149.94
150.15
150.33
150.50
150.59
150.59
150.51
150.37
150.20
149.94
149.58
149.14
148.67
148.19
147.79
147.50
147.32
147.23
147.21
147.26
147.38
147.55
147.74
147.95
148.12
148.25
148.33
148.36
148.37
148.41
148.49
148.63
148.80
148.99
149.09
149.09
148.98
148.80
148.57
148.33
148.09
147.86
147.66
147.48
147.33
147.20
147.11
147.03
147.09
147.28
147.61
148.03
148.48
148.85
149.10
149.22
149.24
149.19
149.06
148.87
148.64
148.39
148.14
147.99
147.95
148.03
148.19
148.40
148.55
148.62
148.57
148.46
148.30
148.15
148.02
147.93
147.87
147.83
147.90
148.07
148.35
148.68
149.04
149.29
149.40
149.34
149.18
148.95
148.68
148.41
148.14
147.89
147.75
147.73
147.84
148.03
148.27
148.53
148.79
149.04
149.26
149.46
149.60
149.68
149.70
149.68
149.62
149.53
149.39
149.22
149.04
148.85
148.65
148.43
148.21
147.98
147.77
147.58
147.42
147.28
147.17
147.09
147.07
147.14
147.29
147.48
147.70
147.95
148.22
148.50
148.78
149.04
149.22
149.31
149.30
149.23
149.11
148.99
148.90
148.84
148.81
148.76
148.71
148.63
148.54
148.45
148.42
148.45
148.56
148.71
148.89
149.04
149.16
149.24
149.28
149.29
149.28
149.27
149.24
149.21
149.17
149.09
148.94
148.74
148.50
148.25
148.12
148.13
148.29
148.54
148.85
149.11
149.26
149.31
149.27
149.17
149.04
148.90
148.75
148.60
148.47
148.43
148.50
148.68
148.93
149.22
149.49
149.72
149.90
150.02
150.11
150.17
150.20
150.21
150.21
150.11
149.92
149.63
149.29
148.92
148.59
148.31
148.10
147.95
147.85
147.75
147.66
147.56
147.46
147.37
147.42
147.63
148.01
148.49
149.01
149.44
149.71
149.81
149.78
149.66
149.50
149.30
149.09
148.88
148.69
148.50
148.29
148.08
147.87
147.68
147.56
147.53
147.59
147.70
147.85
147.96
148.02
148.00
147.94
147.84
147.81
147.86
148.02
148.23
148.42
148.56
148.62
148.64
148.61
148.54
148.41
148.25
148.07
147.89
147.74
147.64
147.58
147.57
147.58
147.64
147.74
147.87
148.03
148.19
148.43
148.75
149.14
149.57
150.00
150.28
150.36
150.24
149.98
149.64
149.26
148.88
148.51
148.17
147.86
147.63
147.48
147.40
147.37
147.39
147.30
147.07
146.70
146.24
145.74
145.33
145.03
144.88
144.83
144.86
144.97
145.14
145.36
145.60
145.92
146.33
146.81
147.31
147.81
148.20
148.45
148.54
148.53
148.43
148.32
148.21
148.12
148.05
148.00
148.02
148.11
148.28
148.48
148.71
148.91
149.07
149.18
149.24
149.28
149.29
149.28
149.26
149.23
149.19
149.08
148.88
148.58
148.23
147.87
147.49
147.11
146.72
146.36
146.04
145.86
145.85
146.01
146.28
146.62
147.01
147.43
147.86
148.28
148.66
149.06
149.46
149.88
150.29
150.62
150.84
150.95
150.97
150.94
150.87
150.77
150.66
150.55
150.44
150.29
150.08
149.83
149.56
149.28
149.02
148.78
148.57
148.39
148.25
148.16
148.13
148.16
148.22
148.30
148.40
148.50
148.60
148.69
148.77
148.81
148.81
148.76
148.69
148.61
148.57
148.59
148.68
148.81
148.97
149.08
149.13
149.10
149.02
148.92
148.76
148.58
148.36
148.14
147.92
147.72
147.54
147.38
147.25
147.18
147.15
147.18
147.25
147.33
147.40
147.44
147.44
147.42
147.39
147.39
147.46
147.58
147.75
147.93
148.12
148.29
148.46
148.60
148.72
148.77
148.73
148.61
148.45
148.25
148.07
147.93
147.84
147.78
147.75
147.77
147.84
147.94
148.08
148.22
148.25
148.16
147.92
147.60
147.24
146.91
146.67
146.51
146.43
146.40
146.47
146.62
146.86
147.14
147.43
147.72
148.00
148.24
148.45
148.58
148.61
148.54
148.41
148.25
148.04
147.80
147.53
147.26
147.01
146.77
146.57
146.40
146.25
146.14
146.05
145.99
145.94
145.92
145.90
145.92
145.98
146.08
146.19
146.32
146.55
146.90
147.36
147.88
148.41
148.89
149.30
149.63
149.88
150.06
150.10
150.00
149.78
149.47
149.12
148.76
148.42
148.10
147.82
147.58
147.38
147.22
147.10
147.00
146.97
146.98
147.05
147.14
147.26
147.38
147.49
147.60
147.70
147.78
147.85
147.91
147.96
147.99
148.02
147.95
147.79
147.53
147.21
146.86
146.58
146.37
146.26
146.23
146.24
146.35
146.53
146.80
147.10
147.41
147.72
148.00
148.25
148.47
148.65
148.74
148.74
148.64
148.49
148.30
148.13
147.98
147.89
147.82
147.79
147.77
147.78
147.79
147.81
147.92
148.12
148.41
148.75
149.11
149.44
149.71
149.92
150.07
150.17
150.20
150.18
150.10
149.98
149.85
149.71
149.57
149.45
149.34
149.24
149.21
149.26
149.39
149.57
149.77
149.97
150.17
150.35
150.52
150.66
150.64
150.45
150.08
149.60
149.07
148.59
148.19
147.91
147.71
147.59
147.47
147.34
147.17
146.99
146.81
146.70
146.66
146.71
146.81
146.94
147.12
147.33
147.57
147.81
148.07
148.34
148.62
148.89
149.14
149.33
149.46
149.53
149.55
149.53
149.44
149.27
149.03
148.75
148.47
148.24
148.10
148.04
148.06
148.12
148.31
148.65
149.11
149.65
150.20
150.61
150.82
150.82
150.66
150.41
150.11
149.78
149.46
149.16
148.88
148.69
148.61
148.62
148.70
148.83
148.95
149.06
149.13
149.17
149.19
149.19
149.19
149.17
149.15
149.10
149.02
148.91
148.79
148.66
148.53
148.41
148.31
148.22
148.14
148.14
148.21
148.35
148.54
148.75
148.94
149.09
149.18
149.24
149.27
149.23
149.10
148.90
148.66
148.40
148.14
147.90
147.69
147.50
147.34
147.21
147.11
147.03
146.97
146.94
146.97
147.07
147.25
147.46
147.70
147.90
148.07
148.18
148.25
148.28
148.32
148.37
148.43
148.51
148.59
148.64
148.66
148.63
148.58
148.46
148.27
148.02
147.73
147.44
147.16
146.90
146.67
146.47
146.31
146.20
146.16
146.17
146.23
146.31
146.35
146.33
146.25
146.12
145.97
145.92
146.00
146.22
146.51
146.86
147.18
147.47
147.70
147.88
148.01
148.02
147.90
147.67
147.36
147.02
146.86
146.93
147.25
147.73
148.29
148.75
149.04
149.14
149.10
148.95
148.85
148.85
148.96
149.14
149.29
149.37
149.35
149.26
149.13
149.06
149.08
149.19
149.37
149.58
149.77
149.94
150.06
150.13
150.18
150.15
150.05
149.86
149.63
149.38
149.16
148.98
148.86
148.78
148.74
148.67
148.56
148.40
148.21
148.01
147.74
147.39
146.96
146.51
146.05
145.70
145.49
145.42
145.45
145.56
145.85
146.31
146.94
147.65
148.38
149.00
149.48
149.79
149.97
150.04
150.06
150.06
150.05
150.05
150.01
149.95
149.85
149.74
149.62
149.48
149.31
149.13
148.94
148.75
148.50
148.18
147.79
147.36
146.93
146.67
146.59
146.72
146.99
147.33
147.67
147.94
148.14
148.27
148.35
148.38
148.39
148.37
148.34
148.30
148.25
148.21
148.17
148.13
148.09
148.01
147.87
147.68
147.45
147.21
147.06
147.02
147.09
147.25
147.45
147.57
147.57
147.43
147.20
146.93
146.71
146.59
146.58
146.64
146.77
146.92
147.08
147.24
147.40
147.51
147.58
147.59
147.57
147.53
147.57
147.74
148.03
148.39
148.78
149.07
149.21
149.19
149.06
148.86
148.70
148.62
148.64
148.72
148.85
148.89
148.82
148.62
148.34
148.02
147.74
147.53
147.41
147.36
147.35
147.41
147.52
147.68
147.86
148.05
148.21
148.32
148.38
148.40
148.40
148.37
148.33
148.29
148.24
148.25
148.32
148.46
148.64
148.84
149.02
149.15
149.24
149.29
149.30
149.27
149.20
149.08
148.94
148.79
148.65
148.51
148.39
148.28
148.19
148.09
147.97
147.84
147.70
147.57
147.45
147.33
147.24
147.16
147.09
147.02
146.92
146.81
146.68
146.56
146.47
146.42
146.42
146.45
146.50
146.59
146.71
146.87
147.04
147.21
147.40
147.60
147.82
148.03
148.24
148.42
148.58
148.71
148.82
148.91
148.97
149.02
149.05
149.07
149.11
149.17
149.26
149.36
149.46
149.51
149.49
149.40
149.26
149.09
148.94
148.83
148.76
148.72
148.71
148.69
148.66
148.59
148.52
148.44
148.41
148.45
148.56
148.72
148.89
148.97
148.92
148.73
148.45
148.12
147.91
147.86
147.99
148.25
148.57
148.85
149.04
149.12
149.11
149.05
149.00
149.00
149.04
149.13
149.24
149.35
149.47
149.58
149.68
149.79
149.92
150.07
150.22
150.37
150.41
150.30
150.05
149.71
149.33
148.94
148.56
148.21
147.90
147.64
147.44
147.32
147.28
147.28
147.33
147.42
147.55
147.73
147.92
148.11
148.26
148.37
148.42
148.44
148.43
148.48
148.61
148.82
149.09
149.38
149.59
149.70
149.68
149.57
149.42
149.26
149.12
149.02
148.94
148.90
148.81
148.69
148.51
148.30
148.19
148.21
148.38
148.63
148.94
149.18
149.33
149.36
149.31
149.21
148.99
148.66
148.24
147.77
147.29
146.94
146.75
146.74
146.85
147.04
147.34
147.71
148.15
148.61
149.06
149.37
149.52
149.48
149.33
149.10
148.77
148.36
147.90
147.42
146.95
146.68
146.64
146.85
147.21
147.67
148.12
148.51
148.80
149.02
149.17
149.24
149.24
149.17
149.06
148.93
148.81
148.72
148.68
148.67
148.65
148.61
148.55
148.49
148.41
148.39
148.43
148.55
148.71
148.89
149.02
149.08
149.07
149.01
148.91
148.76
148.58
148.37
148.14
147.93
147.73
147.55
147.39
147.26
147.16
147.05
146.93
146.80
146.66
146.53
146.44
146.39
146.39
146.42
146.47
146.56
146.69
146.85
147.03
147.20
147.34
147.43
147.47
147.47
147.45
147.44
147.45
147.48
147.53
147.62
147.74
147.90
148.06
148.23
148.44
148.70
149.00
149.32
149.64
149.82
149.85
149.73
149.49
149.19
148.89
148.62
148.40
148.22
148.08
147.96
147.83
147.70
147.57
147.44
147.31
147.16
146.99
146.82
146.65
146.48
146.29
146.09
145.89
145.70
145.64
145.72
145.96
146.28
146.66
146.99
147.25
147.42
147.52
147.56
147.66
147.86
148.17
148.53
148.92
149.20
149.33
149.30
149.15
149.01
148.93
148.93
148.98
149.08
149.17
149.23
149.27
149.28
149.27
149.25
149.22
149.19
149.16
149.13
149.07
148.99
148.88
148.75
148.63
148.48
148.31
148.12
147.92
147.74
147.65
147.68
147.82
148.03
148.29
148.56
148.83
149.08
149.30
149.49
149.55
149.45
149.20
148.85
148.46
148.10
147.82
147.63
147.52
147.47
147.41
147.31
147.18
147.02
146.91
146.86
146.89
146.97
147.08
147.15
147.17
147.12
147.02
146.90
146.87
146.97
147.20
147.51
147.86
148.14
148.31
148.37
148.33
148.23
148.21
148.28
148.48
148.76
149.07
149.26
149.28
149.12
148.85
148.50
148.20
148.00
147.91
147.90
147.96
148.03
148.08
148.12
148.14
148.15
148.12
148.05
147.95
147.82
147.69
147.56
147.44
147.34
147.24
147.16
147.13
147.13
147.19
147.27
147.39
147.54
147.73
147.93
148.13
148.37
148.65
148.97
149.31
149.63
149.82
149.86
149.74
149.50
149.20
148.82
148.38
147.89
147.39
146.91
146.55
146.34
146.28
146.33
146.45
146.68
146.98
147.36
147.77
148.17
148.55
148.89
149.19
149.45
149.65
149.76
149.77
149.69
149.53
149.35
149.09
148.77
148.40
148.01
147.63
147.30
147.05
146.86
146.74
146.67
146.64
146.63
146.65
146.68
146.72
146.76
146.80
146.84
146.88
147.07
147.44
148.00
148.66
149.35
149.98
150.50
150.89
151.17
151.36
151.44
151.44
151.36
151.23
151.08
150.94
150.83
150.76
150.73
150.72
150.65
150.50
150.26
149.97
149.66
149.36
149.07
148.81
148.59
148.40
148.19
147.96
147.69
147.41
147.14
146.91
146.75
146.65
146.59
146.58
146.75
147.12
147.70
148.39
148.90
149.16
149.12
148.87
148.49
148.14
147.89
147.78
147.76
147.81
147.92
148.05
148.19
148.33
148.47
148.51
148.45
148.27
148.03
147.75
147.48
147.26
147.09
146.97
146.88
146.85
146.88
146.96
147.08
147.20
147.31
147.38
147.41
147.41
147.38
147.43
147.56
147.78
148.05
148.35
148.61
148.84
149.00
149.12
149.19
149.21
149.17
149.08
148.95
148.82
148.68
148.55
148.42
148.31
148.27
148.31
148.43
148.59
148.79
148.93
149.01
149.01
148.96
148.87
148.79
148.73
148.70
148.70
148.71
148.76
148.85
148.98
149.12
149.26
149.35
149.37
149.31
149.19
149.05
148.95
148.91
148.93
149.01
149.12
149.21
149.28
149.31
149.32
149.31
149.26
149.17
149.04
148.90
148.75
148.63
148.55
148.53
148.53
148.56
148.60
148.65
148.71
148.76
148.81
148.91
149.07
149.28
149.52
149.68
149.75
149.71
149.58
149.41
149.27
149.18
149.16
149.20
149.26
149.24
149.11
148.85
148.51
148.14
147.85
147.67
147.61
147.64
147.74
147.93
148.20
148.54
148.90
149.28
149.55
149.69
149.71
149.63
149.48
149.27
149.02
148.74
148.44
148.16
147.85
147.50
147.13
146.75
146.39
146.09
145.87
145.71
145.62
145.58
145.62
145.76
145.97
146.23
146.50
146.77
147.03
147.26
147.46
147.61
147.69
147.71
147.69
147.63
147.61
147.65
147.75
147.88
148.04
148.19
148.35
148.49
148.62
148.73
148.77
148.73
148.61
148.43
148.24
148.06
147.92
147.83
147.77
147.74
147.71
147.66
147.59
147.51
147.43
147.35
147.27
147.21
147.15
147.10
147.17
147.36
147.70
148.11
148.55
148.91
149.15
149.26
149.27
149.21
149.13
149.05
149.00
148.96
148.93
148.92
148.91
148.91
148.92
148.95
149.02
149.12
149.24
149.36
149.42
149.42
149.34
149.22
149.06
149.01
149.07
149.28
149.56
149.89
150.16
150.32
150.37
150.33
150.23
150.12
150.02
149.95
149.91
149.88
149.81
149.70
149.53
149.32
149.11
148.88
148.62
148.36
148.10
147.86
147.68
147.55
147.49
147.47
147.48
147.52
147.57
147.63
147.70
147.75
147.86
148.03
148.25
148.49
148.72
148.91
149.05
149.14
149.20
149.20
149.15
149.06
148.93
148.80
148.60
148.36
148.06
147.74
147.42
147.12
146.86
146.62
146.42
146.26
146.19
146.21
146.32
146.48
146.68
146.92
147.18
147.46
147.74
148.00
148.19
148.28
148.28
148.21
148.09
148.06
148.14
148.35
148.64
148.97
149.31
149.64
149.94
150.21
150.44
150.47
150.28
149.86
149.31
148.78
148.32
147.98
147.75
147.59
147.51
147.48
147.48
147.51
147.56
147.62
147.68
147.74
147.79
147.84
147.89
147.92
147.95
147.98
147.99
148.03
148.10
148.19
148.30
148.42
148.42
148.29
148.03
147.68
147.30
146.98
146.78
146.70
146.71
146.79
146.94
147.14
147.38
147.63
147.88
148.15
148.42
148.69
148.95
149.19
149.32
149.33
149.21
149.01
148.76
148.60
148.56
148.66
148.86
149.06
149.22
149.33
149.38
149.40
149.28
149.03
148.63
148.16
147.66
147.28
147.05
146.99
147.05
147.21
147.33
147.38
147.35
147.25
147.11
147.01
146.97
146.99
147.06
147.16
147.22
147.23
147.17
147.06
146.93
146.92
147.07
147.38
147.79
148.25
148.64
148.92
149.07
149.11
149.08
148.93
148.65
148.26
147.81
147.34
147.00
146.81
146.80
146.91
147.04
147.16
147.23
147.27
147.29
147.36
147.51
147.75
148.04
148.35
148.60
148.77
148.85
148.86
148.82
148.75
148.66
148.56
148.46
148.37
148.33
148.37
148.49
148.65
148.84
149.00
149.13
149.21
149.26
149.28
149.31
149.35
149.41
149.49
149.57
149.59
149.55
149.44
149.29
149.11
148.93
148.75
148.58
148.44
148.31
148.18
148.04
147.88
147.73
147.58
147.47
147.41
147.40
147.42
147.47
147.53
147.60
147.67
147.74
147.85
148.02
148.24
148.49
148.75
148.97
149.14
149.25
149.31
149.34
149.26
149.07
148.78
148.42
148.04
147.69
147.40
147.17
147.00
146.88
146.86
146.93
147.09
147.31
147.55
147.77