Initializing VL53L0X...
Initialize interrupt routine.
Interrupt is ready!
Stop count: 2000.00
1.28
4.04
8.42
13.77
19.56
25.36
30.84
35.74
39.92
43.33
46.03
48.07
49.61
50.74
51.54
52.08
52.37
52.46
52.39
52.21
51.97
51.75
51.58
51.49
51.45
51.45
51.48
51.53
51.59
51.65
51.72
51.75
51.75
51.70
51.64
51.55
51.47
51.38
51.30
51.23
51.17
51.17
51.24
51.38
51.57
51.78
51.91
51.94
51.86
51.70
51.50
51.30
51.14
51.01
50.93
50.87
50.81
50.74
50.65
50.55
50.45
50.39
50.36
50.38
50.42
50.48
50.55
50.63
50.70
50.76
50.85
50.96
51.09
51.23
51.37
51.45
51.45
51.38
51.25
51.10
50.88
50.59
50.26
49.90
49.55
49.27
49.09
49.02
49.01
49.06
49.20
49.42
49.72
50.04
50.38
50.67
50.91
51.08
51.19
51.26
51.33
51.39
51.47
51.56
51.64
51.74
51.87
52.02
52.17
52.33
52.37
52.27
52.02
51.69
51.31
50.92
50.55
50.20
49.90
49.63
49.42
49.24
49.11
49.01
48.88
48.72
48.52
48.29
48.06
47.98
48.07
48.35
48.73
49.18
49.62
50.01
50.34
50.60
50.81
51.07
51.41
51.84
52.31
52.79
53.16
53.39
53.49
53.47
53.38
53.27
53.17
53.09
53.02
52.98
52.95
52.93
52.92
52.92
52.92
52.82
52.60
52.25
51.83
51.44
51.12
50.89
50.73
50.63
50.58
50.57
50.59
50.62
50.66
50.61
50.42
50.12
49.73
49.32
48.93
48.59
48.33
48.12
47.97
47.98
48.14
48.46
48.88
49.33
49.74
50.07
50.30
50.44
50.51
50.54
50.53
50.49
50.44
50.38
50.35
50.34
50.38
50.43
50.50
50.60
50.74
50.90
51.07
51.24
51.40
51.54
51.67
51.77
51.81
51.76
51.63
51.46
51.26
51.05
50.85
50.66
50.49
50.35
50.28
50.30
50.41
50.57
50.75
50.92
51.06
51.15
51.21
51.24
51.33
51.49
51.74
52.04
52.35
52.55
52.61
52.51
52.30
52.04
51.77
51.53
51.33
51.17
51.05
50.97
50.91
50.87
50.85
50.85
50.93
51.12
51.40
51.74
52.09
52.34
52.44
52.38
52.21
51.97
51.70
51.42
51.15
50.90
50.67
50.48
50.32
50.19
50.09
50.04
50.04
50.09
50.18
50.29
50.42
50.59
50.78
50.98
51.18
51.36
51.52
51.66
51.77
51.87
51.83
51.66
51.34
50.94
50.50
50.14
49.89
49.78
49.76
49.82
49.92
50.05
50.19
50.33
50.47
50.67
50.95
51.31
51.71
52.11
52.49
52.84
53.14
53.40
53.62
53.71
53.67
53.50
53.24
52.94
52.63
52.33
52.04
51.78
51.54
51.29
51.06
50.83
50.63
50.54
50.56
50.71
50.93
51.20
51.43
51.60
51.68
51.71
51.68
51.63
51.56
51.48
51.40
51.32
51.30
51.35
51.48
51.65
51.84
51.95
51.97
51.87
51.71
51.50
51.38
51.39
51.53
51.76
52.04
52.26
52.39
52.41
52.34
52.23
52.16
52.17
52.28
52.44
52.61
52.77
52.89
52.98
53.05
53.01
52.86
52.61
52.29
51.94
51.70
51.60
51.66
51.83
52.06
52.25
52.35
52.35
52.28
52.16
52.02
51.86
51.71
51.56
51.43
51.36
51.38
51.48
51.63
51.81
51.94
52.01
52.01
51.95
51.86
51.73
51.55
51.35
51.13
50.92
50.69
50.46
50.22
49.98
49.77
49.68
49.74
49.96
50.28
50.62
50.94
51.23
51.47
51.67
51.82
51.94
52.03
52.09
52.12
52.14
52.15
52.14
52.13
52.12
52.10
52.09
52.07
52.05
52.04
52.03
52.02
52.01
52.01
52.00
51.94
51.83
51.65
51.43
51.21
51.04
50.94
50.93
50.98
51.07
51.16
51.22
51.26
51.27
51.26
51.19
51.05
50.84
50.59
50.34
50.11
49.94
49.82
49.74
49.76
49.86
50.05
50.28
50.54
50.82
51.13
51.44
51.74
52.02
52.19
52.23
52.14
51.96
51.73
51.53
51.39
51.32
51.31
51.34
51.40
51.47
51.55
51.63
51.70
51.72
51.66
51.54
51.36
51.17
50.97
50.78
50.61
50.45
50.32
50.24
50.20
50.23
50.28
50.36
50.53
50.79
51.15
51.55
51.96
52.23
52.31
52.19
51.93
51.60
51.33
51.18
51.17
51.26
51.36
51.44
51.48
51.47
51.45
51.40
51.35
51.30
51.24
51.19
51.15
51.11
51.07
51.04
51.02
51.01
50.99
50.99
50.98
50.98
50.98
50.98
50.98
50.98
50.99
50.99
50.99
50.99
50.99
51.00
51.00
51.00
51.00
51.00
51.00
50.97
50.92
50.83
50.72
50.61
50.52
50.48
50.47
50.49
50.54
50.59
50.66
50.72
50.77
50.91
51.13
51.43
51.78
52.15
52.45
52.66
52.78
52.82
52.80
52.72
52.58
52.40
52.20
52.00
51.83
51.70
51.63
51.60
51.60
51.62
51.66
51.70
51.75
51.79
51.81
51.79
51.74
51.66
51.57
51.47
51.38
51.30
51.22
51.16
51.11
51.06
51.03
51.00
50.99
50.97
50.97
50.96
50.96
50.97
51.02
51.14
51.32
51.54
51.64
51.58
51.34
51.00
50.60
50.26
50.02
49.91
49.89
49.93
50.05
50.22
50.43
50.67
50.90
51.10
51.25
51.34
51.38
51.39
51.35
51.26
51.14
50.99
50.83
50.75
50.78
50.92
51.13
51.37
51.60
51.80
51.95
52.06
52.13
52.15
52.11
52.03
51.91
51.78
51.68
51.61
51.58
51.58
51.61
51.59
51.52
51.39
51.23
51.05
50.84
50.60
50.36
50.11
49.93
49.84
49.83
49.89
49.99
50.20
50.50
50.91
51.35
51.81
52.22
52.56
52.82
53.02
53.15
53.16
53.03
52.78
52.46
52.10
51.82
51.64
51.59
51.63
51.73
51.85
51.95
52.02
52.07
52.10
52.12
52.12
52.12
52.11
52.10
52.17
52.32
52.58
52.89
53.21
53.43
53.51
53.43
53.24
52.99
52.74
52.51
52.32
52.17
52.03
51.89
51.74
51.60
51.47
51.38
51.33
51.34
51.38
51.44
51.46
51.42
51.32
51.18
51.01
50.87
50.77
50.70
50.68
50.68
50.72
50.80
50.93
51.07
51.22
51.37
51.51
51.63
51.73
51.82
51.84
51.78
51.64
51.46
51.25
51.12
51.09
51.17
51.32
51.52
51.63
51.62
51.47
51.24
50.95
50.73
50.60
50.59
50.65
50.77
50.84
50.83
50.72
50.56
50.36
50.14
49.93
49.74
49.56
49.46
49.44
49.52
49.65
49.81
50.02
50.25
50.51
50.77
51.02
51.25
51.45
51.62
51.75
51.87
51.90
51.84
51.71
51.52
51.31
51.15
51.05
51.03
51.07
51.15
51.20
51.19
51.12
51.02
50.89
50.80
50.78
50.83
50.93
51.05
51.22
51.42
51.64
51.87
52.09
52.21
52.22
52.11
51.92
51.73
51.59
51.52
51.49
51.49
51.53
51.58
51.63
51.69
51.75
51.72
51.60
51.37
51.09
50.78
50.52
50.33
50.24
50.22
50.24
50.33
50.46
50.64
50.84
51.04
51.17
51.24
51.21
51.13
51.01
50.88
50.73
50.60
50.47
50.35
50.22
50.08
49.93
49.77
49.62
49.53
49.52
49.59
49.72
49.88
49.99
50.05
50.03
49.96
50.00
50.17
50.50
50.91
51.37
51.75
52.01
52.15
52.18
52.14
52.05
51.93
51.80
51.66
51.53
51.38
51.22
51.04
50.86
50.69
50.61
50.64
50.79
51.01
51.28
51.47
51.57
51.56
51.46
51.32
51.17
51.05
50.96
50.90
50.86
50.84
50.84
50.84
50.86
50.87
50.97
51.16
51.45
51.78
52.14
52.38
52.47
52.41
52.23
51.99
51.77
51.60
51.50
51.46
51.46
51.49
51.53
51.59
51.66
51.72
51.78
51.83
51.88
51.91
51.97
52.06
52.16
52.29
52.41
52.47
52.47
52.38
52.25
52.09
52.00
52.00
52.11
52.29
52.51
52.68
52.80
52.84
52.82
52.76
52.68
52.59
52.49
52.40
52.31
52.29
52.33
52.46
52.63
52.82
53.04
53.29
53.55
53.82
54.07
54.13
53.98
53.61
53.10
52.66
52.36
52.23
52.24
52.34
52.47
52.60
52.72
52.81
52.89
52.87
52.74
52.51
52.21
51.88
51.60
51.40
51.30
51.26
51.27
51.29
51.30
51.30
51.28
51.25
51.21
51.18
51.14
51.11
51.08
51.09
51.12
51.20
51.29
51.39
51.45
51.43
51.35
51.21
51.06
50.97
50.98
51.09
51.27
51.49
51.62
51.62
51.48
51.25
50.97
50.80
50.79
50.95
51.23
51.49
51.69
51.79
51.82
51.79
51.79
51.82
51.91
52.03
52.16
52.25
52.27
52.22
52.11
51.98
51.86
51.78
51.73
51.71
51.71
51.72
51.75
51.78
51.82
51.85
51.88
51.91
51.93
51.96
51.97
52.07
52.25
52.52
52.85
53.19
53.42
53.51
53.43
53.25
53.00
52.78
52.60
52.50
52.46
52.46
52.48
52.53
52.59
52.65
52.74
52.86
53.00
53.15
53.31
53.37
53.33
53.17
52.95
52.69
52.50
52.40
52.42
52.52
52.67
52.79
52.86
52.86
52.82
52.74
52.65
52.55
52.45
52.36
52.27
52.20
52.14
52.09
52.05
52.02
52.07
52.23
52.49
52.80
53.14
53.42
53.63
53.73
53.77
53.76
53.70
53.63
53.55
53.46
53.37
53.13
52.71
52.12
51.42
50.81
50.34
50.04
49.88
49.83
49.91
50.11
50.40
50.74
51.10
51.40
51.62
51.74
51.78
51.77
51.69
51.56
51.39
51.19
50.99
50.88
50.87
50.98
51.16
51.39
51.61
51.80
51.94
52.04
52.11
52.21
52.35
52.53
52.74
52.95
53.00
52.84
52.47
51.98
51.42
50.97
50.71
50.64
50.72
50.90
51.03
51.07
50.98
50.81
50.60
50.45
50.38
50.42
50.54
50.69
50.87
51.06
51.24
51.41
51.48
51.43
51.27
51.04
50.76
50.53
50.37
50.29
50.27
50.29
50.40
50.59
50.85
51.15
51.46
51.70
51.86
51.93
51.93
51.87
51.87
51.94
52.10
52.32
52.56
52.75
52.87
52.91
52.89
52.82
52.68
52.47
52.18
51.87
51.55
51.29
51.13
51.06
51.06
51.11
51.17
51.21
51.23
51.23
51.27
51.37
51.52
51.71
51.91
52.05
52.13
52.12
52.05
51.95
51.88
51.86
51.91
52.01
52.12
52.25
52.39
52.51
52.62
52.72
52.78
52.79
52.76
52.70
52.61
52.58
52.60
52.69
52.82
52.98
53.04
52.97
52.76
52.47
52.13
51.86
51.69
51.65
51.68
51.78
51.86
51.90
51.88
51.81
51.73
51.68
51.69
51.77
51.89
52.03
52.16
52.25
52.30
52.32
52.29
52.22
52.10
51.96
51.81
51.68
51.60
51.57
51.56
51.59
51.62
51.67
51.72
51.77
51.82
51.83
51.81
51.76
51.68
51.58
51.46
51.31
51.13
50.95
50.77
50.71
50.79
51.02
51.34
51.70
51.92
51.95
51.75
51.42
51.00
50.62
50.34
50.18
50.11
50.11
50.24
50.49
50.85
51.27
51.71
52.01
52.13
52.04
51.82
51.54
51.25
50.97
50.73
50.52
50.32
50.12
49.93
49.74
49.56
49.49
49.54
49.70
49.94
50.21
50.48
50.70
50.88
51.00
51.09
51.18
51.27
51.37
51.48
51.58
51.70
51.84
52.00
52.17
52.33
52.45
52.52
52.55
52.54
52.50
52.45
52.39
52.32
52.26
52.20
52.13
52.02
51.90
51.76
51.63
51.47
51.30
51.11
50.91
50.73
50.59
50.50
50.46
50.46
50.49
50.54
50.60
50.66
50.73
50.76
50.75
50.71
50.64
50.56
50.52
50.55
50.65
50.79
50.95
51.10
51.20
51.27
51.30
51.31
51.27
51.19
51.07
50.92
50.78
50.74
50.83
51.07
51.39
51.75
52.02
52.16
52.13
52.01
51.81
51.60
51.41
51.25
51.13
51.04
50.97
50.92
50.90
50.88
50.88
50.88
50.89
50.90
50.92
50.99
51.11
51.30
51.53
51.76
51.92
51.96
51.88
51.73
51.53
51.36
51.25
51.22
51.23
51.28
51.38
51.53
51.71
51.90
52.10
52.26
52.37
52.43
52.44
52.43
52.35
52.19
51.96
51.70
51.42
51.18
50.99
50.85
50.76
50.72
50.75
50.87
51.07
51.31
51.57
51.80
51.98
52.12
52.20
52.25
52.27
52.27
52.26
52.23
52.18
52.09
51.97
51.83
51.69
51.48
51.18
50.80
50.39
49.97
49.71
49.63
49.76
50.02
50.36
50.74
51.13
51.50
51.84
52.14
52.35
52.44
52.43
52.35
52.22
52.06
51.90
51.73
51.58
51.44
51.40
51.47
51.65
51.91
52.20
52.42
52.54
52.54
52.46
52.32
52.18
52.06
51.97
51.91
51.88
51.86
51.85
51.85
51.87
51.88
51.92
52.00
52.10
52.23
52.30
52.31
52.24
52.13
51.99
51.90
51.86
51.90
51.98
52.10
52.17
52.19
52.13
52.04
51.91
51.83
51.81
51.86
51.95
52.08
52.18
52.26
52.31
52.32
52.31
52.34
52.43
52.57
52.74
52.94
53.05
53.05
52.95
52.77
52.55
52.34
52.17
52.03
51.94
51.87
51.75
51.56
51.29
50.98
50.66
50.37
50.13
49.96
49.84
49.85
49.98
50.23
50.56
50.92
51.17
51.29
51.25
51.10
50.88
50.66
50.45
50.28
50.15
50.05
50.08
50.26
50.59
51.00
51.44
51.81
52.07
52.19
52.22
52.17
52.07
51.94
51.81
51.67
51.53
51.41
51.30
51.21
51.14
51.08
51.00
50.91
50.80
50.68
50.56
50.39
50.17
49.90
49.61
49.32
49.21
49.30
49.62
50.08
50.61
51.06
51.36
51.51
51.53
51.54
51.59
51.70
51.84
52.01
52.09
52.08
51.96
51.78
51.55
51.34
51.15
51.02
50.92
50.86
50.77
50.64
50.46
50.25
50.04
49.87
49.74
49.66
49.63
49.62
49.66
49.75
49.88
50.03
50.19
50.31
50.40
50.44
50.44
50.42
50.46
50.59
50.81
51.07
51.37
51.60
51.77
51.84
51.84
51.80
51.68
51.47
51.20
50.89
50.60
50.35
50.15
50.01
49.91
49.87
49.89
49.96
50.07
50.19
50.38
50.62
50.92
51.24
51.55
51.72
51.71
51.50
51.16
50.76
50.41
50.16
50.03
49.98
50.01
50.16
50.43
50.81
51.25
51.70
52.04
52.21
52.22
52.11
51.91
51.68
51.42
51.17
50.93
50.71
50.52
50.35
50.22
50.12
50.04
49.98
49.94
49.92
49.90
49.90
49.96
50.08
50.27
50.49
50.76
51.05
51.36
51.66
51.95
52.12
52.17
52.09
51.92
51.70
51.48
51.29
51.14
51.03
50.95
50.89
50.86
50.85
50.84
50.85
50.86
50.88
50.90
50.92
50.93
50.92
50.88
50.80
50.70
50.60
50.44
50.22
49.95
49.66
49.37
49.14
49.00
48.96
48.98
49.05
49.18
49.35
49.56
49.79
50.01
50.27
50.57
50.91
51.27
51.52
51.66
51.67
51.59
51.45
51.32
51.25
51.23
51.26
51.32
51.38
51.41
51.41
51.38
51.35
51.30
51.26
51.21
51.17
51.13
51.15
51.23
51.39
51.58
51.79
51.93
51.96
51.87
51.71
51.51
51.32
51.15
51.02
50.93
50.87
50.84
50.82
50.82
50.83
50.85
50.86
50.88
50.91
50.92
50.94
50.98
51.05
51.15
51.27
51.39
51.48
51.53
51.54
51.51
51.44
51.33
51.18
51.01
50.84
50.70
50.61
50.56
50.55
50.57
50.71
50.99
51.40
51.87
52.38
52.76
52.99
53.05
52.97
52.82
52.59
52.30
51.97
51.64
51.32
51.02
50.76
50.54
50.35
50.20
50.06
49.92
49.77
49.62
49.49
49.42
49.43
49.52
49.66
49.84
50.10
50.45
50.89
51.36
51.83
52.20
52.43
52.52
52.50
52.40
52.24
52.01
51.75
51.47
51.22
51.02
50.88
50.79
50.74
50.79
50.97
51.25
51.59
51.96
52.33
52.68
52.99
53.27
53.50
53.61
53.58
53.43
53.19
52.91
52.63
52.39
52.21
52.06
51.96
51.86
51.76
51.65
51.54
51.43
51.30
51.16
51.00
50.83
50.67
50.57
50.55
50.62
50.74
50.89
50.98
50.97
50.86
50.68
50.47
50.27
50.10
49.98
49.89
49.86
49.89
49.97
50.08
50.21
50.45
50.80
51.28
51.81
52.35
52.82
53.18
53.43
53.58
53.65
53.62
53.48
53.25
52.97
52.66
52.39
52.16
52.00
51.88
51.80
51.79
51.83
51.92
52.04
52.18
52.24
52.20
52.05
51.84
51.60
51.39
51.26
51.20
51.20
51.25
51.48
51.91
52.54
53.27
54.03
54.52
54.64
54.37
53.84
53.16
52.48
51.89
51.43
51.08
50.92
50.92
51.09
51.37
51.70
52.06
52.41
52.74
53.04
53.30
53.36
53.20
52.81
52.28
51.67
51.11
50.63
50.26
49.98
49.79
49.67
49.60
49.57
49.58
49.60
49.67
49.77
49.91
50.07
50.23
50.38
50.52
50.64
50.75
50.84
50.93
51.04
51.17
51.31
51.44
51.54
51.59
51.59
51.56
51.51
51.56
51.72
52.01
52.37
52.71
52.99
53.19
53.32
53.39
53.45
53.50
53.57
53.64
53.71
53.72
53.66
53.53
53.36
53.16
52.91
52.61
52.25
51.89
51.53
51.19
50.90
50.64
50.43
50.25
50.17
50.19
50.29
50.46
50.66
50.90
51.16
51.45
51.73
51.99
52.21
52.36
52.45
52.48
52.48
52.49
52.50
52.54
52.59
52.65
52.68
52.68
52.64
52.58
52.51
52.46
52.44
52.45
52.49
52.47
52.36
52.16
51.90
51.62
51.33
51.06
50.82
50.60
50.42
50.35
50.40
50.57
50.83
51.12
51.43
51.72
52.00
52.25
52.46
52.56
52.53
52.38
52.14
51.86
51.59
51.36
51.18
51.04
50.94
50.85
50.75
50.64
50.53
50.43
50.36
50.33
50.35
50.39
50.46
50.56
50.69
50.86
51.03
51.21
51.32
51.35
51.31
51.20
51.15
51.17
51.28
51.45
51.65
51.86
52.07
52.27
52.45
52.60
52.68
52.67
52.57
52.42
52.24
52.07
51.94
51.85
51.79
51.76
51.76
51.76
51.78
51.81
51.84
51.78
51.64
51.40
51.10
50.78
50.54
50.41
50.40
50.48
50.62
50.79
50.97
51.16
51.33
51.49
51.57
51.58
51.49
51.35
51.19
51.00
50.82
50.65
50.50
50.36
50.33
50.41
50.60
50.87
51.11
51.30
51.42
51.48
51.50
51.49
51.45
51.40
51.34
51.29
51.20
51.09
50.96
50.81
50.67
50.56
50.49
50.47
50.48
50.52
50.60
50.72
50.87
51.03
51.20
51.25
51.17
50.94
50.63
50.26
49.94
49.69
49.54
49.45
49.42
49.48
49.63
49.87
50.14
50.44
50.73
51.00
51.24
51.45
51.63
51.83
52.05
52.32
52.59
52.75
52.77
52.64
52.40
52.11
51.87
51.72
51.69
51.74
51.83
51.89
51.86
51.75
51.57
51.36
51.15
50.93
50.73
50.55
50.40
50.30
50.25
50.25
50.30
50.37
50.34
50.20
49.93
49.58
49.20
49.03
49.12
49.50
50.06
50.72
51.30
51.74
52.02
52.15
52.19
52.15
52.06
51.94
51.81
51.67
51.56
51.50
51.48
51.50
51.54
51.53
51.48
51.36
51.20
51.03
50.85
50.68
50.53
50.39
50.30
50.26
50.27
50.32
50.39
50.44
50.47
50.47
50.44
50.39
50.40
50.46
50.58
50.74
50.93
51.08
51.20
51.28
51.31
51.32
51.34
51.37
51.43
51.50
51.57
51.62
51.64
51.61
51.56
51.50
51.45
51.44
51.46
51.50
51.56
51.49
51.26
50.88
50.40
49.89
49.45
49.14
48.96
48.89
48.91
49.03
49.24
49.54
49.88
50.23
50.58
50.89
51.17
51.41
51.56
51.60
51.55
51.43
51.27
51.12
50.99
50.90
50.84
50.81
50.75
50.63
50.47
50.27
50.07
49.89
49.77
49.69
49.65
49.64
49.65
49.68
49.72
49.76
49.80
49.84
49.88
49.91
49.94
49.96
50.06
50.24
50.52
50.85
51.19
51.45
51.59
51.61
51.53
51.40
51.28
51.21
51.21
51.24
51.31
51.39
51.49
51.58
51.66
51.72
51.73
51.70
51.64
51.56
51.53
51.56
51.66
51.80
51.97
52.00
51.88
51.59
51.19
50.74
50.33
50.00
49.77
49.62
49.54
49.56
49.67
49.88
50.14
50.42
50.67
50.88
51.03
51.14
51.21
51.21
51.17
51.07
50.95
50.81
50.67
50.54
50.42
50.31
50.22
50.14
50.08
50.03
50.00
49.97
50.01
50.12
50.29
50.51
50.68
50.80
50.83
50.82
50.76
50.65
50.50
50.32
50.12
49.92
49.83
49.89
50.10
50.40
50.75
51.06
51.30
51.46
51.54
51.57
51.59
51.61
51.64
51.69
51.73
51.73
51.66
51.52
51.34
51.15
50.95
50.76
50.58
50.43
50.30
50.30
50.44
50.74
51.11
51.53
51.91
52.20
52.39
52.51
52.56
52.57
52.54
52.50
52.44
52.35
52.22
52.07
51.91
51.75
51.59
51.45
51.33
51.23
51.14
51.05
50.94
50.81
50.68
50.55
50.49
50.49
50.58
50.72
50.88
51.00
51.06
51.04
50.98
50.88
50.81
50.81
50.87
50.97
51.09
51.12
51.03
50.80
50.50
50.15
49.87
49.69
49.64
49.67
49.77
49.90
50.05
50.21
50.36
50.50
50.60
50.65
50.65
50.62
50.56
50.49
50.42
50.34
50.27
50.21
50.15
50.10
50.06
50.03
50.09
50.25
50.50
50.82
51.15
51.46
51.72
51.91
52.05
52.15
52.16
52.07
51.90
51.68
51.44
51.22
51.04
50.91
50.82
50.77
50.70
50.58
50.41
50.22
50.02
49.93
49.98
50.18
50.46
50.80
51.18
51.59
52.00
52.39
52.76
53.05
53.27
53.41
53.48
53.51
53.45
53.30
53.07
52.80
52.60
52.49
52.49
52.58
52.71
52.77
52.71
52.53
52.27
51.96
51.64
51.33
51.04
50.78
50.56
50.45
50.47
50.62
50.86
51.13
51.35
51.47
51.47
51.39
51.27
51.08
50.86
50.60
50.33
50.07
49.94
49.96
50.14
50.41
50.74
51.12
51.53
51.95
52.35
52.72
52.99
53.16
53.21
53.19
53.10
52.93
52.69
52.37
52.02
51.66
51.33
51.02
50.75
50.52
50.44
50.52
50.76
51.10
51.50
51.86
52.14
52.33
52.45
52.51
52.57
52.67
52.81
52.97
53.14
53.27
53.37
53.42
53.43
53.41
53.30
53.08
52.77
52.40
52.01
51.66
51.36
51.14
50.97
50.86
50.70
50.49
50.21
49.90
49.57
49.42
49.48
49.77
50.19
50.69
51.17
51.57
51.88
52.10
52.25
52.39
52.55
52.74
52.94
53.03
52.99
52.80
52.51
52.18
51.91
51.74
51.69
51.72
51.81
51.94
52.09
52.24
52.38
52.52
52.59
52.58
52.48
52.34
52.17
52.01
51.89
51.81
51.76
51.74
51.66
51.50
51.26
50.97
50.66
50.40
50.23
50.15
50.14
50.18
50.23
50.26
50.27
50.26
50.24
50.21
50.18
50.15
50.12
50.10
50.04
49.97
49.86
49.74
49.62
49.60
49.72
49.98
50.32
50.65
50.93
51.13
51.26
51.34
51.37
51.38
51.36
51.33
51.29
51.22
51.12
50.99
50.85
50.70
50.64
50.68
50.84
51.06
51.32
51.54
51.69
51.76
51.77
51.73
51.70
51.67
51.67
51.69
51.72
51.70
51.63
51.49
51.31
51.11
50.97
50.90
50.91
50.97
51.07
51.17
51.23
51.27
51.28
51.27
51.17
50.98
50.68
50.32
49.95
49.69
49.58
49.64
49.80
50.03
50.30
50.58
50.85
51.10
51.32
51.52
51.68
51.81
51.91
51.96
51.96
51.90
51.82
51.71
51.58
51.41
51.22
51.02
50.82
50.61
50.40
50.17
49.95
49.74
49.61
49.57
49.61
49.72
49.86
50.00
50.10
50.17
50.21
50.23
50.18
50.05
49.85
49.61
49.36
49.24
49.29
49.53
49.88
50.29
50.72
51.15
51.55
51.90
52.16
52.30
52.33
52.28
52.18
52.10
52.06
52.09
52.15
52.24
52.32
52.37
52.39
52.38
52.35
52.23
52.02
51.71
51.34
50.96
50.62
50.33
50.11
49.95
49.84
49.77
49.74
49.73
49.73
49.75
49.83
49.98
50.19
50.43
50.69
50.88
51.00
51.03
50.99
50.91
50.84
50.78
50.75
50.74
50.75
50.80
50.88
51.00
51.14
51.28
51.39
51.46
51.48
51.48
51.50
51.57
51.69
51.85
52.02
52.09
52.02
51.81
51.52
51.18
50.87
50.64
50.50
50.43
50.40
50.45
50.55
50.70
50.87
51.05
51.20
51.31
51.37
51.39
51.39
51.44
51.58
51.80
52.08
52.37
52.59
52.69
52.67
52.57
52.42
52.18
51.87
51.50
51.11
50.72
50.30
49.86
49.40
48.94
48.52
48.28
48.24
48.42
48.73
49.12
49.55
49.99
50.40
50.77
51.04
51.21
51.26
51.22
51.14
51.12
51.21
51.42
51.71
52.03
52.26
52.35
52.28
52.12
51.89
51.68
51.53
51.44
51.41
51.42
51.46
51.52
51.58
51.65
51.72
51.75
51.75
51.71
51.64
51.56
51.53
51.55
51.65
51.79
51.95
52.12
52.29
52.44
52.58
52.70
52.77
52.80
52.77
52.71
52.63
52.59
52.62
52.71
52.84
52.89
52.82
52.62
52.34
52.02
51.69
51.37
51.07
50.80
50.57
50.38
50.22
50.10
50.01
49.95
49.91
49.88
49.87
49.87
49.88
49.94
50.07
50.26
50.49
50.73
50.92
51.02
51.04
51.00
50.92
50.84
50.78
50.74
50.74
50.75
50.85
51.04
51.34
51.69
52.06
52.32
52.42
52.37
52.21
51.97
51.73
51.51
51.33
51.18
51.12
51.16
51.28
51.45
51.66
51.85
52.01
52.11
52.18
52.22
52.26
52.32
52.39
52.48
52.57
52.57
52.48
52.28
52.02
51.73
51.48
51.32
51.23
51.22
51.25
51.31
51.39
51.48
51.57
51.65
51.73
51.80
51.86
51.91
51.95
51.93
51.83
51.67
51.47
51.25
51.02
50.81
50.62
50.46
50.32
50.33
50.53
50.90
51.39
51.92
52.35
52.63
52.74
52.73
52.60
52.38
52.10
51.79
51.48
51.24
51.08
51.02
51.03
51.09
51.20
51.37
51.57
51.79
52.01
52.16
52.23
52.21
52.14
52.02
51.86
51.66
51.44
51.20
50.97
50.78
50.65
50.58
50.55
50.55
50.66
50.87
51.19
51.56
51.95
52.20
52.27
52.15
51.89
51.56
51.24
50.98
50.80
50.68
50.61
50.64
50.76
50.97
51.22
51.49
51.60
51.51
51.21
50.77
50.45
50.32
50.43
50.69
51.06
51.36
51.55
51.61
51.56
51.44
51.36
51.35
51.44
51.58
51.75
51.86
51.88
51.79
51.63
51.44
51.22
51.00
50.80
50.61
50.45
50.34
50.28
50.28
50.32
50.38
50.43
50.46
50.45
50.42
50.38
50.38
50.44
50.57
50.74
50.92
51.08
51.20
51.27
51.31
51.32
51.28
51.20
51.08
50.94
50.87
50.89
51.02
51.22
51.45
51.65
51.77
51.82
51.81
51.76
51.68
51.59
51.50
51.41
51.32
51.29
51.34
51.46
51.63
51.82
51.94
51.96
51.86
51.70
51.49
51.30
51.13
51.00
50.92
50.86
50.85
50.90
50.99
51.11
51.23
51.31
51.32
51.26
51.15
51.01
50.91
50.87
50.91
50.99
51.10
51.28
51.53
51.83
52.16
52.49
52.72
52.83
52.81
52.70
52.56
52.41
52.29
52.19
52.11
52.02
51.92
51.79
51.67
51.54
51.34
51.07
50.71
50.31
49.91
49.58
49.35
49.22
49.17
49.18
49.26
49.39
49.57
49.77
49.98
50.10
50.11
50.01
49.83
49.60
49.44
49.37
49.41
49.52
49.68
49.86
50.04
50.23
50.40
50.55
50.70
50.87
51.05
51.22
51.39
51.51
51.58
51.60
51.58
51.53
51.47
51.41
51.34
51.27
51.27
51.33
51.46
51.63
51.83
51.97
52.05
52.05
51.99
51.90
51.84
51.83
51.89
51.99
52.11
52.19
52.21
52.16
52.06
51.94
51.83
51.75
51.70
51.69
51.69
51.63
51.49
51.26
50.97
50.67
50.39
50.17
50.00
49.88
49.80
49.84
50.00
50.26
50.60
50.96
51.30
51.59
51.81
51.98
52.09
52.22
52.38
52.58
52.80
52.88
52.80
52.53
52.16
51.73
51.39
51.19
51.14
51.20
51.35
51.43
51.41
51.27
51.05
50.78
50.50
50.22
49.97
49.73
49.53
49.49
49.64
49.98
50.43
50.94
51.32
51.53
51.55
51.42
51.20
50.96
50.72
50.52
50.35
50.21
50.10
50.02
49.96
49.92
49.90
49.97
50.14
50.41
50.74
51.09
51.39
51.60
51.72
51.76
51.78
51.79
51.81
51.83
51.85
51.83
51.74
51.58
51.39
51.18
51.02
50.94
50.93
50.99
51.08
51.20
51.32
51.44
51.56
51.66
51.73
51.75
51.72
51.66
51.59
51.45
51.25
50.99
50.70
50.41
50.15
49.95
49.82
49.73
49.68
49.67
49.67
49.70
49.73
49.77
49.86
50.01
50.22
50.47
50.72
50.91
51.02
51.05
51.01
50.93
50.90
50.96
51.10
51.31
51.57
51.87
52.19
52.51
52.82
53.10
53.34
53.55
53.71
53.85
53.87
53.77
53.55
53.27
52.94
52.64
52.38
52.18
52.02
51.92
51.85
51.80
51.79
51.78
51.79
51.73
51.58
51.34
51.05
50.73
50.55
50.54
50.72
51.02
51.39
51.81
52.27
52.73
53.18
53.59
53.79
53.76
53.48
53.05
52.53
52.05
51.68
51.43
51.29
51.23
51.20
51.18
51.16
51.14
51.19
51.34
51.59
51.89
52.21
52.43
52.51
52.42
52.24
51.99
51.73
51.50
51.31
51.16
51.05
51.02
51.08
51.22
51.42
51.64
51.79
51.84
51.77
51.63
51.45
51.29
51.20
51.17
51.20
51.26
51.40
51.60
51.88
52.18
52.49
52.79
53.07
53.31
53.51
53.69
53.77
53.76
53.66
53.50
53.31
53.08
52.82
52.54
52.26
51.97
51.68
51.38
51.10
50.84
50.67
50.60
50.62
50.71
50.84
50.94
50.99
50.97
50.90
50.81
50.70
50.58
50.47
50.37
50.28
50.31
50.47
50.77
51.16
51.58
51.95
52.24
52.43
52.54
52.59
52.56
52.48
52.34
52.17
51.99
51.81
51.64
51.48
51.35
51.24
51.18
51.16
51.20
51.26
51.35
51.50
51.71
51.98
52.28
52.58
52.81
52.96
53.01
52.99
52.95
52.92
52.89
52.88
52.88
52.76
52.48
52.04
51.52
50.97
50.48
50.08
49.80
49.61
49.50
49.48
49.53
49.64
49.79
49.97
50.11
50.23
50.29
50.32
50.33
50.34
50.37
50.43
50.49
50.57
50.59
50.55
50.44
50.28
50.10
50.00
49.99
50.10
50.27
50.49
50.72
50.95
51.17
51.36
51.54
51.65
51.72
51.72
51.69
51.62
51.55
51.47
51.38
51.30
51.21
51.09
50.94
50.79
50.65
50.62
50.72
50.97
51.31
51.69
52.05
52.37
52.63
52.83
52.98
53.00
52.90
52.67
52.37
52.03
51.69
51.36
51.05
50.78
50.55
50.36
50.20
50.09
50.00
49.94
49.98
50.13
50.39
50.71
51.05
51.32
51.48
51.51
51.45
51.33
51.18
51.01
50.83
50.67
50.51
50.46
50.52
50.69
50.94
51.14
51.26
51.28
51.22
51.12
50.98
50.84
50.69
50.55
50.42
50.31
50.22
50.14
50.08
50.03
49.99
49.97
49.95
49.95
49.94
49.97
50.03
50.13
50.24
50.36
50.50
50.67
50.86
51.05
51.24
51.36
51.39
51.35
51.24
51.10
50.97
50.86
50.80
50.76
50.75
50.76
50.77
50.80
50.82
50.85
50.88
50.91
50.93
50.95
50.91
50.81
50.64
50.44
50.22
49.97
49.71
49.43
49.16
48.91
48.79
48.83
49.02
49.32
49.67
50.01
50.32
50.57
50.77
50.92
51.03
51.11
51.16
51.18
51.19
51.16
51.09
50.98
50.85
50.72
50.58
50.46
50.35
50.25
50.17
50.13
50.14
50.19
50.26
50.36
50.54
50.81
51.17
51.58
51.99
52.30
52.50
52.55
52.51
52.40
52.22
51.98
51.72
51.44
51.16
50.91
50.68
50.49
50.33
50.20
50.09
50.02
49.96
49.92
49.98
50.15
50.41
50.74
51.09
51.35
51.51
51.53
51.47
51.35
51.22
51.10
51.01
50.95
50.91
50.94
51.04
51.22
51.44
51.68
51.86
51.97
52.00
51.96
51.88
51.81
51.75
51.73
51.73
51.74
51.76
51.79
51.82
51.85
51.88
51.88
51.85
51.78
51.69
51.59
51.52
51.48
51.48
51.50
51.55
51.61
51.67
51.73
51.78
51.81
51.80
51.74
51.67
51.58
51.54
51.56
51.66
51.79
51.95
52.07
52.12
52.09
52.02
51.91
51.84
51.83
51.88
51.98
52.10
52.21
52.28
52.32
52.33
52.32
52.22
52.01
51.71
51.35
50.97
50.66
50.43
50.30
50.24
50.25
50.37
50.61
50.96
51.36
51.79
52.13
52.34
52.42
52.40
52.37
52.35
52.37
52.42
52.49
52.51
52.47
52.36
52.21
52.04
51.90
51.79
51.72
51.69
51.68
51.67
51.64
51.58
51.51
51.43
51.36
51.28
51.22
51.16
51.11
51.10
51.12
51.19
51.28
51.38
51.43
51.41
51.33
51.20
51.04
50.93
50.88
50.91
50.99
51.09
51.16
51.18
51.13
51.03
50.90
50.82
50.80
50.85
50.95
51.07
51.18
51.26
51.30
51.32
51.31
51.29
51.26
51.22
51.19
51.15
51.12
51.09
51.06
51.04
51.05
51.10
51.17
51.27
51.38
51.44
51.43
51.34
51.21
51.06
50.92
50.81
50.75
50.71
50.71
50.74
50.82
50.94
51.08
51.23
51.35
51.42
51.46
51.45
51.43
51.33
51.17
50.94
50.67
50.40
50.26
50.30
50.53
50.87
51.28
51.63
51.88
52.01
52.05
52.02
51.94
51.84
51.72
51.60
51.46
51.29
51.11
50.92
50.74
50.65
50.68
50.82
51.03
51.29
51.53
51.74
51.90
52.02
52.10
52.15
52.18
52.19
52.19
52.18
52.13
52.05
51.94
51.81
51.68
51.52
51.35
51.15
50.95
50.76
50.67
50.68
50.82
51.03
51.29
51.50
51.66
51.73
51.74
51.71
51.65
51.57
51.48
51.40
51.32
51.30
51.35
51.47
51.64
51.86
52.11
52.39
52.67
52.94
53.08
53.06
52.89
52.61
52.28
52.00
51.82
51.76
51.78
51.86
51.95
52.03
52.09
52.12
52.14
52.09
51.97
51.78
51.55
51.31
51.12
51.01
50.99
51.03
51.10
51.15
51.15
51.09
50.99
50.86
50.76
50.68
50.65
50.64
50.66
50.74
50.89
51.11
51.36
51.63
51.81
51.88
51.83
51.69
51.51
51.30
51.08
50.87
50.68
50.51
50.36
50.24
50.14
50.06
50.06
50.13
50.28
50.48
50.70
50.90
51.06
51.16
51.23
51.26
51.35
51.52
51.77
52.06
52.37
52.62
52.79
52.86
52.87
52.83
52.70
52.50
52.22
51.91
51.58
51.33
51.16
51.08
51.08
51.13
51.15
51.14
51.06
50.96
50.83
50.72
50.65
50.62
50.62
50.63
50.67
50.71
50.75
50.80
50.84
50.88
50.91
50.94
50.96
51.03
51.16
51.35
51.57
51.80
52.08
52.40
52.77
53.15
53.51
53.74
53.80
53.70
53.48
53.20
52.83
52.39
51.90
51.41
50.93
50.54
50.27
50.12
50.06
50.07
50.15
50.30
50.49
50.70
50.92
51.03
50.99
50.81
50.53
50.20
49.93
49.76
49.70
49.74
49.82
50.00
50.26
50.59
50.95
51.31
51.68
52.05
52.41
52.75
52.98
53.07
53.02
52.88
52.68
52.37
51.96
51.46
50.93
50.40
50.00
49.78
49.74
49.84
50.02
50.25
50.51
50.77
51.02
51.24
51.47
51.70
51.92
52.14
52.34
52.49
52.58
52.61
52.60
52.56
52.48
52.35
52.19
52.02
51.84
51.70
51.60
51.55
51.55
51.56
51.60
51.65
51.70
51.75
51.80
51.90
52.05
52.27
52.51
52.76
52.95
53.05
53.07
53.03
53.00
53.00
53.06
53.15
53.26
53.26
53.15
52.90
52.57
52.20
51.88
51.63
51.48
51.40
51.38
51.34
51.27
51.15
51.01
50.85
50.81
50.89
51.12
51.43
51.78
52.13
52.42
52.66
52.85
52.99
53.01
52.90
52.67
52.36
52.02
51.62
51.18
50.69
50.21
49.76
49.39
49.15
49.02
48.98
49.01
49.11
49.27
49.47
49.69
49.95
50.22
50.51
50.79
51.05
51.23
51.32
51.31
51.23
51.11
51.05
51.07
51.19
51.37
51.58
51.78
51.94
52.06
52.14
52.19
52.16
52.05
51.86
51.63
51.38
51.14
50.90
50.69
50.50
50.35
50.24
50.20
50.21
50.26
50.34
50.50
50.77
51.13
51.53
51.95
52.29
52.55
52.70
52.76
52.77
52.71
52.59
52.41
52.22
52.02
51.79
51.56
51.31
51.06
50.83
50.63
50.45
50.30
50.18
50.17
50.27
50.49
50.77
51.09
51.34
51.48
51.50
51.43
51.31
51.15
50.98
50.81
50.65
50.50
50.36
50.25
50.16
50.09
50.03
49.97
49.88
49.77
49.66
49.54
49.54
49.67
49.93
50.29
50.68
51.02
51.29
51.46
51.56
51.60
51.59
51.55
51.50
51.44
51.37
51.30
51.24
51.18
51.13
51.09
51.11
51.19
51.35
51.55
51.74
51.90
52.02
52.10
52.15
52.21
52.28
52.36
52.46
52.55
52.64
52.72
52.80
52.86
52.91
52.95
52.98
53.00
53.02
53.03
52.98
52.87
52.69
52.47
52.24
52.12
52.14
52.30
52.56
52.87
53.13
53.28
53.32
53.28
53.18
53.05
52.90
52.75
52.60
52.47
52.32
52.16
51.99
51.81
51.65
51.47
51.28
51.08
50.88
50.75
50.69
50.73
50.82
50.94
51.04
51.07
51.04
50.96
50.86
50.84
50.95
51.19
51.50
51.86
52.09
52.15
52.03
51.78
51.46
51.15
50.90
50.73
50.63
50.58
50.56
50.58
50.61
50.65
50.70
50.75
50.80
50.84
50.88
50.92
50.97
51.05
51.16
51.28
51.40
51.57
51.80
52.07
52.37
52.66
52.86
52.94
52.89
52.75
52.57
52.38
52.21
52.08
51.99
51.95
51.97
52.03
52.13
52.25
52.37
52.49
52.60
52.70
52.78
52.88
53.00
53.13
53.27
53.41
53.51
53.57
53.58
53.55
53.51
53.34
53.04
52.62
52.13
51.62
51.28
51.17
51.29
51.57
51.95
52.30
52.57
52.73
52.80
52.81
52.83
52.87
52.97
53.09
53.22
53.35
53.48
53.60
53.71
53.79
53.84
53.84
53.80
53.72
53.61
53.45
53.27
53.07
52.87
52.64
52.35
52.03
51.70
51.37
51.07
50.80
50.57
50.38
50.22
50.13
50.10
50.12
50.19
50.28
50.40
50.56
50.75
50.95
51.15
51.31
51.41
51.46
51.48
51.46
51.42
51.37
51.32
51.27
51.21
51.14
51.04
50.91
50.78
50.64
50.51
50.39
50.29
50.20
50.13
50.17
50.36
50.69
51.09
51.53
51.92
52.22
52.42
52.54
52.67
52.85
53.09
53.36
53.64
53.80
53.81
53.67
53.43
53.14
52.89
52.74
52.70
52.74
52.84
52.92
52.95
52.92
52.85
52.76
52.65
52.54
52.44
52.34
52.25
52.18
52.12
52.07
52.03
52.00
51.93
51.80
51.61
51.40
51.17
51.00
50.91
50.91
50.96
51.05
51.14
51.21
51.25
51.26
51.26
51.24
51.21
51.18
51.15
51.13
51.10
51.07
51.05
51.04
51.10
51.26
51.52
51.84
52.17
52.37
52.40
52.23
51.95
51.59
51.28
51.06
50.96
50.94
50.99
51.07
51.18
51.30
51.42
51.54
51.67
51.82
51.99
52.16
52.33
52.37
52.28
52.04
51.70
51.33
51.05
50.90
50.91
51.03
51.22
51.47
51.77
52.10
52.43
52.75
52.98
53.12
53.16
53.13
53.04
52.95
52.88
52.83
52.81
52.81
52.81
52.83
52.85
52.87
52.84
52.74
52.59
52.39
52.18
51.94
51.68
51.41
51.15
50.90
50.68
50.49
50.33
50.20
50.10
50.07
50.13
50.28
50.47
50.68
50.85
50.95
50.97
50.93
50.85
50.78
50.73
50.71
50.71
50.72
50.75
50.78
50.81
50.85
50.88
50.96
51.10
51.30
51.53
51.77
51.98
52.14
52.24
52.30
52.33
52.33
52.31
52.28
52.25
52.24
52.26
52.31
52.38
52.47
52.53
52.56
52.55
52.51
52.46
52.34
52.16
51.92
51.65
51.37
51.16
51.02
50.98
51.01
51.08
51.18
51.29
51.41
51.52
51.63
51.75
51.89
52.04
52.20
52.36
52.39
52.29
52.04
51.71
51.33
51.04
50.89
50.90
51.02
51.21
51.36
51.43
51.40
51.31
51.17
51.10
51.10
51.21
51.38
51.59
51.81
52.02
52.23
52.41
52.52
52.54
52.47
52.35
52.19
52.01
51.83
51.66
51.51
51.38
51.31
51.33
51.44
51.59
51.78
51.95
52.08
52.17
52.22
52.25
52.20
52.08
51.88
51.64
51.38
51.16
50.98
50.85
50.77
50.73
50.71
50.72
50.73
50.76
50.79
50.77
50.69
50.54
50.36
50.15
50.08
50.18
50.45
50.83
51.26
51.63
51.90
52.04
52.08
52.08
52.06
52.04
52.03
52.02
52.06
52.17
52.34
52.55
52.78
52.95
53.04
53.05
53.00
52.92
52.78
52.60
52.39
52.17
51.95
51.80
51.73
51.75
51.83
51.95
52.07
52.15
52.21
52.23
52.24
52.23
52.21
52.19
52.16
52.13
52.13
52.17
52.24
52.32
52.42
52.47
52.45
52.36
52.22
52.06
51.86
51.64
51.40
51.15
50.92
50.70
50.52
50.36
50.23
50.20
50.30
50.51
50.79
51.10
51.42
51.73
52.02
52.27
52.49
52.61
52.64
52.57
52.44
52.27
52.14
52.06
52.06
52.11
52.19
52.24
52.23
52.16
52.05
51.92
51.83
51.80
51.85
51.94
52.06
52.17
52.25
52.29
52.31
52.30
52.25
52.17
52.04
51.90
51.75
51.56
51.31
51.01
50.70
50.38
50.20
50.16
50.29
50.53
50.82
51.15
51.47
51.78
52.07
52.37
52.69
53.04
53.39
53.73
54.00
54.20
54.34
54.41
54.44
54.41
54.33
54.20
54.05
53.88
53.72
53.57
53.43
53.31
53.21
53.05
52.81
52.50
52.14
51.78
51.46
51.19
51.00
50.86
50.77
50.75
50.79
50.88
51.00
51.14
51.23
51.26
51.21
51.11
50.98
50.92
50.94
51.07
51.27
51.49
51.76
52.05
52.36
52.67
52.87
52.96
52.91
52.78
52.59
52.34
52.06
51.75
51.44
51.15
50.96
50.90
50.97
51.12
51.33
51.49
51.56
51.53
51.42
51.27
51.10
50.92
50.74
50.58
50.44
50.39
50.46
50.64
50.90
51.19
51.52
51.86
52.22
52.57
52.89
53.17
53.41
53.62
53.78
53.90
53.94
53.89
53.76
53.57
53.35
53.15
52.99
52.88
52.81
52.74
52.67
52.58
52.49
52.40
52.29
52.15
52.00
51.84
51.68
51.48
51.23
50.94
50.63
50.33
50.12
50.04
50.09
50.22
50.41
50.66
50.94
51.25
51.56
51.85
52.01
52.02
51.86
51.60
51.27
51.03
50.91
50.94
51.07
51.27
51.55
51.91
52.32
52.75
53.18
53.55
53.84
54.06
54.20
54.30
54.24
54.03
53.66
53.21
52.72
52.31
52.03
51.88
51.83
51.86
51.94
52.06
52.19
52.32
52.37
52.32
52.16
51.93
51.67
51.40
51.13
50.88
50.66
50.47
50.40
50.44
50.61
50.85
51.14
51.41
51.65
51.83
51.97
52.07
52.08
52.01
51.85
51.63
51.40
51.16
50.93
50.72
50.53
50.37
50.27
50.22
50.23
50.28
50.35
50.46
50.61
50.78
50.97
51.16
51.28
51.33
51.29
51.19
51.06
50.99
51.01
51.13
51.31
51.45
51.51
51.47
51.37
51.22
51.08
50.96
50.88
50.83
50.81
50.85
50.97
51.16
51.40
51.65
51.81
51.87
51.82
51.68
51.49
51.36
51.32
51.38
51.51
51.68
51.81
51.89
51.90
51.86
51.78
51.66
51.50
51.31
51.10
50.90
50.79
50.79
50.91
51.10
51.34
51.54
51.68
51.74
51.75
51.71
51.70
51.73
51.83
51.95
52.10
52.25
52.39
52.53
52.65
52.72
52.75
52.73
52.68
52.60
52.47
52.26
52.00
51.71
51.42
51.19
51.04
50.99
51.01
51.08
51.12
51.12
51.05
50.95
50.83
50.73
50.66
50.63
50.63
50.64
50.70
50.80
50.93
51.08
51.24
51.30
51.27
51.12
50.91
50.65
50.42
50.21
50.06
49.95
49.87
49.93
50.14
50.49
50.93
51.39
51.83
52.22
52.53
52.77
52.98
53.17
53.35
53.50
53.64
53.70
53.68
53.58
53.42
53.23
52.98
52.68
52.32
51.94
51.58
51.26
51.01
50.84
50.72
50.66
50.69
50.80
51.00
51.25
51.51
51.70
51.78
51.74
51.62
51.45
51.33
51.30
51.37
51.50
51.68
51.82
51.90
51.91
51.86
51.79
51.72
51.67
51.66
51.67
51.69
51.64
51.51
51.28
51.00
50.85
50.89
51.14
51.52
51.97
52.37
52.67
52.85
52.92
52.93
52.93
52.97
53.05
53.16
53.28
53.32
53.26
53.11
52.88
52.62
52.38
52.18
52.03
51.92
51.85
51.84
51.87
51.96
52.08
52.21
52.32
52.39
52.42
52.42
52.39
52.38
52.39
52.43
52.49
52.56
52.66
52.79
52.94
53.11
53.27
53.39
53.48
53.51
53.50
53.47
53.37
53.20
52.96
52.69
52.44
52.23
52.06
51.95
51.87
51.84
51.88
51.96
52.07
52.20
52.36
52.55
52.76
52.97
53.17
53.39
53.61
53.84
54.06
54.27
54.40
54.44
54.40
54.29
54.15
53.98
53.82
53.66
53.51
53.38
53.21
53.01
52.75
52.48
52.21
51.88
51.48
51.01
50.52
50.05
49.66
49.37
49.21
49.14
49.13
49.20
49.33
49.51
49.72
49.93
50.11
50.25
50.33
50.37
50.40
50.44
50.50
50.57
50.64
50.76
50.94
51.18
51.44
51.71
51.91
52.03
52.06
52.02
51.94
51.92
51.97
52.12
52.32
52.55
52.79
53.02
53.24
53.43
53.59
53.63
53.51
53.24
52.87
52.46
52.15
51.98
51.97
52.07
52.24
52.40
52.52
52.58
52.58
52.56
52.48
52.37
52.21
52.04
51.86
51.72
51.62
51.57
51.56
51.55
51.52
51.48
51.42
51.36
51.35
51.41
51.53
51.69
51.88
52.04
52.17
52.25
52.29
52.30
52.30
52.28
52.25
52.21
52.18
52.12
52.03
51.91
51.78
51.65
51.60
51.65
51.82
52.05
52.32
52.54
52.69
52.76
52.77
52.74
52.62
52.43
52.16
51.86
51.55
51.32
51.22
51.24
51.35
51.51
51.74
52.00
52.29
52.59
52.87
53.10
53.27
53.38
53.43
53.42
53.35
53.22
53.07
52.91
52.80
52.76
52.80
52.89
53.01
53.05
52.96
52.74
52.44
52.10
51.83
51.66
51.62
51.66
51.76
51.82
51.80
51.69
51.52
51.33
51.17
51.08
51.06
51.10
51.18
51.25
51.30
51.32
51.31
51.29
51.24
51.15
51.02
50.88
50.73
50.61
50.54
50.51
50.52
50.55
50.60
50.65
50.71
50.76
50.81
50.86
50.90
50.93
50.96
50.98
51.00
51.01
51.01
51.02
51.05
51.11
51.19
51.30
51.41
51.49
51.54
51.54
51.51
51.47
51.41
51.35
51.29
51.23
51.17
51.10
51.00
50.88
50.75
50.62
50.54
50.54
50.62
50.75
50.91
51.16
51.49
51.92
52.38
52.85
53.21
53.44
53.52
53.50
53.40
53.26
53.09
52.92
52.74
52.58
52.44
52.32
52.21
52.13
52.06
52.01
51.98
51.95
51.94
52.01
52.18
52.45
52.78
53.13
53.39
53.54
53.56
53.50
53.37
53.23
53.11
53.02
52.96
52.91
52.81
52.62
52.35
52.04
51.71
51.39
51.09
50.82
50.59
50.39
50.24
50.11
50.02
49.96
49.91
49.89
49.87
49.87
49.88
49.89
49.96
50.08
50.28
50.50
50.74
50.98
51.20
51.39
51.56
51.71
51.90
52.17
52.50
52.87
53.08
53.09
52.88
52.53
52.09
51.67
51.31
51.05
50.86
50.73
50.63
50.54
50.45
50.36
50.28
50.29
50.40
50.61
50.89
51.20
51.51
51.81
52.08
52.32
52.53
52.67
52.75
52.76
52.73
52.67
52.64
52.67
52.76
52.89
53.04
53.12
53.10
52.97
52.78
52.55
52.28
51.98
51.66
51.35
51.06
50.91
50.92
51.08
51.36
51.69
51.97
52.15
52.22
52.20
52.17
52.17
52.22
52.29
52.38
52.42
52.40
52.31
52.18
52.03
51.92
51.87
51.90
51.98
52.09
52.18
52.26
52.29
52.31
52.30
52.25
52.16
52.04
51.89
51.75
51.58
51.39
51.18
50.97
50.77
50.70
50.77
50.99
51.31
51.68
51.95
52.09
52.08
51.96
51.77
51.57
51.39
51.24
51.12
51.03
50.99
51.01
51.07
51.16
51.38
51.73
52.20
52.73
53.28
53.68
53.88
53.86
53.70
53.44
53.13
52.80
52.47
52.16
51.88
51.61
51.35
51.10
50.86
50.65
50.52
50.48
50.53
50.65
50.80
51.05
51.40
51.84
52.31
52.79
53.13
53.31
53.32
53.20
52.99
52.77
52.56
52.38
52.24
52.13
51.99
51.81
51.59
51.35
51.11
50.99
51.01
51.19
51.46
51.79
52.08
52.31
52.45
52.53
52.50
52.38
52.16
51.89
51.61
51.40
51.30
51.32
51.42
51.58
51.74
51.88
51.98
52.06
52.11
52.16
52.23
52.32
52.42
52.52
52.56
52.54
52.44
52.29
52.12
51.99
51.93
51.94
52.01
52.11
52.12
52.01
51.78
51.46
51.11
50.81
50.58
50.44
50.37
50.36
50.41
50.52
50.67
50.85
51.04
51.17
51.22
51.20
51.11
51.00
50.91
50.89
50.93
51.01
51.15
51.34
51.55
51.78
52.01
52.14
52.16
52.06
51.87
51.65
51.37
51.07
50.74
50.42
50.12
49.90
49.78
49.76
49.82
49.92
50.07
50.27
50.50
50.74
50.98
51.31
51.73
52.26
52.83
53.40
53.86
54.17
54.33
54.37
54.32
54.19
54.00
53.76
53.49
53.23
52.92
52.58
52.20
51.82
51.45
51.12
50.83
50.58
50.37
50.26
50.25
50.33
50.48
50.67
50.90
51.15
51.44
51.71
51.98
52.22
52.43
52.61
52.75
52.87
52.88
52.77
52.54
52.25
51.93
51.59
51.28
50.99
50.73
50.51
50.41
50.44
50.60
50.83
51.12
51.44
51.79
52.16
52.51
52.84
52.97
52.88
52.55
52.08
51.53
51.04
50.65
50.40
50.25
50.19
50.24
50.40
50.65
50.95
51.27
51.64
52.05
52.50
52.95
53.24
53.33
53.22
52.97
52.64
52.32
52.05
51.86
51.73
51.66
51.60
51.54
51.46
51.39
51.32
51.22
51.10
50.96
50.81
50.66
50.63
50.73
50.98
51.31
51.69
51.97
52.12
52.11
51.99
51.80
51.65
51.57
51.60
51.69
51.83
51.98
52.15
52.31
52.46
52.59
52.68
52.72
52.71
52.66
52.60
52.49
52.35
52.18
52.00
51.82
51.64
51.49
51.36
51.24
51.18
51.16
51.20
51.26
51.35
51.44
51.54
51.63
51.72
51.79
51.88
51.99
52.12
52.26
52.40
52.50
52.56
52.57
52.54
52.50
52.47
52.46
52.48
52.53
52.58
52.59
52.54
52.42
52.26
52.08
51.90
51.72
51.56
51.42
51.29
51.22
51.19
51.22
51.28
51.36
51.48
51.63
51.81
52.00
52.18
52.30
52.34
52.30
52.20
52.09
52.00
51.94
51.89
51.87
51.78
51.61
51.35
51.04
50.72
50.45
50.27
50.18
50.16
50.19
50.28
50.43
50.61
50.81
51.02
51.16
51.23
51.21
51.13
51.01
50.88
50.74
50.60
50.47
50.35
50.31
50.34
50.45
50.61
50.80
51.10
51.52
52.05
52.64
53.23
53.71
54.05
54.23
54.29
54.27
54.10
53.81
53.40
52.93
52.44
52.00
51.62
51.32
51.10
50.93
50.82
50.75
50.72
50.71
50.69
50.66
50.60
50.52
50.44
50.44
50.54
50.74
51.00
51.29
51.50
51.61
51.60
51.51
51.37
51.30
51.34
51.51
51.77
52.06
52.32
52.51
52.62
52.66
52.65
52.59
52.47
52.31
52.13
51.94
51.78
51.67
51.61
51.59
51.60
51.60
51.58
51.53
51.47
51.41
51.37
51.36
51.38
51.44
51.50
51.52
51.48
51.38
51.23
51.19
51.30
51.58
51.95
52.38
52.79
53.16
53.46
53.70
53.89
53.94
53.86
53.65
53.37
53.04
52.70
52.37
52.07
51.80
51.57
51.37
51.22
51.10
51.01
50.95
50.98
51.13
51.39
51.71
52.06
52.32
52.48
52.51
52.45
52.33
52.26
52.26
52.35
52.51
52.69
52.84
52.93
52.94
52.89
52.82
52.66
52.44
52.16
51.84
51.52
51.22
50.94
50.69
50.48
50.44
50.59
50.93
51.39
51.90
52.37
52.76
53.05
53.25
53.37
53.39
53.30
53.11
52.87
52.60
52.30
51.98
51.64
51.33
51.03
50.85
50.80
50.88
51.05
51.27
51.55
51.86
52.19
52.52
52.83
52.98
52.93
52.69
52.33
51.89
51.57
51.40
51.43
51.58
51.82
52.02
52.15
52.18
52.13
52.04
51.98
51.96
52.00
52.08
52.17
52.23
52.26
52.26
52.26
52.21
52.13
52.01
51.87
51.73
51.61
51.54
51.52
51.53
51.56
51.58
51.57
51.54
51.49
51.42
51.41
51.46
51.58
51.73
51.91
52.10
52.27
52.43
52.58
52.70
52.75
52.72
52.60
52.44
52.25
52.10
52.01
52.01
52.06
52.14
52.19
52.19
52.13
52.02
51.90
51.78
51.70
51.66
51.65
51.67
51.72
51.81
51.94
52.08
52.16
52.13
52.00
51.80
51.56
51.40
51.32
51.36
51.48
51.64
51.74
51.77
51.69
51.54
51.36
51.18
51.03
50.93
50.86
50.82
50.83
50.88
50.98
51.10
51.24
51.35
51.42
51.44
51.44
51.41
51.37
51.32
51.27
51.22
51.17
51.19
51.26
51.41
51.60
51.81
51.91
51.88
51.70
51.43
51.12
50.89
50.79
50.84
50.98
51.17
51.36
51.52
51.66
51.78
51.93
52.12
52.35
52.60
52.85
53.06
53.22
53.32
53.37
53.39
53.32
53.18
52.97
52.71
52.44
52.23
52.09
52.05
52.06
52.13
52.11
51.99
51.74
51.42
51.07
50.76
50.54
50.40
50.34
50.33
50.36
50.42
50.49
50.56
50.64
50.71
50.78
50.84
50.89
50.93
50.93
50.90
50.83
50.74
50.63
50.60
50.67
50.85
51.08
51.40
51.79
52.24
52.70
53.14
53.47
53.67
53.71
53.66
53.53
53.30
52.99
52.62
52.21
51.81
51.49
51.26
51.14
51.10
51.13
51.13
51.11
51.03
50.92
50.79
50.66
50.53
50.42
50.31
50.22
50.15
50.09
50.04
50.00
49.98
49.99
50.04
50.12
50.23
50.35
50.49
50.66
50.84
51.04
51.23
51.40
51.55
51.68
51.79
51.80
51.70
51.48
51.19
50.88
50.66
50.58
50.66
50.83
51.07
51.26
51.37
51.37
51.30
51.18
51.03
50.87
50.72
50.57
50.43
50.37
50.38
50.48
50.63
50.81
51.00
51.18
51.36
51.51
51.65
51.74
51.77
51.75
51.70
51.63
51.60
51.62
51.71
51.85
52.00
52.11
52.15
52.12
52.04
51.93
51.91
52.00
52.23
52.54
52.89
53.24
53.59
53.90
54.18
54.37
54.45
54.44
54.35
54.21
54.03
53.80
53.55
53.29
53.03
52.83
52.68
52.60
52.56
52.55
52.49
52.36
52.14
51.87
51.58
51.32
51.11
50.95
50.85
50.78
50.75
50.74
50.74
50.76
50.79
50.92
51.18
51.57
52.02
52.50
52.86
53.07
53.10
53.02
52.85
52.63
52.39
52.15
51.92
51.71
51.60
51.61
51.75
51.97
52.23
52.48
52.70
52.86
52.99
53.13
53.30
53.51
53.74
53.97
54.16
54.29
54.37
54.41
54.41
54.31
54.11
53.79
53.43
53.04
52.66
52.30
51.99
51.71
51.48
51.34
51.31
51.38
51.51
51.69
51.85
51.99
52.08
52.15
52.18
52.15
52.03
51.84
51.61
51.36
51.22
51.22
51.37
51.61
51.91
52.18
52.38
52.50
52.56
52.57
52.63
52.76
52.97
53.22
53.42
53.52
53.50
53.42
53.28
53.14
53.02
52.94
52.88
52.85
52.78
52.67
52.50
52.30
52.09
51.80
51.44
51.00
50.53
50.07
49.80
49.75
49.94
50.29
50.74
51.14
51.46
51.66
51.76
51.79
51.85
51.97
52.16
52.39
52.64
52.81
52.87
52.81
52.67
52.49
52.30
52.15
52.03
51.94
51.89
51.88
51.92
52.01
52.12
52.25
52.33
52.33
52.27
52.16
52.12
52.20
52.40
52.68
53.00
53.25
53.40
53.43
53.38
53.27
53.12
52.96
52.79
52.63
52.49
52.33
52.17
51.99
51.81
51.64
51.52
51.44
51.42
51.43
51.47
51.48
51.43
51.32
51.17
51.00
50.88
50.84
50.86
50.94
51.06
51.19
51.32
51.45
51.57
51.68
51.82
52.02
52.26
52.52
52.78
52.98
53.09
53.11
53.06
52.98
52.89
52.82
52.78
52.77
52.74
52.70
52.63
52.55
52.46
52.38
52.30
52.23
52.16
52.11
52.07
52.03
52.01
51.99
51.98
51.97
51.97
51.97
51.97
51.97
51.97
51.98
51.98
51.98
51.99
51.99
51.99
52.00
52.00
52.00
52.08
52.25
52.52
52.84
53.18
53.44
53.58
53.59
53.52
53.39
53.17
52.87
52.51
52.12
51.73
51.43
51.21
51.11
51.08
51.06
51.01
50.92
50.81
50.69
50.63
50.62
50.70
50.82
50.97
51.15
51.37
51.61
51.85
52.08
52.26
52.39
52.46
52.48
52.47
52.44
52.40
52.34
52.29
52.23
52.13
51.97
51.75
51.51
51.25
51.09
51.04
51.10
51.25
51.45
51.67
51.90
52.12
52.31
52.49
52.62
52.68
52.69
52.66
52.61
52.59
52.63
52.72
52.86
53.02
53.07
53.00
52.79
52.49
52.21
51.97
51.80
51.69
51.64
51.67
51.79
51.99
52.24
52.51
52.75
52.95
53.09
53.18
53.24
53.24
53.18
53.08
52.95
52.81
52.59
52.28
51.89
51.46
51.03
50.73
50.58
50.61
50.76
50.98
51.27
51.61
51.97
52.33
52.68
52.91
53.01
52.97
52.84
52.65
52.48
52.37
52.32
52.32
52.36
52.39
52.41
52.40
52.37
52.33
52.31
52.32
52.37
52.43
52.48
52.50
52.49
52.46
52.41
52.40
52.46
52.58
52.75
52.93
53.08
53.20
53.27
53.31
53.32
53.31
53.28
53.25
53.22
53.18
53.17
53.20
53.26
53.34
53.43
53.42
53.28
53.01
52.66
52.27
51.93
51.67
51.50
51.41
51.38
51.39
51.43
51.49
51.56
51.63
51.73
51.85
52.00
52.15
52.31
52.45
52.59
52.70
52.80
52.87
52.94
52.98
53.02
53.04
53.00
52.89
52.71
52.50
52.27
52.09
51.99
51.97
52.02
52.10
52.23
52.40
52.61
52.83
53.05
53.17
53.18
53.07
52.88
52.65
52.43
52.23
52.09
51.98
51.90
51.83
51.75
51.65
51.55
51.44
51.43
51.52
51.71
51.97
52.26
52.50
52.67
52.75
52.77
52.74
52.63
52.44
52.17
51.87
51.56
51.31
51.15
51.08
51.08
51.18
51.38
51.65
51.97
52.31
52.60
52.85
53.02
53.15
53.23
53.19
53.03
52.76
52.42
52.06
51.82
51.76
51.89
52.15
52.48
52.80
53.06
53.23
53.35
53.41
53.40
53.33
53.22
53.07
52.91
52.72
52.51
52.28
52.05
51.84
51.64
51.47
51.32
51.20
51.11
51.12
51.24
51.47
51.77
52.09
52.40
52.66
52.86
53.01
53.11
53.20
53.30
53.40
53.51
53.53
53.44
53.26
53.00
52.72
52.48
52.32
52.24
52.22
52.25
52.29
52.31
52.31
52.29
52.27
52.18
52.03
51.81
51.57
51.31
51.17
51.16
51.31
51.56
51.87
52.17
52.44
52.65
52.83
52.96
53.00
52.94
52.80
52.61
52.39
52.16
51.93
51.73
51.54
51.39
51.23
51.07
50.89
50.73
50.57
50.43
50.31
50.21
50.13
50.11
50.18
50.32
50.51
50.73
50.97
51.24
51.52
51.79
52.05
52.28
52.48
52.65
52.79
52.89
52.98
53.03
53.07
53.10
53.11
53.06
52.94
52.75
52.52
52.29
52.10
52.00
51.98
52.02
52.10
52.15
52.15
52.09
51.99
51.86
51.89
52.10
52.51
53.04
53.62
54.02
54.18
54.07
53.78
53.37
52.93
52.50
52.12
51.80
51.53
51.31
51.14
51.02
50.93
50.81
50.67
50.47
50.26
50.04
49.94
49.98
50.17
50.45
50.79
51.14
51.49
51.81
52.10
52.35
52.59
52.82
53.04
53.25
53.44
53.60
53.73
53.84
53.92
53.99
53.90
53.64
53.21
52.69
52.12
51.53
50.94
50.37
49.85
49.38
49.11
49.07
49.24
49.57
49.98
50.46
50.97
51.49
51.98
52.44
52.82
53.11
53.30
53.42
53.48
53.50
53.49
53.45
53.40
53.37
53.37
53.41
53.46
53.53
53.55
53.50
53.39
53.24
53.07
52.86
52.63
52.39
52.14
51.90
51.77
51.76
51.87
52.06
52.30
52.50
52.64
52.71
52.72
52.68
52.65
52.63
52.64
52.67
52.70
52.69
52.62
52.48
52.30
52.11
52.02
52.07
52.26
52.53
52.86
53.10
53.20
53.16
53.02
52.81
52.59
52.39
52.23
52.11
51.99
51.87
51.73
51.60
51.48
51.44
51.52
51.70
51.95
52.24
52.43
52.48
52.39
52.19
51.94
51.71
51.54
51.45
51.41
51.42
51.48
51.59
51.74
51.92
52.10
52.25
52.35
52.40
52.42
52.41
52.38
52.34
52.29
52.24
52.20
52.18
52.20
52.25
52.33
52.42
52.47
52.44
52.35
52.21
52.05
51.91
51.80
51.74
51.70
51.70
51.71
51.73
51.76
51.80
51.73
51.53
51.20
50.80
50.37
50.00
49.71
49.52
49.42
49.37
49.48
49.75
50.16
50.66
51.18
51.73
52.27
52.80
53.29
53.72
53.98
54.06
53.96
53.72
53.41
53.09
52.80
52.55
52.34
52.18
52.14
52.22
52.43
52.71
53.03
53.36
53.68
53.97
54.23
54.46
54.59
54.62
54.56
54.43
54.27
54.03
53.73
53.37
52.99
52.68
52.45
52.31
52.26
52.26
52.24
52.19
52.10
51.97
51.83
51.79
51.88
52.11
52.43
52.79
53.05
53.18
53.15
53.02
52.82
52.69
52.66
52.77
52.97
53.21
53.38
53.41
53.31
53.12
52.87
52.65
52.48
52.40
52.37
52.38
52.40
52.40
52.38
52.35
52.31
52.21
52.05
51.82
51.57
51.31
51.11
50.99
50.96
51.00
51.07
51.12
51.13
51.07
50.97
50.88
50.80
50.76
50.75
50.75
50.85
51.04
51.34
51.68
52.05
52.39
52.67
52.88
53.04
53.15
53.19
53.17
53.09
52.98
52.85
52.76
52.74
52.80
52.90
53.03
53.15
53.23
53.28
53.30
53.30
53.20
53.00
52.70
52.35
51.97
51.58
51.18
50.78
50.41
50.07
49.86
49.78
49.85
50.01
50.23
50.53
50.90
51.33
51.77
52.19
52.48
52.61
52.56
52.38
52.21
52.10
52.06
52.09
52.16
52.25
52.35
52.46
52.57
52.66
52.72
52.74
52.71
52.65
52.58
52.52
52.49
52.50
52.53
52.58
52.64
52.69
52.75
52.81
52.85
52.92
53.01
53.13
53.26
53.39
53.46
53.46
53.38
53.25
53.09
52.90
52.67
52.42
52.18
51.94
51.83
51.87
52.06
52.36
52.70
53.04
53.34
53.59
53.79
53.93
54.04
54.11
54.16
54.18
54.14
54.02
53.82
53.59
53.34
53.12
52.95
52.83
52.76
52.72
52.63
52.46
52.21
51.92
51.62
51.39
51.28
51.30
51.40
51.56
51.72
51.86
51.96
52.04
52.09
52.18
52.31
52.49
52.70
52.91
53.07
53.15
53.14
53.08
52.97
52.93
52.97
53.10
53.30
53.53
53.74
53.92
54.05
54.13
54.19
54.16
54.05
53.87
53.64
53.31
52.89
52.39
51.86
51.33
50.94
50.73
50.70
50.80
50.99
51.20
51.41
51.59
51.73
51.85
51.99
52.17
52.40
52.64
52.88
53.01
52.98
52.81
52.54
52.21
51.95
51.77
51.72
51.75
51.84
51.96
52.10
52.25
52.40
52.53
52.67
52.83
53.01
53.18
53.35
53.37
53.21
52.88
52.44
51.95
51.50
51.13
50.86
50.69
50.58
50.52
50.51
50.53
50.57
50.70
50.92
51.25
51.62
52.01
52.34
52.57
52.71
52.77
52.77
52.62
52.32
51.88
51.36
50.82
50.37
50.05
49.88
49.81
49.83
49.96
50.19
50.50
50.85
51.21
51.56
51.88
52.16
52.41
52.61
52.72
52.73
52.65
52.50
52.32
52.09
51.84
51.56
51.28
51.02
50.83
50.74
50.74
50.81
50.92
51.11
51.37
51.69
52.04
52.45
52.89
53.37
53.85
54.29
54.59
54.72
54.66
54.48
54.22
53.97
53.77
53.64
53.57
53.55
53.50
53.41
53.28
53.11
52.94
52.71
52.44
52.11
51.77
51.44
51.18
51.02
50.96
50.97
51.03
51.16
51.33
51.54
51.76
51.99
52.17
52.30
52.38
52.41
52.42
52.32
52.11
51.80
51.43
51.04
50.77
50.64
50.68
50.83
51.05
51.31
51.58
51.85
52.10
52.40
52.76
53.19
53.64
54.08
54.42
54.61
54.66
54.61
54.49
54.30
54.05
53.77
53.48
53.20
52.83
52.36
51.81
51.21
50.62
50.20
49.99
50.01
50.17
50.44
50.72
50.95
51.11
51.22
51.29
51.37
51.49
51.66
51.84
52.04
52.20
52.31
52.37
52.40
52.40
52.42
52.50
52.64
52.81
52.99
53.17
53.34
53.49
53.63
53.69
53.67
53.57
53.41
53.23
53.06
52.92
52.83
52.78
52.75
52.77
52.84
52.95
53.08
53.22
53.34
53.41
53.44
53.44
53.42
53.35
53.24
53.10
52.95
52.79
52.63
52.49
52.36
52.26
52.17
52.15
52.21
52.35
52.53
52.74
52.93
53.07
53.17
53.23
53.26
53.19
53.01
52.72
52.37
52.00
51.77
51.71
51.85
52.11
52.45
52.80
53.12
53.39
53.61
53.68
53.59
53.33
52.97
52.56
52.16
51.81
51.52
51.29
51.11
51.00
50.97
51.00
51.08
51.18
51.30
51.42
51.53
51.63
51.73
51.89
52.13
52.45
52.81
53.18
53.46
53.61
53.63
53.56
53.43
53.23
52.99
52.71
52.43
52.15
51.92
51.75
51.65
51.59
51.57
51.59
51.62
51.66
51.70
51.75
51.83
51.93
52.06
52.20
52.34
52.47
52.60
52.70
52.79
52.79
52.68
52.45
52.17
51.85
51.64
51.56
51.64
51.82
52.06
52.20
52.19
52.02
51.73
51.39
51.15
51.07
51.17
51.40
51.69
51.99
52.27
52.51
52.70
52.85
52.93
52.96
52.92
52.85
52.75
52.73
52.79
52.95
53.17
53.43
53.61
53.69
53.66
53.54
53.38
53.22
53.09
52.99
52.92
52.87
52.82
52.75
52.67
52.57
52.53
52.55
52.64
52.78
52.94
53.05
53.11
53.08
53.01
52.90
52.78
52.65
52.53
52.41
52.31
52.20
52.06
51.92
51.76
51.61
51.50
51.44
51.42
51.45
51.49
51.57
51.70
51.85
52.02
52.19
52.30
52.34
52.29
52.19
52.05
51.93
51.83
51.77
51.74
51.74
51.80
51.93
52.14
52.38
52.64
52.87
53.04
53.17
53.24
53.29
53.25
53.12
52.93
52.68
52.50
52.42
52.44
52.54
52.69
52.86
53.05
53.23
53.39
53.54
53.56
53.44
53.17
52.82
52.41
52.08
51.86
51.77
51.77
51.83
51.89
51.90
51.87
51.80
51.70
51.60
51.50
51.40
51.31
51.23
51.21
51.27
51.40
51.58
51.78
51.99
52.19
52.37
52.53
52.67
52.76
52.79
52.77
52.72
52.64
52.50
52.30
52.03
51.73
51.43
51.23
51.14
51.17
51.30
51.47
51.68
51.89
52.10
52.30
52.47
52.62
52.75
52.85
52.93
52.93
52.86
52.71
52.51
52.30
52.10
51.94
51.84
51.77
51.74
51.70
51.65
51.58
51.50
51.42
51.37
51.35
51.37
51.42
51.49
51.53
51.55
51.53
51.49
51.44
51.38
51.31
51.25
51.20
51.15
51.05
50.90
50.69
50.46
50.21
50.14
50.27
50.61
51.08
51.52
51.85
52.04
52.11
52.10
52.15
52.28
52.51
52.81
53.14
53.36
53.44
53.37
53.19
52.95
52.70
52.48
52.30
52.15
52.04
51.99
52.00
52.05
52.14
52.25
52.39
52.57
52.77
52.97
53.17
53.32
53.43
53.48
53.49
53.47
53.41
53.30
53.15
52.99
52.82
52.66
52.51
52.38
52.27
52.18
52.13
52.13
52.17
52.25
52.34
52.42
52.46
52.47
52.45
52.41
52.36
52.30
52.25
52.20
52.18
52.20
52.25
52.33
52.42
52.43
52.35
52.17
51.93
51.66
51.43
51.27
51.20
51.20
51.24
51.30
51.39
51.48
51.57
51.66
51.77
51.89
52.04
52.20
52.35
52.41
52.36
52.20
51.98
51.71
51.54
51.50
51.60
51.80
52.06
52.32
52.55
52.74
52.88
52.99
53.04
53.03
52.97
52.88
52.76
52.62
52.44
52.24
52.03
51.89
51.82
51.83
51.90
52.01
52.14
52.28
52.41
52.54
52.65
52.72
52.75
52.72
52.67
52.59
52.46
52.26
52.00
51.71
51.41
51.18
51.04
50.99
51.01
51.08
51.20
51.37
51.57
51.79
52.01
52.17
52.24
52.22
52.14
52.03
51.89
51.75
51.61
51.48
51.36
51.31
51.34
51.45
51.61
51.80
51.99
52.18
52.36
52.52
52.71
52.94
53.21
53.49
53.77
53.98
54.10
54.13
54.09
54.00
53.94
53.92
53.97
54.06
54.17
54.16
54.00
53.67
53.25
52.77
52.24
51.67
51.07
50.49
49.95
49.60
49.47
49.56
49.82
50.16
50.56
50.96
51.36
51.72
52.05
52.30
52.47
52.57
52.60
52.60
52.53
52.42
52.27
52.09
51.91
51.79
51.74
51.77
51.86
51.99
52.13
52.27
52.41
52.54
52.66
52.76
52.84
52.91
52.96
53.00
53.02
53.04
53.05
53.06
53.00
52.88
52.70
52.48
52.25
52.07
51.97
51.96
52.00
52.09
52.19
52.31
52.43
52.55
52.65
52.74
52.82
52.89
52.94
52.98
53.00
53.02
53.04
53.04
53.05
53.02
52.96
52.87
52.75
52.63
52.49
52.32
52.14
51.94
51.76
51.61
51.52
51.48
51.48
51.51
51.61
51.78
52.02
52.29
52.49
52.59
52.58
52.49
52.34
52.17
51.98
51.80
51.63
51.48
51.35
51.23
51.14
51.07
51.02
50.98
50.95
50.94
50.93
50.93
51.01
51.19
51.46
51.79
52.14
52.40
52.55
52.57
52.51
52.38
52.24
52.12
52.03
51.96
51.92
51.94
52.05
52.22
52.44
52.68
52.86
52.97
52.99
52.96
52.88
52.78
52.67
52.55
52.44
52.32
52.17
52.01
51.84
51.67
51.63
51.73
51.97
52.30
52.68
52.98
53.19
53.27
53.25
53.18
53.09
53.01
52.95
52.91
52.89
52.91
52.97
53.06
53.18
53.30
53.35
53.30
53.14
52.91
52.65
52.43
52.28
52.22
52.21
52.25
52.29
52.32
52.32
52.30
52.28
52.27
52.29
52.34
52.41
52.50
52.47
52.32
52.04
51.68
51.29
51.00
50.84
50.85
50.97
51.14
51.32
51.48
51.62
51.73
51.86
51.99
52.14
52.29
52.43
52.51
52.51
52.43
52.30
52.13
52.01
51.95
51.97
52.03
52.13
52.25
52.37
52.49
52.60
52.69
52.81
52.94
53.08
53.24
53.38
53.49
53.56
53.57
53.55
53.51
53.53
53.64
53.84
54.10
54.38
54.53
54.51
54.31
54.00
53.61
53.18
52.72
52.25
51.80
51.47
51.28
51.24
51.31
51.44
51.65
51.90
52.19
52.50
52.79
53.03
53.21
53.33
53.39
53.41
53.36
53.22
53.00
52.74
52.47
52.19
51.94
51.71
51.52
51.35
51.27
51.28
51.37
51.53
51.72
51.89
52.03
52.13
52.19
52.22
52.18
52.06
51.87
51.63
51.38
51.23
51.23
51.37
51.61
51.91
52.18
52.38
52.50
52.56
52.57
52.55
52.50
52.45
52.38
52.29
52.17
52.02
51.86
51.71
51.64
51.68
51.83
52.05
52.31
52.48
52.51
52.41
52.20
51.94
51.68
51.45
51.26
51.12
51.01
51.04
51.22
51.55
51.96
52.42
52.71
52.80
52.66
52.36
51.98
51.58
51.20
50.87
50.59
50.36
50.29
50.39
50.65
51.01
51.42
51.71
51.84
51.78
51.59
51.31
51.11
51.01
51.05
51.18
51.37
51.59
51.82
52.04
52.25
52.43
52.60
52.73
52.84
52.92
52.93
52.86
52.72
52.52
52.30
52.21
52.29
52.54
52.90
53.31
53.64
53.84
53.88
53.81
53.66
53.47
53.25
53.04
52.83
52.64
52.50
52.42
52.39
52.40
52.44
52.45
52.40
52.29
52.15
51.98
51.82
51.66
51.51
51.38
51.27
51.17
51.10
51.04
51.00
50.97
50.90
50.77
50.59
50.38
50.21
50.10
50.08
50.11
50.18
50.30
50.46
50.66
50.87
51.07
51.19
51.19
51.08
50.88
50.65
50.53
50.57
50.77
51.09
51.47
51.74
51.84
51.77
51.57
51.29
51.00
50.73
50.50
50.31
50.16
50.08
50.05
50.09
50.16
50.26
50.39
50.56
50.75
50.95
51.15
51.39
51.67
51.99
52.32
52.64
52.89
53.04
53.09
53.07
52.99
52.89
52.77
52.64
52.52
52.46
52.47
52.56
52.71
52.87
53.02
53.14
53.22
53.26
53.27
53.30
53.34
53.40
53.48
53.56
53.56
53.46
53.26
53.00
52.71
52.55
52.56
52.74
53.05
53.42
53.71
53.88
53.89
53.80
53.65
53.50
53.40
53.36
53.36
53.40
53.41
53.36
53.26
53.12
52.96
52.77
52.56
52.33
52.09
51.87
51.75
51.74
51.86
52.05
52.30
52.53
52.73
52.89
53.00
53.03
52.97
52.82
52.62
52.39
52.13
51.85
51.55
51.26
50.99
50.77
50.62
50.53
50.50
50.50
50.61
50.82
51.15
51.52
51.92
52.20
52.34
52.31
52.16
51.94
51.80
51.75
51.85
52.03
52.26
52.41
52.43
52.32
52.12
51.87
51.72
51.73
51.91
52.20
52.55
52.91
53.22
53.49
53.70
53.87
53.94
53.91
53.79
53.61
53.45
53.34
53.30
53.31
53.35
53.36
53.32
53.23
53.09
52.94
52.81
52.72
52.66
52.65
52.65
52.68
52.71
52.75
52.79
52.83
52.84
52.82
52.75
52.67
52.58
52.48
52.39
52.30
52.22
52.16
52.13
52.14
52.20
52.28
52.38
52.42
52.41
52.32
52.19
52.03
51.90
51.79
51.73
51.70
51.70
51.71
51.73
51.77
51.80
51.84
51.90
51.98
52.10
52.23
52.39
52.57
52.78
52.99
53.19
53.29
53.28
53.15
52.95
52.70
52.38
52.01
51.58
51.14
50.72
50.42
50.25
50.22
50.30
50.44
50.60
50.75
50.86
50.95
51.02
51.06
51.09
51.10
51.11
51.11
51.15
51.26
51.42
51.62
51.84
52.00
52.08
52.08
52.03
51.93
51.84
51.77
51.74
51.73
51.74
51.75
51.78
51.81
51.84
51.87
51.90
51.93
51.95
51.97
51.95
51.91
51.83
51.72
51.62
51.53
51.49
51.48
51.51
51.55
51.66
51.83
52.07
52.34
52.62
52.86
53.05
53.18
53.26
53.31
53.32
53.31
53.29
53.26
53.22
53.21
53.24
53.29
53.37
53.46
53.55
53.63
53.72
53.79
53.85
53.82
53.69
53.45
53.16
52.84
52.54
52.29
52.10
51.96
51.86
51.78
51.69
51.59
51.49
51.36
51.22
51.05
50.88
50.71
50.71
50.92
51.33
51.87
52.47
52.98
53.33
53.50
53.55
53.50
53.46
53.48
53.57
53.71
53.88
53.98
53.98
53.88
53.70
53.49
53.24
52.95
52.65
52.35
52.06
51.83
51.67
51.57
51.53
51.52
51.54
51.58
51.63
51.68
51.74
51.74
51.67
51.54
51.36
51.16
51.04
51.02
51.11
51.28
51.49
51.69
51.86
51.98
52.07
52.16
52.25
52.36
52.46
52.57
52.74
53.00
53.34
53.72
54.11
54.40
54.57
54.61
54.55
54.42
54.21
53.91
53.54
53.15
52.76
52.48
52.32
52.30
52.37
52.51
52.58
52.55
52.39
52.15
51.86
51.59
51.36
51.17
51.04
50.94
50.87
50.83
50.81
50.81
50.82
50.94
51.19
51.57
52.02
52.49
52.82
52.97
52.92
52.72
52.44
52.22
52.11
52.13
52.24
52.45
52.71
53.02
53.34
53.65
53.89
54.04
54.09
54.06
53.99
53.80
53.51
53.12
52.67
52.22
51.84
51.55
51.38
51.29
51.26
51.28
51.34
51.41
51.49
51.58
51.66
51.74
51.80
51.86
51.91
52.00
52.14
52.35
52.57
52.81
53.01
53.17
53.27
53.32
53.34
53.26
53.07
52.77
52.41
52.03
51.68
51.39
51.16
51.00
50.88
50.80
50.76
50.74
50.75
50.79
50.87
50.98
51.12
51.26
51.38
51.45
51.47
51.47
51.44
51.39
51.34
51.29
51.23
51.18
51.17
51.18
51.24
51.32
51.41
51.46
51.43
51.34
51.21
51.05
50.96
50.97
51.08
51.26
51.48
51.69
51.87
52.00
52.09
52.15
52.24
52.37
52.54
52.75
52.95
53.16
53.34
53.51
53.65
53.77
53.81
53.77
53.65
53.47
53.30
53.15
53.03
52.95
52.90
52.78
52.60
52.33
52.01
51.68
51.36
51.07
50.80
50.57
50.38
50.23
50.11
50.02
49.95
49.91
49.97
50.13
50.39
50.72
51.07
51.39
51.66
51.87
52.02
52.13
52.20
52.23
52.25
52.24
52.23
52.18
52.09
51.98
51.84
51.70
51.65
51.69
51.85
52.07
52.33
52.58
52.79
52.94
53.06
53.13
53.04
52.78
52.34
51.80
51.38
51.14
51.13
51.27
51.52
51.83
52.16
52.49
52.80
53.08
53.30
53.45
53.54
53.57
53.56
53.49
53.38
53.23
53.06
52.88
52.68
52.47
52.24
52.01
51.80
51.69
51.69
51.82
52.02
52.27
52.46
52.55
52.54
52.44
52.30
52.16
52.03
51.95
51.89
51.85
51.86
51.92
52.01
52.13
52.26
52.39
52.52
52.63
52.73
52.79
52.80
52.76
52.70
52.61
52.58
52.60
52.69
52.82
52.98
53.09
53.14
53.11
53.03
52.92
52.85
52.83
52.88
52.98
53.10
53.26
53.45
53.67
53.89
54.11
54.25
54.31
54.29
54.20
54.07
53.90
53.69
53.46
53.21
52.98
52.76
52.57
52.40
52.26
52.15
52.07
52.00
51.96
51.93
51.91
51.88
51.82
51.74
51.64
51.54
51.54
51.68
51.95
52.30
52.62
52.84
52.96
52.98
52.95
52.93
52.95
53.01
53.11
53.23
53.33
53.39
53.42
53.41
53.38
53.35
53.30
53.25
53.20
53.16
53.09
53.00
52.89
52.76
52.62
52.47
52.30
52.11
51.92
51.73
51.57
51.42
51.29
51.19
51.10
51.12
51.25
51.48
51.78
52.11
52.39
52.59
52.70
52.74
52.72
52.54
52.19
51.66
51.04
50.39
49.92
49.67
49.67
49.85
50.09
50.34
50.54
50.71
50.85
50.92
50.94
50.90
50.83
50.73
50.68
50.68
50.76
50.88
51.02
51.15
51.24
51.29
51.31
51.31
51.35
51.43
51.58
51.76
51.95
52.08
52.15
52.13
52.06
51.95
51.83
51.69
51.56
51.44
51.33
51.29
51.33
51.44
51.61
51.80
51.97
52.10
52.19
52.24
52.27
52.27
52.25
52.23
52.20
52.15
52.06
51.94
51.81
51.67
51.57
51.50
51.48
51.50
51.54
51.53
51.48
51.36
51.20
51.03
50.96
51.02
51.22
51.51
51.85
52.12
52.29
52.34
52.30
52.21
52.08
51.93
51.77
51.62
51.48
51.39
51.34
51.34
51.38
51.44
51.46
51.42
51.31
51.17
51.01
50.92
50.93
51.05
51.24
51.46
51.65
51.77
51.81
51.80
51.75
51.73
51.75
51.84
51.96
52.05
52.08
52.04
51.96
51.85
51.84
51.95
52.18
52.50
52.85
53.19
53.48
53.72
53.90
54.03
54.06
54.01
53.86
53.65
53.42
53.19
52.96
52.74
52.56
52.39
52.29
52.24
52.24
52.28
52.35
52.41
52.44
52.44
52.41
52.38
52.30
52.19
52.05
51.90
51.74
51.62
51.54
51.51
51.52
51.54
51.62
51.73
51.87
52.03
52.20
52.39
52.59
52.81
53.02
53.20
53.33
53.40
53.43
53.42
53.37
53.28
53.14
52.99
52.82
52.69
52.60
52.56
52.56
52.58
52.56
52.49
52.36
52.20
52.02
51.92
51.93
52.04
52.22
52.44
52.60
52.67
52.63
52.51
52.35
52.19
52.05
51.96
51.89
51.85
51.78
51.66
51.48
51.28
51.07
51.00
51.10
51.38
51.77
52.21
52.59
52.87
53.01
53.06
52.98
52.80
52.52
52.19
51.84
51.52
51.26
51.06
50.92
50.82
50.79
50.82
50.91
51.02
51.16
51.30
51.43
51.56
51.67
51.76
51.82
51.82
51.78
51.72
51.63
51.51
51.35
51.18
50.99
50.80
50.68
50.64
50.69
50.79
50.93
51.02
51.07
51.04
50.96
50.86
50.77
50.70
50.67
50.67
50.68
50.79
51.00
51.30
51.66
52.04
52.38
52.67
52.88
53.04
53.07
52.97
52.74
52.43
52.08
51.78
51.56
51.42
51.36
51.35
51.40
51.51
51.67
51.85
52.04
52.17
52.22
52.20
52.11
52.00
51.83
51.64
51.41
51.18
50.95
50.85
50.89
51.09
51.38
51.72
52.03
52.28
52.43
52.52
52.55
52.57
52.59
52.63
52.68
52.73
52.83
52.99
53.21
53.46
53.72
53.89
53.95
53.88
53.74
53.54
53.32
53.10
52.88
52.68
52.54
52.44
52.41
52.41
52.45
52.48
52.49
52.46
52.43
52.38
52.35
52.35
52.38
52.44
52.51
52.53
52.49
52.39
52.24
52.07
51.94
51.89
51.91
51.98
52.08
52.18
52.25
52.29
52.30
52.29
52.24
52.15
52.03
51.89
51.74
51.74
51.89
52.22
52.65
53.13
53.54
53.84
54.01
54.07
54.05
53.91
53.64
53.25
52.81
52.43
52.15
52.00
51.95
51.97
52.07
52.23
52.43
52.66
52.89
53.11
53.31
53.49
53.64
53.77
53.84
53.86
53.83
53.76
53.68
53.58
53.48
53.38
53.30
53.22
53.10
52.93
52.71
52.46
52.21
52.02
51.92
51.90
51.95
52.04
52.07
52.03
51.88
51.68
51.45
51.32
51.32
51.46
51.70
51.98
52.24
52.43
52.54
52.59
52.60
52.54
52.43
52.28
52.10
52.00
52.00
52.10
52.28
52.49
52.69
52.87
52.99
53.09
53.14
53.18
53.19
53.19
53.18
53.16
53.12
53.04
52.93
52.80
52.67
52.48
52.25
51.97
51.66
51.36
51.10
50.90
50.77
50.69
50.65
50.69
50.82
51.02
51.27
51.54
51.86
52.22
52.63
53.04
53.43
53.68
53.77
53.68
53.48
53.20
52.89
52.57
52.26
51.98
51.73
51.49
51.25
51.02
50.80
50.69
50.69
50.82
51.02
51.27
51.51
51.72
51.88
52.00
52.08
52.16
52.25
52.35
52.46
52.56
52.63
52.66
52.64
52.60
52.53
52.41
52.22
51.96
51.68
51.40
51.12
50.87
50.64
50.45
50.29
50.25
50.32
50.52
50.79
51.09
51.41
51.72
52.00
52.25
52.47
52.60
52.63
52.56
52.43
52.26
52.08
51.89
51.71
51.55
51.51
51.62
51.88
52.22
52.61
52.88
52.98
52.89
52.68
52.38
52.05
51.70
51.37
51.07
50.79
50.67
50.71
50.91
51.21
51.58
51.91
52.17
52.35
52.45
52.50
52.51
52.49
52.45
52.39
52.33
52.30
52.30
52.34
52.40
52.48
52.48
52.39
52.20
51.94
51.66
51.48
51.44
51.55
51.75
52.02
52.28
52.52
52.71
52.86
52.97
53.05
53.11
53.14
53.15
53.05
52.81
52.44
52.00
51.53
51.09
50.71
50.41
50.17
50.00
49.91
49.88
49.93
50.02
50.13
50.28
50.47
50.68
50.90
51.11
51.26
51.32
51.29
51.20
51.07
50.95
50.86
50.80
50.77
50.76
50.82
50.95
51.15
51.39
51.65
51.87
52.05
52.17
52.25
52.29
52.30
52.29
52.27
52.24
52.21
52.17
52.14
52.11
52.08
52.06
52.04
52.02
52.01
52.00
51.97
51.91
51.81
51.71
51.59
51.46
51.29
51.11
50.93
50.74
50.66
50.68
50.82
51.04
51.30
51.49
51.58
51.56
51.46
51.32
51.17
51.05
50.96
50.90
50.86
50.84
50.84
50.84
50.85
50.87
50.97
51.16
51.45
51.78
52.14
52.40
52.56
52.58
52.51
52.39
52.22
52.04
51.86
51.69
51.53
51.36
51.19
51.00
50.82
50.72
50.74
50.87
51.08
51.33
51.56
51.76
51.92
52.03
52.11
52.18
52.27
52.36
52.47
52.57
52.58
52.49
52.30
52.04
51.75
51.56
51.50
51.59
51.79
52.04
52.25
52.36
52.37
52.30
52.19
52.07
51.97
51.90
51.86
51.83
51.80
51.75
51.67
51.58
51.49
51.40
51.31
51.23
51.17
51.11
51.09
51.12
51.18
51.27
51.37
51.45
51.49
51.49
51.47
51.43
51.38
51.32
51.26
51.21
51.21
51.29
51.43
51.61
51.81
51.97
52.05
52.05
51.99
51.90
51.82
51.75
51.72
51.71
51.72
51.64
51.44
51.11
50.72
50.30
49.93
49.66
49.48
49.38
49.35
49.39
49.48
49.63
49.81
50.00
50.16
50.28
50.34
50.37
50.37
50.38
50.40
50.45
50.52
50.59
50.71
50.89
51.14
51.40
51.68
51.91
52.10
52.22
52.29
52.38
52.51
52.67
52.86
53.05
53.21
53.32
53.39
53.41
53.40
53.35
53.26
53.12
52.97
52.81
52.71
52.68
52.73
52.83
52.97
53.12
53.27
53.41
53.55
53.67
53.74
53.76
53.74
53.69
53.61
53.50
53.35
53.18
52.99
52.81
52.67
52.57
52.52
52.52
52.54
52.55
52.55
52.51
52.46
52.40
52.28
52.11
51.87
51.60
51.36
51.15
51.00
50.90
50.83
50.84
50.94
51.12
51.35
51.59
51.84
52.08
52.29
52.48
52.64
52.74
52.79
52.78
52.73
52.66
52.60
52.57
52.57
52.59
52.63
52.62
52.56
52.43
52.26
52.08
51.86
51.63
51.38
51.13
50.89
50.78
50.83
51.03
51.33
51.68
51.94
52.08
52.06
51.94
51.75
51.61
51.54
51.57
51.67
51.81
51.94
52.05
52.13
52.17
52.20
52.20
52.19
52.18
52.16
52.14
52.11
52.09
52.07
52.05
52.04
52.02
52.01
52.01
52.00
52.02
52.08
52.16
52.27
52.38
52.52
52.69
52.87
53.06
53.24
53.33
53.31
53.17
52.96
52.70
52.41
52.08
51.75
51.42
51.11
50.84
50.60
50.40
50.24
50.11
50.07
50.12
50.26
50.44
50.66
50.83
50.93
50.95
50.91
50.84
50.85
50.97
51.22
51.54
51.79
51.92
51.91
51.81
51.63
51.42
51.20
50.98
50.78
50.59
50.43
50.29
50.18
50.09
50.03
49.98
49.95
49.93
49.92
49.91
49.92
49.92
49.93
49.94
49.95
50.01
50.14
50.32
50.54
50.78
50.98
51.13
51.23
51.29
51.32
51.40
51.56
51.80
52.08
52.38
52.68
52.96
53.21
53.43
53.62
53.68
53.63
53.45
53.19
52.90
52.59
52.29
52.01
51.76
51.51
51.28
51.04
50.82
50.62
50.48
50.39
50.36
50.38
50.42
50.51
50.63
50.80
50.98
51.16
51.30
51.40
51.45
51.46
51.44
51.43
51.44
51.48
51.53
51.59
51.66
51.72
51.78
51.84
51.88
51.90
51.87
51.80
51.72
51.62
51.49
51.33
51.15
50.96
50.78
50.61
50.45
50.32
50.22
50.13
50.11
50.18
50.32
50.51
50.72
50.94
51.15
51.34
51.51
51.68
51.86
52.04
52.23
52.39
52.54
52.67
52.78
52.87
52.94
53.02
53.11
53.22
53.34
53.46
53.60
53.76
53.94
54.12
54.29
54.37
54.34
54.20
53.98
53.72
53.47
53.26
53.09
52.98
52.89
52.82
52.73
52.63
52.53
52.43
52.39
52.42
52.53
52.68
52.86
52.91
52.80
52.53
52.14
51.79
51.51
51.34
51.26
51.24
51.21
51.16
51.06
50.93
50.79
50.73
50.77
50.92
51.13
51.38
51.64
51.90
52.14
52.35
52.53
52.74
52.98
53.26
53.54
53.82
54.00
54.06
53.99
53.83
53.63
53.37
53.07
52.76
52.44
52.14
51.90
51.72
51.61
51.55
51.54
51.50
51.42
51.28
51.12
50.95
50.78
50.62
50.47
50.34
50.23
50.23
50.33
50.54
50.82
51.08
51.29
51.42
51.48
51.51
51.55
51.63
51.76
51.91
52.08
52.25
52.41
52.55
52.67
52.78
52.86
52.93
52.98
53.02
53.04
53.03
52.98
52.89
52.78
52.67
52.57
52.52
52.51
52.52
52.56
52.56
52.50
52.38
52.22
52.04
51.86
51.69
51.53
51.39
51.28
51.15
51.02
50.87
50.72
50.57
50.47
50.41
50.40
50.43
50.47
50.62
50.86
51.19
51.58
51.98
52.37
52.73
53.05
53.32
53.55
53.74
53.88
53.99
54.06
54.14
54.22
54.33
54.43
54.54
54.56
54.47
54.28
54.03
53.74
53.45
53.16
52.90
52.67
52.47
52.31
52.18
52.08
52.00
51.95
51.94
51.98
52.06
52.17
52.29
52.36
52.36
52.29
52.17
52.02
51.92
51.88
51.91
51.99
52.10
52.12
52.02
51.79
51.47
51.20
51.02
50.94
50.94
51.00
51.15
51.38
51.68
52.01
52.35
52.57
52.64
52.55
52.35
52.08
51.87
51.73
51.71
51.76
51.86
52.00
52.14
52.29
52.43
52.56
52.68
52.77
52.85
52.92
52.97
52.98
52.95
52.87
52.77
52.66
52.53
52.36
52.17
51.98
51.79
51.61
51.46
51.32
51.21
51.13
51.08
51.09
51.14
51.22
51.32
51.38
51.37
51.29
51.16
51.01
50.85
50.70
50.55
50.42
50.35
50.37
50.47
50.62
50.80
50.94
51.01
51.01
50.95
50.86
50.81
50.80
50.87
50.97
51.10
51.26
51.46
51.68
51.90
52.12
52.34
52.58
52.81
53.05
53.26
53.42
53.53
53.57
53.57
53.54
53.39
53.09
52.67
52.18
51.66
51.19
50.78
50.45
50.19
50.00
49.84
49.70
49.56
49.44
49.32
49.25
49.23
49.26
49.32
49.42
49.56
49.74
49.93
50.12
50.33
50.55
50.79
51.01
51.23
51.47
51.75
52.06
52.39
52.70
52.89
52.91
52.78
52.53
52.23
51.89
51.56
51.24
50.95
50.70
50.51
50.39
50.34
50.34
50.37
50.54
50.84
51.27
51.78
52.30
52.76
53.12
53.37
53.52
53.60
53.65
53.69
53.74
53.78
53.83
53.79
53.65
53.41
53.12
52.80
52.48
52.17
51.90
51.66
51.53
51.54
51.67
51.89
52.16
52.39
52.56
52.65
52.67
52.66
52.64
52.63
52.64
52.67
52.71
52.67
52.54
52.32
52.03
51.73
51.42
51.13
50.86
50.63
50.44
50.30
50.23
50.22
50.26
50.32
50.46
50.66
50.93
51.23
51.53
51.82
52.09
52.33
52.53
52.69
52.77
52.76
52.66
52.50
52.30
52.13
51.98
51.88
51.82
51.73
51.60
51.43
51.23
51.02
50.82
50.64
50.48
50.34
50.22
50.18
50.23
50.35
50.53
50.73
50.99
51.31
51.68
52.06
52.43
52.75
53.00
53.17
53.28
53.35
53.27
53.04
52.66
52.20
51.71
51.27
50.92
50.68
50.53
50.45
50.37
50.27
50.13
49.97
49.81
49.70
49.67
49.72
49.83
49.96
50.16
50.43
50.76
51.10
51.45
51.75
51.98
52.15
52.26
52.29
52.26
52.17
52.05
51.90
51.70
51.44
51.13
50.80
50.47
50.24
50.13
50.16
50.27
50.45
50.68
50.95
51.25
51.56
51.85
52.06
52.18
52.20
52.15
52.05
51.90
51.71
51.48
51.24
51.01
50.84
50.76
50.77
50.85
50.96
51.15
51.40
51.72
52.07
52.41
52.63
52.70
52.60
52.40
52.12
51.82
51.51
51.21
50.93
50.72
50.57
50.49
50.46
50.47
50.50
50.55
50.61
50.67
50.73
50.87
51.10
51.41
51.76
52.13
52.44
52.66
52.77
52.81
52.80
52.77
52.75
52.75
52.77
52.79
52.73
52.59
52.35
52.06
51.74
51.48
51.30
51.21
51.19
51.22
51.28
51.36
51.45
51.55
51.64
51.72
51.79
51.85
51.90
51.95
51.98
52.00
52.02
52.03
52.03
52.01
51.95
51.86
51.75
51.61
51.43
51.24
51.03
50.83
50.75
50.82
51.04
51.35
51.71
51.95
52.02
51.92
51.69
51.38
51.04
50.69
50.36
50.05
49.78
49.60
49.52
49.55
49.64
49.78
49.97
50.20
50.46
50.72
50.97
51.25
51.57
51.93
52.29
52.63
52.89
53.05
53.11
53.09
53.02
52.91
52.79
52.66
52.54
52.42
52.37
52.40
52.50
52.65
52.83
52.99
53.12
53.20
53.25
53.19
53.02
52.73
52.39
52.02
51.71
51.48
51.34
51.29
51.28
51.29
51.30
51.28
51.26
51.23
51.20
51.16
51.13
51.10
51.07
51.10
51.20
51.36
51.57
51.78
51.98
52.12
52.22
52.28
52.30
52.28
52.20
52.09
51.95
51.80
51.63
51.43
51.22
51.00
50.80
50.64
50.54
50.49
50.48
50.50
50.52
50.51
50.48
50.44
50.41
50.41
50.44
50.49
50.55
50.59
50.60
50.58
50.53
50.47
50.45
50.50
50.61
50.76
50.94
51.17
51.46
51.79
52.15
52.49
52.76
52.94
53.01
53.01
52.95
52.89
52.84
52.81
52.80
52.80
52.79
52.75
52.69
52.60
52.51
52.39
52.25
52.08
51.91
51.74
51.52
51.27
50.96
50.65
50.34
50.21
50.30
50.61
51.06
51.59
52.06
52.43
52.66
52.79
52.87
52.91
52.95
52.98
53.00
52.99
52.94
52.86
52.75
52.64
52.50
52.33
52.15
51.95
51.77
51.65
51.61
51.66
51.77
51.91
52.01
52.05
52.03
51.96
51.85
51.74
51.62
51.50
51.39
51.29
51.26
51.31
51.43
51.60
51.79
51.94
52.02
52.02
51.97
51.88
51.82
51.82
51.88
51.98
52.11
52.14
52.04
51.82
51.51
51.15
50.90
50.78
50.81
50.96
51.11
51.24
51.32
51.36
51.36
51.37
51.40
51.46
51.52
51.59
51.64
51.65
51.62
51.57
51.50
51.48
51.52
51.63
51.78
51.95
52.07
52.12
52.10
52.03
51.92
51.85
51.84
51.89
51.98
52.10
52.16
52.12
51.98
51.78
51.54
51.40
51.38
51.51
51.74
52.01
52.32
52.62
52.90
53.16
53.39
53.50
53.48
53.34
53.11
52.89
52.72
52.61
52.56
52.55
52.59
52.68
52.81
52.97
53.13
53.30
53.45
53.58
53.70
53.80
53.80
53.69
53.47
53.18
52.86
52.60
52.40
52.30
52.26
52.28
52.22
52.06
51.79
51.44
51.07
50.73
50.44
50.21
50.04
49.91
49.94
50.12
50.46
50.88
51.34
51.73
52.00
52.14
52.18
52.14
52.16
52.27
52.49
52.78
53.11
53.41
53.66
53.86
54.01
54.05
54.01
53.86
53.66
53.44
53.23
53.05
52.93
52.85
52.80
52.75
52.68
52.60
52.51
52.43
52.34
52.26
52.19
52.13
52.09
52.07
52.10
52.17
52.26
52.37
52.45
52.49
52.50
52.47
52.43
52.43
52.49
52.61
52.77
52.95
53.05
53.05
52.94
52.76
52.54
52.33
52.15
52.02
51.92
51.86
51.85
51.89
51.98
52.10
52.23
52.33
52.40
52.43
52.43
52.40
52.36
52.31
52.26
52.22
52.20
52.21
52.27
52.34
52.43
52.44
52.36
52.18
51.93
51.66
51.38
51.11
50.86
50.64
50.45
50.40
50.50
50.76
51.12
51.52
51.83
52.00
52.01
51.92
51.74
51.59
51.47
51.42
51.41
51.44
51.49
51.55
51.62
51.68
51.75
51.81
51.86
51.90
51.94
51.97
52.01
52.09
52.19
52.30
52.45
52.62
52.81
53.01
53.20
53.33
53.37
53.33
53.22
53.09
52.91
52.69
52.45
52.21
51.97
51.80
51.73
51.74
51.82
51.93
52.04
52.13
52.19
52.22
52.23
52.25
52.29
52.36
52.44
52.52
52.58
52.61
52.59
52.55
52.49
52.42
52.35
52.28
52.22
52.17
52.09
51.99
51.87
51.74
51.61
51.46
51.29
51.10
50.91
50.72
50.67
50.75
50.98
51.30
51.57
51.72
51.74
51.66
51.51
51.36
51.21
51.10
51.02
50.96
50.95
50.98
51.06
51.16
51.28
51.43
51.61
51.80
52.00
52.20
52.35
52.45
52.50
52.51
52.48
52.41
52.30
52.16
51.99
51.82
51.72
51.68
51.73
51.83
51.96
52.06
52.09
52.06
51.98
51.87
51.70
51.46
51.16
50.83
50.51
50.20
49.92
49.67
49.46
49.29
49.24
49.31
49.50
49.77
50.10
50.48
50.88
51.27
51.64
51.94
52.17
52.32
52.41
52.45
52.43
52.35
52.22
52.07
51.90
51.79
51.75
51.79
51.88
52.01
52.09
52.12
52.08
52.00
51.88
51.78
51.71
51.68
51.67
51.68
51.65
51.57
51.43
51.26
51.07
50.96
50.95
51.05
51.23
51.45
51.68
51.92
52.14
52.35
52.52
52.67
52.79
52.89
52.96
53.02
53.05
53.08
53.09
53.09
52.98
52.75
52.38
51.94
51.48
51.08
50.76
50.56
50.43
50.38
50.43
50.57
50.80
51.08
51.38
51.65
51.87
52.03
52.14
52.21
52.22
52.18
52.09
51.96
51.82
51.74
51.72
51.77
51.87
52.01
52.10
52.13
52.10
52.01
51.90
51.80
51.72
51.69
51.68
51.69
51.71
51.75
51.78
51.82
51.85
51.86
51.83
51.77
51.68
51.61
51.57
51.56
51.58
51.62
51.66
51.71
51.76
51.81
51.85
51.89
51.93
51.95
51.97
51.99
52.00
52.01
52.02
52.02
52.02
52.05
52.10
52.19
52.29
52.40
52.49
52.53
52.54
52.51
52.46
52.33
52.09
51.76
51.39
50.99
50.69
50.51
50.46
50.51
50.62
50.83
51.12
51.47
51.86
52.24
52.60
52.93
53.22
53.46
53.66
53.74
53.69
53.51
53.25
52.92
52.55
52.15
51.75
51.38
51.10
50.93
50.86
50.88
50.95
51.06
51.18
51.31
51.44
51.56
51.64
51.68
51.67
51.62
51.56
51.46
51.32
51.16
50.98
50.80
50.72
50.74
50.87
51.08
51.33
51.54
51.69
51.75
51.76
51.72
51.63
51.49
51.32
51.12
50.93
50.77
50.65
50.59
50.57
50.58
50.58
50.57
50.52
50.47
50.40
50.41
50.52
50.73
51.00
51.21
51.34
51.35
51.29
51.18
51.04
50.88
50.73
50.58
50.45
50.35
50.31
50.32
50.36
50.42
50.44
50.41
50.31
50.17
50.01
49.95
50.02
50.22
50.52
50.86
51.18
51.47
51.69
51.87
52.00
52.12
52.24
52.36
52.48
52.59
52.61
52.53
52.33
52.07
51.78
51.48
51.19
50.92
50.68
50.48
50.29
50.10
49.90
49.72
49.58
49.49
49.46
49.46
49.49
49.62
49.85
50.18
50.57
50.96
51.30
51.54
51.69
51.75
51.75
51.74
51.74
51.75
51.77
51.79
51.82
51.85
51.88
51.91
51.93
52.01
52.14
52.33
52.55
52.79
52.91
52.89
52.73
52.46
52.15
51.79