279.58
279.58
279.66
279.81
280.03
280.28
280.55
280.81
281.09
281.37
281.66
281.93
282.18
282.37
282.50
282.56
282.57
282.55
282.61
282.79
283.08
283.44
283.70
283.80
283.72
283.52
283.24
282.75
282.02
281.09
280.05
279.00
278.16
277.59
277.32
277.27
277.38
277.60
277.88
278.19
278.51
278.81
279.03
279.15
279.18
279.14
279.05
279.06
279.21
279.52
279.92
280.37
280.96
281.68
282.52
283.41
284.27
284.86
285.12
285.03
284.70
284.22
283.57
282.81
281.96
281.11
280.29
279.59
279.04
278.66
278.40
278.26
278.41
278.87
279.63
280.55
281.54
282.40
283.04
283.44
283.64
283.61
283.38
282.99
282.50
281.97
281.52
281.19
281.01
280.93
280.93
280.93
280.92
280.85
280.76
280.66
280.69
280.87
281.22
281.66
282.15
282.73
283.38
284.08
284.78
285.44
285.88
286.06
285.97
285.70
285.31
284.86
284.39
283.93
283.51
283.13
282.75
282.37
281.97
281.59
281.23
280.95
280.74
280.60
280.53
280.50
280.51
280.54
280.59
280.64
280.70
280.79
280.89
281.03
281.18
281.32
281.46
281.59
281.70
281.79
281.87
281.93
281.98
282.01
282.03
282.13
282.31
282.58
282.90
283.23
283.43
283.45
283.28
282.99
282.62
282.41
282.42
282.66
283.07
283.56
284.01
284.37
284.60
284.73
284.78
284.72
284.56
284.31
284.01
283.70
283.49
283.43
283.52
283.72
283.98
284.16
284.23
284.16
283.99
283.77
283.46
283.09
282.67
282.23
281.80
281.46
281.22
281.09
281.05
281.08
281.14
281.23
281.34
281.45
281.55
281.68
281.82
281.99
282.16
282.21
282.14
281.91
281.60
281.24
281.03
281.02
281.22
281.56
281.99
282.53
283.16
283.86
284.57
285.25
285.66
285.76
285.51
285.05
284.45
284.01
283.81
283.89
284.17
284.57
284.89
285.09
285.12
285.02
284.85
284.71
284.64
284.66
284.75
284.88
284.89
284.76
284.47
284.08
283.64
283.25
282.93
282.71
282.58
282.50
282.48
282.49
282.52
282.57
282.63
282.80
283.08
283.50
283.97
284.47
284.84
285.06
285.10
285.02
284.83
284.56
284.23
283.88
283.53
283.26
283.09
283.01
283.01
283.07
283.07
283.01
282.85
282.65
282.41
282.15
281.86
281.56
281.27
280.99
280.83
280.79
280.88
281.05
281.28
281.43
281.45
281.34
281.13
280.88
280.65
280.48
280.39
280.36
280.38
280.44
280.56
280.72
280.90
281.09
281.40
281.85
282.44
283.10
283.77
284.36
284.83
285.17
285.40
285.54
285.56
285.46
285.26
285.00
284.71
284.52
284.47
284.57
284.76
284.97
285.14
285.26
285.32
285.35
285.14
284.66
283.92
283.03
282.08
281.23
280.52
280.00
279.63
279.40
279.29
279.29
279.39
279.54
279.72
279.92
280.12
280.30
280.47
280.61
280.68
280.67
280.57
280.41
280.23
280.12
280.10
280.19
280.34
280.54
280.71
280.81
280.84
280.82
280.76
280.62
280.41
280.14
279.83
279.52
279.38
279.44
279.74
280.17
280.68
281.05
281.23
281.18
280.98
280.68
280.51
280.54
280.80
281.20
281.69
282.21
282.72
283.20
283.64
283.88
283.91
283.72
283.39
282.98
282.50
282.00
281.48
280.99
280.53
280.35
280.47
280.90
281.53
282.26
282.90
283.36
283.61
283.70
283.67
283.59
283.49
283.39
283.30
283.22
283.08
282.85
282.54
282.18
281.82
281.65
281.73
282.06
282.56
283.15
283.61
283.87
283.90
283.76
283.52
283.16
282.72
282.21
281.68
281.16
280.82
280.68
280.76
280.99
281.32
281.79
282.40
283.13
283.90
284.47
284.78
284.80
284.60
284.28
283.90
283.52
283.17
282.86
282.60
282.47
282.47
282.61
282.83
283.10
283.26
283.26
283.09
282.81
282.46
282.16
281.96
281.87
281.87
281.93
281.92
281.81
281.59
281.29
280.96
280.79
280.81
281.05
281.42
281.88
282.37
282.85
283.30
283.71
284.07
284.42
284.78
285.15
285.50
285.83
286.00
285.96
285.73
285.36
284.93
284.63
284.52
284.62
284.88
285.23
285.46
285.51
285.37
285.08
284.77
284.49
284.26
284.09
283.96
283.82
283.66
283.45
283.23
283.01
282.80
282.61
282.44
282.30
282.19
282.07
281.95
281.81
281.67
281.53
281.46
281.47
281.56
281.70
281.86
281.99
282.05
282.03
281.97
281.87
281.81
281.80
281.86
281.97
282.09
282.20
282.28
282.33
282.34
282.33
282.36
282.44
282.58
282.75
282.94
283.16
283.39
283.64
283.89
284.13
284.34
284.52
284.67
284.80
284.90
284.78
284.44
283.85
283.12
282.48
281.98
281.69
281.56
281.54
281.77
282.23
282.92
283.73
284.57
285.30
285.84
286.18
286.35
286.40
286.28
286.01
285.60
285.12
284.62
284.16
283.76
283.44
283.19
283.00
282.79
282.54
282.22
281.88
281.54
281.41
281.52
281.89
282.43
283.05
283.53
283.81
283.86
283.74
283.51
283.22
282.89
282.56
282.25
281.96
281.68
281.41
281.14
280.90
280.67
280.48
280.32
280.19
280.09
280.02
280.07
280.26
280.60
281.02
281.44
281.84
282.17
282.46
282.68
282.91
283.16
283.43
283.70
283.96
283.96
283.65
283.03
282.22
281.32
280.67
280.36
280.45
280.81
281.34
281.80
282.10
282.21
282.16
282.01
281.91
281.89
282.00
282.17
282.40
282.67
282.97
283.28
283.60
283.89
284.08
284.14
284.07
283.91
283.69
283.37
282.95
282.45
281.91
281.38
280.93
280.59
280.38
280.26
280.22
280.29
280.45
280.70
281.00
281.32
281.58
281.75
281.84
281.85
281.95
282.17
282.52
282.96
283.43
283.82
284.08
284.21
284.24
284.19
284.01
283.71
283.31
282.84
282.37
281.91
281.48
281.11
280.78
280.51
280.43
280.55
280.87
281.32
281.83
282.36
282.87
283.34
283.76
284.12
284.34
284.41
284.33
284.15
283.90
283.79
283.86
284.13
284.52
284.99
285.31
285.44
285.35
285.11
284.77
284.33
283.82
283.26
282.69
282.15
281.73
281.47
281.37
281.38
281.48
281.71
282.06
282.52
283.02
283.53
284.03
284.48
284.87
285.21
285.49
285.71
285.89
286.01
286.10
286.02
285.77
285.33
284.80
284.22
283.59
282.93
282.25
281.61
281.02
280.60
280.38
280.37
280.50
280.73
280.96
281.14
281.27
281.34
281.37
281.40
281.44
281.50
281.57
281.64
281.68
281.68
281.65
281.60
281.52
281.47
281.45
281.46
281.50
281.56
281.62
281.68
281.74
281.80
281.85
282.05
282.43
283.00
283.66
284.36
284.85
285.09
285.03
284.78
284.37
283.87
283.31
282.74
282.19
281.77
281.50
281.40
281.41
281.50
281.51
281.40
281.14
280.79
280.39
280.09
279.93
279.93
280.04
280.22
280.34
280.35
280.23
280.03
279.78
279.56
279.40
279.33
279.31
279.33
279.44
279.62
279.88
280.17
280.48
280.80
281.13
281.46
281.77
282.06
282.36
282.69
283.04
283.39
283.73
284.11
284.54
285.03
285.53
286.02
286.25
286.18
285.81
285.23
284.55
284.02
283.71
283.67
283.82
284.04
284.27
284.48
284.65
284.78
284.78
284.64
284.34
283.95
283.52
283.14
282.84
282.64
282.51
282.45
282.33
282.12
281.81
281.44
281.05
280.80
280.73
280.86
281.11
281.45
281.71
281.86
281.86
281.76
281.60
281.46
281.36
281.32
281.33
281.38
281.39
281.35
281.25
281.11
280.95
280.93
281.06
281.36
281.77
282.23
282.64
282.98
283.22
283.37
283.46
283.53
283.58
283.64
283.71
283.77
283.74
283.62
283.39
283.10
282.79
282.47
282.17
281.90
281.66
281.51
281.46
281.51
281.62
281.77
281.94
282.12
282.29
282.45
282.59
282.76
282.98
283.24
283.51
283.78
283.93
283.93
283.78
283.52
283.21
283.00
282.95
283.08
283.32
283.64
283.96
284.25
284.50
284.70
284.85
284.86
284.72
284.42
284.02
283.59
283.09
282.55
281.98
281.42
280.90
280.51
280.28
280.21
280.26
280.38
280.51
280.59
280.62
280.60
280.56
280.50
280.43
280.36
280.29
280.20
280.09
279.95
279.80
279.66
279.57
279.56
279.63
279.75
279.91
280.10
280.32
280.57
280.82
281.05
281.32
281.63
281.97
282.32
282.65
282.96
283.23
283.46
283.65
283.80
283.84
283.75
283.55
283.26
282.95
282.62
282.30
282.01
281.75
281.53
281.46
281.54
281.78
282.12
282.52
282.87
283.15
283.34
283.46
283.51
283.45
283.25
282.95
282.57
282.17
281.86
281.66
281.59
281.61
281.71
281.87
282.08
282.33
282.60
282.70
282.60
282.28
281.83
281.31
280.82
280.41
280.10
279.88
279.73
279.74
279.93
280.28
280.72
281.20
281.69
282.16
282.59
282.96
283.28
283.48
283.58
283.56
283.46
283.32
283.17
283.05
282.96
282.90
282.86
282.87
282.92
283.01
283.13
283.26
283.37
283.43
283.46
283.45
283.42
283.40
283.41
283.45
283.50
283.57
283.50
283.28
282.90
282.42
281.91
281.42
280.98
280.63
280.34
280.13
280.08
280.20
280.48
280.87
281.29
281.68
282.03
282.32
282.57
282.68
282.66
282.50
282.25
281.96
281.63
281.26
280.89
280.52
280.19
280.08
280.22
280.63
281.20
281.86
282.33
282.54
282.44
282.13
281.69
281.30
281.01
280.85
280.81
280.84
280.92
281.04
281.17
281.31
281.44
281.38
281.09
280.56
279.89
279.16
278.51
277.98
277.61
277.38
277.24
277.30
277.53
277.94
278.44
278.98
279.49
279.95
280.32
280.62
280.85
281.10
281.39
281.73
282.09
282.39
282.61
282.73
282.78
282.77
282.74
282.73
282.73
282.75
282.78
282.70
282.50
282.17
281.78
281.35
280.95
280.61
280.33
280.12
279.97
279.89
279.88
279.94
280.03
280.15
280.38
280.74
281.22
281.76
282.31
282.76
283.07
283.23
283.28
283.25
283.24
283.28
283.41
283.58
283.78
283.79
283.59
283.15
282.56
281.91
281.24
280.60
280.01
279.49
279.05
278.81
278.81
279.03
279.39
279.84
280.35
280.89
281.44
281.95
282.21
282.17
281.81
281.25
280.57
280.15
280.07
280.39
280.96
281.69
282.43
283.11
283.69
284.16
284.54
284.75
284.79
284.67
284.44
284.15
283.67
283.01
282.17
281.25
280.32
279.61
279.15
278.98
279.03
279.22
279.55
280.00
280.52
281.08
281.62
281.97
282.08
281.94
281.64
281.23
280.98
280.97
281.23
281.67
282.21
282.52
282.52
282.18
281.61
280.90
280.18
279.49
278.87
278.33
277.89
277.74
277.92
278.43
279.13
279.88
280.61
281.24
281.78
282.22
282.57
282.84
283.04
283.18
283.26
283.28
283.24
283.14
283.02
282.87
282.67
282.41
282.11
281.78
281.45
281.17
280.95
280.80
280.71
280.66
280.69
280.82
281.02
281.27
281.53
281.77
281.96
282.10
282.19
282.24
282.32
282.44
282.61
282.80
282.99
283.03
282.86
282.48
281.98
281.42
281.08
281.04
281.33
281.83
282.46
282.96
283.25
283.27
283.11
282.84
282.57
282.37
282.26
282.22
282.24
282.37
282.62
282.97
283.38
283.67
283.80
283.74
283.56
283.29
283.14
283.16
283.38
283.73
284.15
284.51
284.78
284.93
284.98
284.97
284.90
284.81
284.70
284.59
284.48
284.32
284.12
283.86
283.58
283.30
283.11
283.04
283.10
283.24
283.43
283.52
283.46
283.23
282.90
282.51
282.13
281.79
281.51
281.29
281.11
281.07
281.15
281.36
281.65
281.98
282.29
282.56
282.77
282.93
283.05
283.13
283.18
283.20
283.21
283.20
283.03
282.66
282.10
281.44
280.90
280.55
280.44
280.49
280.67
281.00
281.45
282.02
282.62
283.23
283.80
284.32
284.77
285.16
285.47
285.53
285.32
284.83
284.18
283.45
282.88
282.56
282.52
282.67
282.96
283.24
283.47
283.60
283.66
283.67
283.59
283.42
283.17
282.88
282.57
282.17
281.66
281.06
280.42
279.79
279.28
278.92
278.72
278.65
278.68
278.85
279.15
279.56
280.04
280.53
281.11
281.78
282.53
283.29
284.03
284.59
284.96
285.11
285.10
285.01
284.88
284.74
284.61
284.48
284.28
284.01
283.66
283.27
282.88
282.61
282.49
282.55
282.72
282.96
283.13
283.19
283.11
282.95
282.73
282.43
282.06
281.64
281.20
280.78
280.31
279.79
279.22
278.65
278.11
277.83
277.86
278.21
278.76
279.43
280.22
281.10
282.03
282.95
283.81
284.58
285.25
285.82
286.27
286.63
286.69
286.43
285.85
285.07
284.21
283.59
283.31
283.42
283.79
284.34
284.70
284.78
284.53
284.06
283.46
282.80
282.13
281.50
280.92
280.49
280.23
280.15
280.19
280.31
280.41
280.44
280.38
280.27
280.13
280.04
280.05
280.16
280.33
280.55
280.82
281.16
281.55
281.96
282.35
282.71
283.03
283.31
283.54
283.73
283.74
283.56
283.20
282.71
282.18
281.74
281.44
281.32
281.32
281.42
281.43
281.33
281.07
280.73
280.35
279.98
279.66
279.39
279.19
279.04
279.03
279.19
279.50
279.91
280.36
280.84
281.34
281.83
282.28
282.56
282.64
282.49
282.21
281.83
281.50
281.25
281.12
281.07
281.09
281.26
281.58
282.04
282.57
283.13
283.67
284.18
284.63
285.02
285.34
285.58
285.73
285.79
285.80
285.76
285.71
285.69
285.68
285.70
285.73
285.63
285.37
284.97
284.47
283.93
283.37
282.82
282.27
281.77
281.33
281.05
280.96
281.06
281.29
281.59
281.91
282.20
282.45
282.65
282.81
283.04
283.36
283.78
284.24
284.72
285.04
285.17
285.09
284.87
284.56
284.21
283.84
283.49
283.16
282.71
282.11
281.37
280.56
279.75
279.09
278.62
278.37
278.28
278.30
278.49
278.83
279.29
279.80
280.34
280.80
281.16
281.41
281.56
281.63
281.57
281.38
281.06
280.68
280.26
279.96
279.80
279.81
279.93
280.13
280.42
280.79
281.22
281.67
282.11
282.28
282.13
281.64
280.95
280.14
279.49
279.07
278.94
279.01
279.21
279.56
280.02
280.55
281.10
281.65
282.13
282.53
282.83
283.05
283.21
283.30
283.35
283.37
283.36
283.39
283.47
283.61
283.78
283.96
284.09
284.15
284.14
284.06
283.95
283.93
284.03
284.25
284.56
284.90
285.04
284.93
284.53
283.95
283.28
282.59
281.91
281.27
280.71
280.22
279.90
279.74
279.75
279.88
280.08
280.27
280.42
280.50
280.53
280.52
280.49
280.44
280.38
280.32
280.26
280.18
280.07
279.94
279.79
279.65
279.54
279.48
279.46
279.48
279.52
279.54
279.55
279.52
279.47
279.50
279.60
279.81
280.07
280.36
280.67
281.00
281.34
281.67
281.97
282.23
282.46
282.65
282.80
282.92
282.87
282.64
282.23
281.72
281.17
280.53
279.82
279.07
278.33
277.63
277.16
276.95
277.03
277.29
277.67
278.07
278.42
278.70
278.91
279.06
279.14
279.14
279.09
278.99
278.87
278.87
279.03
279.35
279.77
280.24
280.68
281.08
281.41
281.67
281.87
282.05
282.21
282.36
282.50
282.63
282.79
283.00
283.25
283.52
283.68
283.70
283.57
283.35
283.06
282.78
282.52
282.32
282.16
282.04
281.98
281.98
282.03
282.12
282.23
282.24
282.13
281.88
281.56
281.19
280.90
280.71
280.65
280.68
280.77
281.06
281.55
282.24
283.04
283.86
284.65
285.39
286.04
286.61
287.08
287.27
287.16
286.76
286.17
285.48
284.78
284.13
283.56
283.08
282.68
282.37
282.13
281.95
281.83
281.76
281.83
282.04
282.41
282.85
283.33
283.68
283.85
283.81
283.64
283.48
283.40
283.42
283.53
283.68
283.80
283.87
283.88
283.83
283.76
283.58
283.31
282.94
282.52
282.10
281.82
281.73
281.84
282.09
282.42
282.73
282.99
283.18
283.30
283.36
283.39
283.39
283.37
283.33
283.29
283.27
283.29
283.33
283.40
283.48
283.35
282.97
282.34
281.55
280.71
279.91
279.23
278.68
278.27
277.96
277.93
278.20
278.75
279.47
280.27
281.03
281.69
282.23
282.64
282.96
283.28
283.66
284.10
284.56
284.89
285.02
284.96
284.76
284.47
284.02
283.45
282.75
282.01
281.27
280.69
280.30
280.12
280.09
280.17
280.35
280.61
280.92
281.24
281.57
281.76
281.80
281.69
281.46
281.17
280.95
280.86
280.91
281.06
281.26
281.39
281.41
281.29
281.09
280.83
280.85
281.21
281.92
282.86
283.89
284.71
285.20
285.32
285.17
284.85
284.39
283.84
283.26
282.67
282.12
281.67
281.35
281.16
281.07
281.06
281.18
281.43
281.79
282.22
282.62
282.94
283.17
283.32
283.41
283.59
283.88
284.30
284.80
285.32
285.55
285.45
284.98
284.28
283.45
282.63
281.89
281.27
280.77
280.38
280.13
280.04
280.07
280.20
280.39
280.47
280.41
280.19
279.86
279.48
279.26
279.27
279.53
279.95
280.46
280.96
281.39
281.72
281.97
282.14
282.37
282.66
283.05
283.48
283.91
284.25
284.46
284.53
284.49
284.39
284.16
283.82
283.38
282.89
282.39
282.12
282.15
282.48
283.00
283.58
284.15
284.64
285.06
285.40
285.60
285.63
285.52
285.30
285.03
284.73
284.43
284.14
283.87
283.64
283.42
283.20
282.98
282.78
282.59
282.46
282.38
282.36
282.38
282.42
282.51
282.64
282.81
282.98
283.16
283.25
283.24
283.10
282.90
282.65
282.56
282.64
282.94
283.36
283.85
284.23
284.44
284.46
284.34
284.14
283.82
283.42
282.96
282.48
282.01
281.55
281.10
280.67
280.29
279.94
279.84
280.01
280.44
281.04
281.68
282.27
282.78
283.20
283.54
283.72
283.74
283.61
283.38
283.09
282.72
282.29
281.82
281.33
280.87
280.49
280.23
280.09
280.04
280.06
280.23
280.55
281.01
281.54
282.11
282.60
282.99
283.27
283.45
283.55
283.62
283.68
283.73
283.79
283.83
283.85
283.83
283.77
283.69
283.59
283.44
283.23
282.97
282.67
282.38
282.15
282.01
281.97
281.99
282.06
282.16
282.28
282.39
282.51
282.62
282.69
282.71
282.69
282.64
282.57
282.49
282.41
282.33
282.26
282.16
282.05
281.92
281.77
281.63
281.44
281.21
280.93
280.63
280.33
280.10
279.96
279.92
279.95
280.03
279.97
279.75
279.34
278.82
278.25
277.79
277.47
277.33
277.32
277.41
277.60
277.90
278.27
278.68
279.08
279.47
279.83
280.14
280.40
280.62
280.76
280.84
280.85
280.81
280.74
280.67
280.63
280.63
280.64
280.67
280.81
281.09
281.49
281.95
282.44
282.90
283.29
283.60
283.84
283.99
284.06
284.04
283.98
283.88
283.74
283.56
283.35
283.14
282.92
282.70
282.46
282.22
281.98
281.76
281.62
281.57
281.61
281.72
281.86
281.99
282.10
282.17
282.21
282.22
282.22
282.21
282.19
282.17
282.14
282.17
282.26
282.42
282.61
282.82
282.90
282.81
282.55
282.17
281.74
281.42
281.27
281.31
281.48
281.74
281.98
282.18
282.32
282.39
282.42
282.39
282.31
282.19
282.04
281.87
281.87
282.07
282.47
282.99
283.57
283.95
284.05
283.86
283.46
283.02
282.62
282.31
282.07
281.90
281.84
281.89
282.03
282.24
282.48
282.84
283.31
283.89
284.52
285.14
285.55
285.68
285.52
285.17
284.70
284.23
283.81
283.47
283.20
283.01
282.87
282.78
282.73
282.71
282.71
282.70
282.67
282.61
282.54
282.46
282.35
282.22
282.06
281.89
281.72
281.52
281.26
280.96
280.65
280.34
280.08
279.88
279.75
279.67
279.63
279.70
279.89
280.19
280.54
280.93
281.28
281.58
281.81
281.98
282.19
282.44
282.75
283.09
283.43
283.75
284.05
284.30
284.52
284.70
284.68
284.44
283.98
283.40
282.75
282.12
281.56
281.08
280.68
280.37
280.19
280.13
280.18
280.32
280.51
280.72
280.93
281.14
281.33
281.50
281.76
282.11
282.56
283.06
283.57
284.03
284.42
284.72
284.95
285.11
285.03
284.69
284.10
283.36
282.55
281.74
280.97
280.28
279.67
279.15
278.75
278.48
278.31
278.23
278.21
278.27
278.39
278.56
278.76
279.01
279.33
279.69
280.07
280.44
280.70
280.83
280.82
280.72
280.56
280.52
280.66
280.98
281.42
281.93
282.36
282.69
282.88
282.97
282.98
282.98
283.02
283.09
283.19
283.31
283.53
283.88
284.34
284.85
285.39
285.71
285.78
285.57
285.18
284.69
284.12
283.51
282.90
282.31
281.78
281.47
281.42
281.62
282.00
282.48
282.84
283.03
282.99
282.81
282.53
282.25
282.02
281.85
281.75
281.68
281.68
281.74
281.85
281.98
282.24
282.62
283.12
283.68
284.25
284.61
284.71
284.52
284.15
283.67
283.11
282.51
281.91
281.33
280.79
280.35
280.01
279.77
279.61
279.53
279.60
279.83
280.21
280.68
281.19
281.75
282.34
282.95
283.55
284.09
284.41
284.49
284.30
283.93
283.47
283.04
282.69
282.47
282.34
282.29
282.31
282.41
282.56
282.74
282.94
283.00
282.89
282.61
282.22
281.78
281.48
281.37
281.50
281.77
282.13
282.41
282.54
282.49
282.33
282.12
281.89
281.69
281.51
281.36
281.21
281.05
280.88
280.72
280.56
280.51
280.56
280.73
280.96
281.24
281.45
281.56
281.55
281.46
281.32
281.13
280.89
280.62
280.35
280.08
280.05
280.30
280.83
281.53
282.31
283.00
283.54
283.89
284.09
284.17
284.16
284.09
283.99
283.86
283.73
283.54
283.30
283.01
282.70
282.39
282.21
282.17
282.30
282.53
282.83
283.02
283.06
282.92
282.67
282.35
282.03
281.73
281.49
281.29
281.11
280.94
280.76
280.60
280.46
280.47
280.65
281.01
281.47
281.99
282.53
283.09
283.64
284.14
284.60
284.99
285.32
285.59
285.80
285.96
286.04
286.06
286.02
285.93
285.82
285.73
285.66
285.64
285.64
285.66
285.66
285.64
285.60
285.53
285.46
285.35
285.22
285.07
284.90
284.73
284.55
284.35
284.14
283.94
283.74
283.43
282.99
282.41
281.77
281.12
280.74
280.69
280.99
281.52
282.18
282.77
283.21
283.46
283.55
283.61
283.69
283.81
283.96
284.12
284.15
284.01
283.70
283.29
282.82
282.50
282.39
282.50
282.76
283.12
283.34
283.36
283.13
282.76
282.29
281.90
281.63
281.51
281.51
281.59
281.74
281.96
282.22
282.50
282.77
283.03
283.27
283.47
283.64
283.78
283.91
284.05
284.20
284.35
284.49
284.40
284.05
283.42
282.64
281.79
281.13
280.73
280.62
280.72
280.97
281.31
281.68
282.07
282.45
282.80
283.16
283.54
283.93
284.32
284.52
284.50
284.25
283.84
283.35
282.96
282.73
282.69
282.79
282.97
283.13
283.22
283.22
283.15
283.04
283.07
283.28
283.67
284.18
284.74
285.28
285.76
286.17
286.50
286.75
286.81
286.67
286.31
285.83
285.29
284.87
284.62
284.58
284.67
284.87
284.87
284.63
284.11
283.42
282.64
281.88
281.17
280.56
280.05
279.64
279.37
279.24
279.24
279.34
279.50
279.77
280.14
280.61
281.12
281.63
282.14
282.64
283.12
283.55
283.74
283.67
283.31
282.78
282.15
281.56
281.09
280.75
280.52
280.39
280.44
280.66
281.05
281.53
282.06
282.50
282.83
283.01
283.08
283.08
282.88
282.50
281.94
281.28
280.59
279.91
279.28
278.72
278.23
277.83
277.63
277.66
277.91
278.31
278.78
279.39
280.12
280.95
281.79
282.61
283.34
283.95
284.44
284.81
285.08
285.08
284.79
284.23
283.50
282.70
281.93
281.27
280.74
280.33
280.02
279.86
279.83
279.93
280.11
280.28
280.41
280.48
280.51
280.50
280.49
280.50
280.53
280.58
280.64
280.75
280.92
281.15
281.41
281.68
281.86
281.93
281.87
281.73
281.54
281.46
281.52
281.75
282.09
282.48
282.86
283.20
283.49
283.71
283.88
283.99
284.02
283.98
283.91
283.81
283.64
283.41
283.12
282.80
282.48
282.21
281.99
281.84
281.74
281.68
281.74
281.92
282.21
282.56
282.93
283.09
282.99
282.59
282.02
281.35
280.72
280.21
279.84
279.58
279.51
279.60
279.85
280.19
280.58
280.85
280.95
280.87
280.65
280.36
280.22
280.28
280.58
281.02
281.54
282.17
282.89
283.66
284.44
285.17
285.65
285.83
285.70
285.35
284.88
284.31
283.70
283.07
282.47
281.91
281.50
281.25
281.17
281.21
281.34
281.46
281.55
281.58
281.57
281.54
281.51
281.50
281.52
281.57
281.62
281.57
281.40
281.09
280.72
280.31
280.08
280.10
280.37
280.80
281.34
281.82
282.21
282.48
282.64
282.61
282.39
282.01
281.53
281.00
280.68
280.64
280.89
281.35
281.91
282.42
282.81
283.03
283.14
283.15
283.15
283.17
283.23
283.31
283.40
283.48
283.51
283.51
283.48
283.44
283.33
283.16
282.92
282.65
282.37
282.19
282.11
282.16
282.29
282.48
282.66
282.82
282.94
283.03
283.09
282.92
282.48
281.77
280.91
279.99
279.32
278.98
279.02
279.30
279.76
280.33
280.96
281.62
282.27
282.87
283.27
283.44
283.37
283.15
282.82
282.47
282.13
281.83
281.58
281.27
280.87
280.39
279.87
279.35
278.97
278.75
278.73
278.83
279.01
279.36
279.85
280.47
281.14
281.82
282.33
282.64
282.71
282.61
282.40
282.00
281.41
280.65
279.82
278.97
278.33
277.95
277.84
277.93
278.16
278.53
278.99
279.54
280.10
280.65
281.19
281.71
282.19
282.62
283.00
283.35
283.67
283.96
284.22
284.44
284.61
284.70
284.73
284.71
284.66
284.53
284.34
284.07
283.78
283.48
283.24
283.09
283.03
283.04
283.07
283.11
283.12
283.13
283.12
283.04
282.85
282.57
282.23
281.88
281.51
281.12
280.74
280.38
280.05
279.93
280.03
280.37
280.85
281.41
281.89
282.23
282.41
282.45
282.41
282.38
282.41
282.51
282.67
282.84
282.92
282.88
282.69
282.42
282.09
281.81
281.60
281.47
281.40
281.39
281.42
281.46
281.53
281.60
281.67
281.79
281.96
282.19
282.45
282.72
282.78
282.62
282.20
281.63
280.98
280.55
280.43
280.63
281.07
281.58
282.10
282.56
282.96
283.30
283.44
283.37
283.08
282.67
282.18
281.67
281.16
280.70
280.28
279.92
279.67
279.54
279.53
279.60
279.72
279.87
280.04
280.21
280.37
280.52
280.70
280.93
281.19
281.48
281.76
282.02
282.26
282.46
282.64
282.78
282.86
282.89
282.86
282.79
282.70
282.60
282.50
282.40
282.31
282.23
282.24
282.36
282.58
282.87
283.18
283.31
283.21
282.86
282.36
281.77
281.40
281.32
281.57
282.03
282.51
282.93
283.23
283.42
283.54
283.54
283.43
283.22
282.96
282.67
282.51
282.52
282.71
283.02
283.40
283.72
283.95
284.06
284.08
284.03
283.95
283.84
283.72
283.59
283.47
283.23
282.85
282.32
281.72
281.10
280.66
280.45
280.49
280.71
281.04
281.37
281.67
281.89
282.06
282.17
282.21
282.19
282.11
281.99
281.86
281.70
281.50
281.29
281.07
280.85
280.69
280.57
280.52
280.50
280.52
280.56
280.61
280.66
280.72
280.72
280.66
280.52
280.35
280.15
280.12
280.27
280.63
281.12
281.67
282.12
282.43
282.58
282.59
282.52
282.41
282.30
282.21
282.13
282.07
282.05
282.08
282.14
282.23
282.34
282.50
282.72
283.00
283.30
283.60
283.94
284.32
284.72
285.13
285.51
285.76
285.83
285.73
285.52
285.23
284.91
284.59
284.27
283.99
283.73
283.54
283.42
283.36
283.36
283.39
283.31
283.09
282.72
282.26
281.76
281.32
280.97
280.72
280.56
280.37
280.11
279.76
279.36
278.96
278.66
278.47
278.43
278.48
278.60
278.70
278.76
278.76
278.73
278.66
278.63
278.66
278.75
278.88
279.03
279.27
279.59
280.00
280.45
280.90
281.28
281.55
281.71
281.79
281.80
281.77
281.70
281.62
281.53
281.43
281.51
281.77
282.23
282.82
283.45
283.89
284.09
284.01
283.74
283.35
282.98
282.68
282.48
282.38
282.34
282.37
282.47
282.61
282.79
282.98
283.09
283.09
282.99
282.80
282.60
282.42
282.27
282.15
282.06
281.93
281.77
281.56
281.34
281.10
280.99
281.02
281.19
281.47
281.80
282.12
282.40
282.64
282.82
282.95
282.95
282.78
282.47
282.06
281.61
281.21
280.89
280.67
280.54
280.47
280.64
281.05
281.71
282.52
283.37
284.19
284.93
285.56
286.07
286.48
286.72
286.78
286.67
286.46
286.17
285.91
285.71
285.58
285.51
285.49
285.40
285.20
284.89
284.52
284.13
283.63
283.04
282.35
281.64
281.05
280.63
280.42
280.35
280.39
280.50
280.66
280.85
281.04
281.22
281.45
281.71
282.02
282.35
282.66
282.90
283.04
283.09
283.07
282.99
282.94
282.93
282.98
283.08
283.19
283.26
283.27
283.20
283.10
282.96
282.74
282.42
282.01
281.57
281.12
280.66
280.22
279.78
279.39
279.03
278.86
278.90
279.14
279.52
279.97
280.48
281.00
281.53
282.04
282.50
282.71
282.65
282.30
281.78
281.15
280.68
280.44
280.45
280.65
281.00
281.45
281.95
282.46
282.96
283.44
283.90
284.34
284.73
285.08
285.29
285.35
285.27
285.10
284.86
284.43
283.82
283.02
282.14
281.25
280.59
280.21
280.15
280.31
280.62
280.99
281.37
281.73
282.04
282.32
282.54
282.73
282.87
282.98
283.06
283.03
282.88
282.63
282.31
281.96
281.80
281.87
282.20
282.68
283.25
283.58
283.60
283.26
282.68
281.98
281.38
280.96
280.78
280.77
280.88
281.08
281.31
281.57
281.83
282.07
282.29
282.48
282.64
282.78
282.88
282.96
283.02
283.06
283.08
283.18
283.35
283.62
283.93
284.26
284.40
284.30
283.95
283.44
282.84
282.32
281.95
281.74
281.66
281.67
281.65
281.54
281.33
281.06
280.76
280.56
280.50
280.59
280.78
281.04
281.27
281.44
281.54
281.58
281.57
281.59
281.66
281.77
281.92
282.08
282.27
282.48
282.71
282.94
283.16
283.41
283.70
284.02
284.35
284.68
284.76
284.56
284.07
283.41
282.62
281.79
280.95
280.14
279.42
278.94
278.74
278.82
279.11
279.52
280.02
280.56
281.13
281.68
282.19
282.62
282.96
283.19
283.35
283.44
283.50
283.56
283.63
283.69
283.76
283.79
283.78
283.73
283.66
283.57
283.48
283.39
283.31
283.23
283.17
283.01
282.73
282.34
281.89
281.42
281.09
280.95
281.02
281.22
281.51
281.66
281.61
281.33
280.90
280.39
280.02
279.83
279.87
280.06
280.36
280.62
280.82
280.91
280.93
280.89
280.81
280.72
280.61
280.51
280.35
280.14
279.88
279.60
279.32
278.89
278.30
277.55
276.73
275.90
275.48
275.57
276.18
277.14
278.28
279.39
280.36
281.13
281.71
282.14
282.40
282.52
282.53
282.45
282.32
282.18
282.06
281.98
281.92
281.88
281.91
282.02
282.20
282.43
282.67
282.91
283.13
283.34
283.52
283.67
283.74
283.72
283.62
283.46
283.27
282.99
282.62
282.17
281.68
281.20
280.95
281.00
281.35
281.90
282.40
282.75
282.91
282.91
282.81
282.70
282.61
282.57
282.56
282.58
282.67
282.83
283.06
283.32
283.60
283.81
283.94
283.99
283.96
283.90
283.94
284.11
284.44
284.87
285.33
285.72
285.99
286.13
286.17
286.13
286.04
285.93
285.80
285.66
285.53
285.44
285.39
285.39
285.42
285.48
285.38
285.11
284.64
284.07
283.45
282.91
282.50
282.23
282.09
282.04
282.06
282.12
282.21
282.31
282.42
282.48
282.46
282.38
282.24
282.08
281.91
281.74
281.58
281.44
281.27
281.05
280.79
280.51
280.23
280.02
279.91
279.88
279.92
280.01
280.07
280.08
280.03
279.94
279.83
279.89
280.17
280.68
281.32
282.01
282.61
283.05
283.30
283.41
283.40
283.33
283.21
283.05
282.89
282.73
282.71
282.86
283.19
283.62
284.10
284.41
284.48
284.29
283.93
283.47
282.91
282.27
281.60
280.94
280.32
279.95
279.86
280.08
280.49
281.02
281.47
281.78
281.90
281.88
281.76
281.62
281.47
281.34
281.23
281.27
281.49
281.88
282.38
282.92
283.17
283.06
282.54
281.78
280.89
280.24
279.94
280.06
280.46
281.04
281.52
281.82
281.87
281.76
281.53
281.21
280.83
280.41
279.99
279.58
279.27
279.06
278.97
278.96
279.00
279.17
279.45
279.84
280.28
280.73
281.12
281.41
281.59
281.69
281.72
281.67
281.57
281.41
281.22
281.03
280.89
280.82
280.84
280.92
281.03
280.94
280.62
280.04
279.31
278.51
278.01
277.88
278.17
278.74
279.42
280.12
280.76
281.33
281.81
281.98
281.79
281.24
280.47
279.58
278.79
278.19
277.81
277.60
277.53
277.70
278.08
278.67
279.36
280.10
280.80
281.42
281.94
282.36
282.69
283.01
283.36
283.75
284.14
284.51
284.83
285.07
285.24
285.34
285.40
285.36
285.23
285.03
284.77
284.50
284.20
283.89
283.57
283.26
282.98
282.81
282.76
282.85
283.03
283.26
283.38
283.35
283.15
282.84
282.48
282.08
281.70
281.34
281.01
280.73
280.50
280.30
280.15
280.04
280.06
280.24
280.56
280.97
281.42
281.87
282.30
282.70
283.04
283.34
283.47
283.43
283.22
282.90
282.52
282.12
281.73
281.36
281.03
280.74
280.53
280.39
280.33
280.32
280.35
280.35
280.31
280.21
280.07
279.92
279.79
279.70
279.65
279.63
279.64
279.59
279.45
279.22
278.95
278.65
278.40
278.24
278.16
278.15
278.19
278.32
278.52
278.80
279.11
279.43
279.81
280.27
280.79
281.32
281.76
282.07
282.22
282.27
282.23
282.17
282.10
282.05
282.01
281.98
281.99
282.03
282.12
282.22
282.34
282.48
282.65
282.84
283.04
283.22
283.29
283.21
282.99
282.67
282.31
282.01
281.81
281.74
281.75
281.83
281.89
281.92
281.88
281.81
281.72
281.67
281.68
281.76
281.88
282.02
282.28
282.66
283.16
283.72
284.28
284.72
284.98
285.06
285.01
284.86
284.69
284.52
284.37
284.24
284.14
284.07
284.01
283.97
283.94
283.74
283.33
282.70
281.96
281.18
280.40
279.68
279.03
278.46
277.99
277.60
277.30
277.07
276.91
276.80
276.92
277.29
277.91
278.67
279.48
280.38
281.32
282.28
283.21
284.06
284.73
285.21
285.47
285.58
285.57
285.46
285.26
285.00
284.71
284.41
284.08
283.71
283.30
282.89
282.51
282.18
281.93
281.76
281.65
281.59
281.60
281.67
281.79
281.94
282.10
282.15
282.07
281.85
281.55
281.20
280.84
280.48
280.16
279.87
279.67
279.58
279.59
279.67
279.80
279.98
280.20
280.45
280.71
280.96
281.17
281.31
281.40
281.44
281.44
281.56
281.81
282.21
282.69
283.20
283.55
283.69
283.59
283.32
282.96
282.58
282.21
281.89
281.61
281.39
281.34
281.50
281.84
282.31
282.83
283.26
283.55
283.66
283.66
283.57
283.34
282.99
282.53
282.01
281.50
281.16
281.05
281.18
281.48
281.88
282.19
282.36
282.35
282.22
282.01
281.67
281.23
280.69
280.12
279.79
279.77
280.09
280.63
281.30
281.83
282.14
282.19
282.06
281.80
281.53
281.28
281.09
280.95
280.86
280.85
280.94
281.11
281.33
281.57
281.79
281.97
282.10
282.18
282.23
282.23
282.17
282.07
281.94
281.80
281.69
281.61
281.58
281.58
281.60
281.58
281.51
281.38
281.22
281.04
280.72
280.26
279.66
278.99
278.30
277.83
277.63
277.73
278.02
278.44
278.82
279.09
279.22
279.25
279.21
279.24
279.40
279.70
280.09
280.52
280.87
281.11
281.22
281.23
281.12
280.90
280.60
280.24
279.87
279.62
279.52
279.58
279.75
279.99
280.16
280.22
280.14
279.97
279.74
279.52
279.32
279.17
279.05
278.96
278.99
279.12
279.37
279.69
280.03
280.49
281.04
281.70
282.39
283.07
283.62
284.01
284.23
284.32
284.31
284.26
284.20
284.15
284.10
284.07
284.01
283.93
283.82
283.70
283.58
283.41
283.19
282.92
282.63
282.34
282.09
281.89
281.76
281.69
281.65
281.64
281.65
281.68
281.72
281.81
281.97
282.19
282.44
282.70
282.92
283.09
283.21
283.28
283.32
283.30
283.23
283.11
282.97
282.82
282.65
282.45
282.23
282.02
281.81
281.62
281.46
281.32
281.20
281.11
281.09
281.16
281.30
281.49
281.71
281.90
282.05
282.16
282.22
282.26
282.37
282.60
282.93
283.33
283.76
284.04
284.14
284.05
283.82
283.50
283.23
283.04
282.96
282.96
283.01
283.08
283.13
283.16
283.18
283.18
283.17
283.15
283.13
283.11
283.17
283.32
283.57
283.88
284.21
284.26
284.00
283.38
282.56
281.63
280.89
280.43
280.30
280.41
280.67
280.99
281.28
281.53
281.73
281.88
282.05
282.25
282.48
282.72
282.96
283.26
283.63
284.07
284.54
285.00
285.37
285.64
285.79
285.86
285.86
285.76
285.57
285.30
284.99
284.66
284.29
283.88
283.44
283.00
282.59
282.13
281.63
281.09
280.54
280.02
279.60
279.30
279.13
279.06
279.06
279.03
278.94
278.77
278.56
278.54
278.77
279.26
279.91
280.64
281.19
281.51
281.54
281.37
281.08
280.81
280.63
280.58
280.62
280.73
280.81
280.86
280.84
280.78
280.70
280.72
280.85
281.11
281.44
281.82
282.09
282.22
282.19
282.06
281.85
281.66
281.52
281.45
281.43
281.44
281.43
281.37
281.26
281.11
280.95
280.89
280.96
281.17
281.47
281.82
282.05
282.11
281.98
281.74
281.42
281.25
281.30
281.58
282.01
282.53
283.00
283.37
283.61
283.74
283.77
283.71
283.57
283.39
283.19
282.99
282.80
282.62
282.46
282.32
282.26
282.29
282.40
282.56
282.75
282.84
282.81
282.64
282.37
282.06
281.60
280.99
280.24
279.44
278.64
278.20
278.21
278.68
279.46
280.41
281.31
282.10
282.69
283.12
283.42
283.55
283.54
283.39
283.16
282.88
282.61
282.38
282.20
282.06
281.95
281.94
282.01
282.17
282.38
282.61
282.53
282.07
281.21
280.11
278.91
277.97
277.39
277.23
277.37
277.82
278.53
279.42
280.39
281.38
282.23
282.92
283.40
283.71
283.90
283.85
283.56
283.07
282.45
281.78
281.27
280.97
280.93
281.06
281.31
281.53
281.65
281.64
281.55
281.41
281.34
281.38
281.54
281.79
282.08
282.28
282.36
282.28
282.11
281.87
281.74
281.76
281.94
282.23
282.59
282.94
283.25
283.51
283.72
283.88
283.95
283.92
283.79
283.61
283.40
283.12
282.78
282.40
282.00
281.62
281.23
280.86
280.50
280.16
279.97
279.95
280.10
280.35
280.68
281.08
281.54
282.06
282.57
283.06
283.46
283.73
283.89
283.95
283.95
283.92
283.89
283.87
283.87
283.87
283.80
283.64
283.39
283.09
282.76
282.55
282.47
282.56
282.75
283.00
283.23
283.41
283.51
283.55
283.55
283.50
283.39
283.24
283.07
282.90
282.65
282.31
281.90
281.46
281.02
280.76
280.73
280.93
281.29
281.75
282.07
282.22
282.15
281.94
281.63
281.43
281.40
281.58
281.88
282.26
282.67
283.09
283.48
283.84
284.12
284.33
284.45
284.52
284.54
284.49
284.40
284.26
284.09
283.91
283.74
283.58
283.44
283.32
283.21
283.10
282.98
282.84
282.70
282.56
282.35
282.07
281.71
281.31
280.91
280.66
280.59
280.73
281.00
281.35
281.68
281.96
282.16
282.29
282.36
282.37
282.31
282.21
282.06
281.91
281.78
281.68
281.64
281.62
281.63
281.61
281.53
281.39
281.22
281.04
280.77
280.43
280.00
279.54
279.08
278.70
278.43
278.26
278.19
278.21
278.30
278.46
278.65
278.86
279.01
279.09
279.09
279.03
278.93
279.00
279.28
279.78
280.40
281.09
281.62
281.93
281.99
281.88
281.64
281.44
281.33
281.34
281.44
281.59
281.67
281.63
281.46
281.22
280.92
280.78
280.82
281.07
281.46
281.92
282.41
282.89
283.34
283.74
284.09
284.31
284.37
284.29
284.11
283.88
283.61
283.34
283.07
282.83
282.62
282.27
281.78
281.12
280.39
279.64
278.97
278.43
278.02
277.74
277.55
277.45
277.40
277.40
277.43
277.49
277.55
277.62
277.69
277.75
277.95
278.28
278.77
279.34
279.94
280.44
280.80
281.02
281.11
281.12
281.15
281.22
281.37
281.56
281.77
282.04
282.36
282.72
283.10
283.47
283.72
283.85
283.84
283.74
283.57
283.40
283.24
283.12
283.03
282.96
283.08
283.39
283.92
284.55
285.24
285.79
286.14
286.28
286.25
286.11
285.90
285.65
285.39
285.13
284.89
284.64
284.40
284.15
283.92
283.81
283.85
284.05
284.35
284.70
284.91
284.92
284.72
284.39
283.97
283.46
282.90
282.29
281.69
281.13
280.75
280.60
280.67
280.90
281.22
281.63
282.08
282.55
283.01
283.44
283.72
283.82
283.74
283.54
283.26
283.05
282.96
283.00
283.14
283.33
283.51
283.63
283.68
283.68
283.64
283.50
283.26
282.91
282.51
282.10
281.72
281.41
281.17
280.99
280.86
280.76
280.65
280.55
280.44
280.35
280.34
280.44
280.64
280.91
281.11
281.18
281.12
280.96
280.75
280.64
280.67
280.88
281.18
281.55
281.89
282.15
282.33
282.44
282.49
282.48
282.40
282.27
282.11
281.94
281.85
281.86
281.99
282.18
282.41
282.63
282.82
282.96
283.06
283.13
283.20
283.28
283.37
283.47
283.56
283.60
283.57
283.46
283.31
283.13
282.95
282.77
282.60
282.45
282.32
282.22
282.13
282.06
282.01
281.97
281.98
282.02
282.10
282.21
282.33
282.50
282.72
283.00
283.31
283.53
283.65
283.64
283.54
283.40
283.19
282.94
282.67
282.38
282.11
281.75
281.30
280.76
280.17
279.59
279.26
279.23
279.52
280.01
280.62
281.23
281.78
282.23
282.59
282.86
283.08
283.28
283.45
283.60
283.73
283.70
283.49
283.11
282.62
282.09
281.60
281.20
280.91
280.71
280.58
280.68
281.00
281.55
282.23
282.96
283.50
283.78
283.78
283.57
283.24
283.02
282.99
283.18
283.51
283.94
284.26
284.44
284.43
284.29
284.08
283.79
283.45
283.08
282.71
282.41
282.21
282.11
282.09
282.12
282.11
282.03
281.87
281.65
281.41
281.20
281.02
280.90
280.82
280.77
280.80
280.91
281.11
281.34
281.59
281.74
281.75
281.61
281.37
281.08
280.87
280.78
280.84
281.00
281.21
281.35
281.38
281.27
281.07
280.82
280.63
280.53
280.54
280.62
280.75
280.97
281.25
281.60
281.97
282.34
282.60
282.75
282.75
282.66
282.51
282.32
282.12
281.92
281.73
281.56
281.35
281.11
280.83
280.53
280.35
280.31
280.43
280.65
280.92
281.20
281.46
281.66
281.82
281.95
281.96
281.84
281.61
281.31
280.98
280.77
280.73
280.88
281.15
281.49
281.86
282.24
282.60
282.92
283.21
283.40
283.48
283.46
283.37
283.23
283.10
282.98
282.90
282.85
282.83
282.82
282.82
282.83
282.85
282.87
282.76
282.49
282.06
281.55
281.00
280.64
280.52
280.68
281.03
281.48
281.88
282.16
282.30
282.33
282.28
282.12
281.87
281.54
281.17
280.88
280.70
280.63
280.67
280.76
280.81
280.79
280.68
280.51
280.31
280.13
279.98
279.88
279.82
279.78
279.79
279.85
279.96
280.08
280.22
280.42
280.66
280.96
281.28
281.59
281.91
282.24
282.56
282.86
283.13
283.32
283.40
283.39
283.30
283.17
283.05
282.94
282.87
282.83
282.81
282.81
282.81
282.83
282.85
282.87
282.92
283.00
283.11
283.23
283.36
283.48
283.60
283.70
283.79
283.86
283.86
283.79
283.65
283.46
283.36
283.37
283.52
283.76
284.05
284.27
284.40
284.42
284.35
284.24
283.98
283.59
283.07
282.49
281.89
281.43
281.13
281.03
281.06
281.18
281.23
281.16
280.95
280.64
280.28
280.06
280.05
280.24
280.58
281.00
281.43
281.83
282.17
282.45
282.68
282.96
283.33
283.78
284.26
284.75
285.05
285.13
284.96
284.63
284.21
283.74
283.26
282.81
282.39
282.03
281.72
281.46
281.26
281.10
280.98
281.01
281.19
281.52
281.94
282.42
282.93
283.46
283.96
284.43
284.67
284.68
284.43
284.02
283.52
282.98
282.44
281.93
281.47
281.07
280.90
280.96
281.28
281.76
282.31
282.90
283.48
284.02
284.51
284.92
285.09
284.97
284.57
283.99
283.32
282.78
282.44
282.33
282.41
282.59
282.85
283.15
283.46
283.76
284.03
284.30
284.57
284.83
285.08
285.30
285.50
285.66
285.79
285.89
285.97
285.95
285.81
285.57
285.26
284.92
284.59
284.26
283.97
283.71
283.57
283.57
283.69
283.90
284.16
284.42
284.64
284.81
284.95
285.04
285.03
284.89
284.65
284.33
283.99
283.75
283.64
283.70
283.86
284.09
284.24
284.28
284.19
284.01
283.77
283.49
283.17
282.83
282.49
282.18
281.95
281.81
281.79
281.83
281.92
282.02
282.10
282.15
282.18
282.19
282.18
282.17
282.15
282.13
282.11
282.01
281.82
281.53
281.20
280.85
280.58
280.43
280.41
280.48
280.61
280.72
280.79
280.79
280.75
280.74
280.77
280.86
280.98
281.12
281.29
281.49
281.71
281.93
282.15
282.31
282.43
282.49
282.50
282.48
282.37
282.14
281.82
281.44
281.05
280.74
280.55
280.50
280.54
280.65
280.64
280.46
280.10
279.63
279.10
278.78
278.73
278.97
279.41
279.97
280.49
280.92
281.23
281.44
281.56
281.56
281.45
281.24
280.97
280.68
280.52
280.53
280.72
281.03
281.40
281.78
282.12
282.41
282.64
282.82
282.93
282.97
282.95
282.88
282.79
282.68
282.57
282.46
282.36
282.30
282.28
282.30
282.35
282.43
282.56
282.76
283.02
283.31
283.60
283.66
283.46
282.97
282.31
281.56
281.01
280.73
280.76
281.01
281.39
281.78
282.10
282.32
282.46
282.53
282.63
282.79
283.02
283.28
283.56
283.91
284.34
284.83
285.35
285.85
286.26
286.57
286.75
286.84
286.85
286.69
286.33
285.80
285.17
284.50
283.80
283.07
282.35
281.66
281.04
280.57
280.28
280.17
280.19
280.30
280.31
280.16
279.84
279.41
279.08
278.93
278.99
279.19
279.48
279.82
280.17
280.52
280.84
281.13
281.43
281.75
282.10
282.44
282.77
282.82
282.56
281.97
281.19
280.31
279.46
278.71
278.09
277.60
277.22
277.03
277.01
277.16
277.41
277.73
278.18
278.75
279.43
280.16
280.87
281.51
282.05
282.48
282.81
283.05
283.27
283.49
283.72
283.96
284.18
284.29
284.29
284.17
283.97
283.72
283.38
282.94
282.42
281.88
281.34
280.90
280.56
280.35
280.24
280.23
280.30
280.44
280.62
280.83
281.11
281.48
281.92
282.40
282.87
283.26
283.55
283.72
283.81
283.82
283.71
283.47
283.12
282.70
282.27
281.90
281.61
281.44
281.34
281.31
281.35
281.46
281.61
281.80
281.99
282.26
282.61
283.03
283.49
283.94
284.32
284.59
284.75
284.82
284.83
284.73
284.55
284.28
283.98
283.65
283.26
282.80
282.27
281.72
281.20
280.74
280.36
280.08
279.88
279.74
279.69
279.71
279.79
279.91
280.06
280.21
280.36
280.49
280.62
280.83
281.15
281.58
282.07
282.56
282.91
283.06
283.00
282.80
282.51
282.15
281.74
281.30
280.88
280.48
280.28
280.31
280.59
281.01
281.53
282.07
282.61
283.11
283.57
283.96
284.22
284.32
284.26
284.10
283.88
283.59
283.27
282.92
282.57
282.25
281.90
281.52
281.13
280.74
280.37
280.12
280.00
280.03
280.15
280.34
280.53
280.70
280.84
280.95
281.02
281.18
281.44
281.82
282.25
282.67
283.05
283.37
283.63
283.83
283.87
283.74
283.46
283.07
282.64
282.27
282.02
281.89
281.86
281.90
281.90
281.85
281.71
281.52
281.31
281.06
280.79
280.51
280.23
279.97
279.76
279.61
279.53
279.50
279.50
279.53
279.58
279.63
279.69
279.75
279.83
279.93
280.06
280.21
280.35
280.48
280.60
280.71
280.80
280.87
281.04
281.31
281.70
282.15
282.62
282.99
283.24
283.35
283.35
283.28
283.17
283.02
282.87
282.71
282.56
282.43
282.31
282.22
282.14
282.07
282.02
281.99
281.96
281.95
281.91
281.86
281.77
281.67
281.56
281.43
281.27
281.09
280.91
280.74
280.65
280.68
280.82
281.04
281.30
281.51
281.67
281.74
281.75
281.71
281.71
281.74
281.84
281.96
282.11
282.15
282.07
281.84
281.53
281.18
280.90
280.72
280.66
280.69
280.78
280.83
280.81
280.70
280.53
280.33
280.30
280.50
280.93
281.50
282.14
282.85
283.60
284.35
285.08
285.56
285.74
285.62
285.29
284.82
284.35
283.92
283.56
283.29
283.08
282.93
282.83
282.76
282.73
282.73
282.81
283.01
283.30
283.65
284.03
284.26
284.31
284.17
283.91
283.57
283.35
283.31
283.48
283.79
284.18
284.47
284.60
284.56
284.39
284.15
283.89
283.65
283.44
283.27
283.14
283.10
283.14
283.27
283.45
283.66
283.83
283.93
283.95
283.91
283.84
283.85
283.97
284.22
284.54
284.90
285.29
285.69
286.10
286.48
286.68
286.64
286.37
285.94
285.44
284.90
284.36
283.86
283.41
283.02
282.64
282.26
281.87
281.50
281.16
280.80
280.43
280.04
279.66
279.30
279.17
279.29
279.69
280.25
280.89
281.48
281.97
282.31
282.53
282.66
282.68
282.63
282.50
282.33
282.14
282.08
282.18
282.45
282.84
283.27
283.73
284.16
284.57
284.93
285.24
285.34
285.20
284.83
284.31
283.71
283.15
282.67
282.30
282.02
281.82
281.67
281.54
281.42
281.31
281.22
281.14
281.08
281.04
281.00
281.03
281.13
281.30
281.51
281.73
282.07
282.51
283.06
283.66
284.26
284.66
284.83
284.74
284.48
284.11
283.74
283.41
283.16
282.98
282.85
282.69
282.47
282.19
281.87
281.55
281.16
280.71
280.19
279.66
279.14
278.83
278.75
278.92
279.26
279.70
280.15
280.59
280.96
281.28
281.55
281.81
282.08
282.38
282.67
282.95
283.12
283.16
283.08
282.91
282.69
282.55
282.53
282.65
282.86
283.04
283.15
283.17
283.12
283.02
282.85
282.60
282.29
281.94
281.60
281.30
281.06
280.89
280.78
280.71
280.65
280.59
280.51
280.43
280.35
280.36
280.46
280.67
280.94
281.24
281.44
281.50
281.41
281.22
280.97
280.74
280.56
280.46
280.42
280.43
280.62
281.02
281.61
282.32
283.06
283.61
283.89
283.88
283.67
283.32
282.90
282.45
282.01
281.59
281.21
280.93
280.77
280.72
280.75
280.84
280.89
280.86
280.74
280.56
280.36
280.27
280.34
280.59
280.95
281.36
281.79
282.21
282.60
282.95
283.25
283.50
283.70
283.86
283.98
284.06
284.12
284.15
284.16
284.17
284.13
284.06
283.95
283.83
283.70
283.41
282.94
282.30
281.56
280.80
280.28
280.06
280.17
280.51
280.98
281.53
282.10
282.65
283.17
283.62
283.81
283.68
283.23
282.58
281.83
281.20
280.78
280.61
280.61
280.74
280.90
281.04
281.14
281.20
281.23
281.19
281.07
280.87
280.64
280.38
280.24
280.23
280.37
280.61
280.75
280.73
280.51
280.17
279.76
279.41
279.15
279.02
278.98
279.00
279.18
279.51
279.98
280.52
281.09
281.62
282.07
282.44
282.73
282.95
283.00
282.87
282.57
282.18
281.73
281.37
281.16
281.11
281.17
281.32
281.45
281.55
281.59
281.59
281.55
281.55
281.60
281.71
281.86
282.02
282.14
282.18
282.15
282.07
281.95
281.71
281.35
280.86
280.31
279.75
279.31
279.05
278.96
279.02
279.16
279.41
279.75
280.16
280.60
280.93
281.12
281.13
281.03
280.84
280.70
280.63
280.65
280.74
280.87
280.99
281.09
281.16
281.20
281.21
281.18
281.12
281.01
280.88
280.74
280.77
280.98
281.40
281.94
282.54
282.98
283.21
283.20
283.02
282.74
282.44
282.19
282.00
281.86
281.78
281.62
281.38
281.02
280.61
280.18
279.85
279.63
279.56
279.58
279.67
279.83
280.05
280.31
280.58
280.84
281.12
281.40
281.68
281.95
282.19
282.43
282.67
282.91
283.14
283.34
283.52
283.67
283.79
283.89
283.86
283.68
283.36
282.96
282.52
282.13
281.82
281.61
281.49
281.43
281.34
281.19
280.97
280.71
280.44
280.33
280.42
280.73
281.18
281.69
282.04
282.17
282.03
281.72
281.31
280.92
280.61
280.41
280.31
280.27
280.39
280.67
281.09
281.60
282.14
282.59
282.91
283.09
283.16
283.14
283.10
283.05
283.01
282.98
282.96
282.90
282.78
282.60
282.39
282.17
281.90
281.58
281.22
280.85
280.51
280.24
280.04
279.89
279.79
279.74
279.71
279.71
279.72
279.75
279.86
280.06
280.37
280.72
281.09
281.47
281.87
282.26
282.62
282.95
283.11
283.06
282.81
282.44
281.99
281.59
281.30
281.13
281.06
281.06
281.27
281.70
282.33
283.08
283.87
284.48
284.86
284.97
284.89
284.68
284.44
284.22
284.06
283.94
283.86
283.81
283.79
283.78
283.79
283.81
283.72
283.52
283.19
282.78
282.35
281.92
281.52
281.16
280.84
280.65
280.61
280.70
280.89
281.14
281.44
281.77
282.12
282.47
282.80
283.06
283.26
283.38
283.45
283.47
283.43
283.35
283.21
283.05
282.89
282.83
282.90
283.12
283.43
283.78
284.04
284.17
284.14
284.00
283.80
283.65
283.57
283.59
283.68
283.82
283.92
283.97
283.95
283.89
283.80
283.59
283.24
282.78
282.25
281.71
281.29
281.03
280.96
281.01
281.16
281.36
281.59
281.83
282.05
282.26
282.48
282.69
282.92
283.13
283.22
283.16
282.96
282.65
282.30
282.11
282.15
282.44
282.88
283.41
283.95
284.45
284.88
285.25
285.54
285.69
285.69
285.55
285.32
285.03
284.66
284.24
283.77
283.29
282.83
282.39
281.96
281.56
281.19
280.87
280.63
280.46
280.38
280.35
280.36
280.49
280.72
281.06
281.46
281.87
282.25
282.57
282.81
282.99
283.12
283.26
283.42
283.62
283.83
284.04
284.11
284.00
283.71
283.31
282.85
282.38
281.92
281.50
281.12
280.72
280.27
279.79
279.30
278.83
278.57
278.54
278.76
279.14
279.61
279.94
280.05
279.91
279.60
279.20
278.85
278.61
278.52
278.53
278.62
278.68
278.67
278.57
278.42
278.24
278.23
278.44
278.88
279.47
280.12
280.71
281.17
281.49
281.68
281.78
282.00
282.38
282.94
283.61
284.31
284.92
285.39
285.70
285.88
285.96
285.99
286.00
286.00
286.01
286.01
285.96
285.84
285.66
285.45
285.22
284.97
284.70
284.42
284.15
283.90
283.73
283.65
283.67
283.75
283.69
283.43
282.97
282.37
281.72
281.09
280.53
280.05
279.66
279.35
279.33
279.62
280.21
280.99
281.86
282.69
283.42
284.02
284.49
284.85
285.08
285.20
285.22
285.16
285.07
284.91
284.72
284.49
284.25
284.01
283.74
283.43
283.08
282.73
282.39
282.10
281.88
281.73
281.64
281.60
281.56
281.52
281.47
281.40
281.33
281.30
281.29
281.33
281.39
281.47
281.55
281.63
281.71
281.77
281.84
282.02
282.35
282.83
283.39
283.78
283.95
283.86
283.59
283.21
282.82
282.48
282.22
282.02
281.88
281.74
281.57
281.37
281.15
280.94
280.77
280.65
280.58
280.56
280.56
280.62
280.72
280.86
281.01
281.18
281.33
281.48
281.61
281.72
281.82
281.97
282.20
282.51
282.87
283.23
283.44
283.47
283.31
283.02
282.65
282.28
281.94
281.65
281.41
281.22
281.11
281.06
281.07
281.14
281.23
281.30
281.35
281.37
281.36
281.34
281.12
280.67
280.01
279.22
278.65
278.41
278.54
278.92
279.46
280.05
280.64
281.18
281.65
282.06
282.36
282.57
282.69
282.73
282.72
282.71
282.70
282.71
282.73
282.76
282.74
282.66
282.51
282.33
282.13
281.93
281.74
281.57
281.42
281.29
281.16
281.02
280.86
280.71
280.56
280.49
280.48
280.56
280.70
280.86
281.01
281.13
281.20
281.24
281.26
281.42
281.75
282.26
282.87
283.52
283.95
284.09
283.92
283.53
283.02
282.42
281.78
281.13
280.50
280.04
279.76
279.69
279.76
279.93
280.27
280.76
281.38
282.06
282.75
283.33
283.76
284.01
284.14
284.17
284.15
284.12
284.09
284.07
284.04
284.11
284.27
284.52
284.84
285.17
285.40
285.48
285.41
285.22
284.98
284.65
284.25
283.79
283.33
282.87
282.56
282.42
282.46
282.63
282.87
283.12
283.36
283.56
283.73
283.86
283.91
283.86
283.73
283.55
283.34
283.04
282.65
282.19
281.69
281.20
280.87
280.74
280.82
281.05
281.34
281.65
281.93
282.19
282.42
282.63
282.84
283.05
283.25
283.43
283.48
283.38
283.13
282.79
282.40
282.13
282.03
282.12
282.33
282.63
282.77
282.71
282.42
281.98
281.46
281.01
280.70
280.55
280.52
280.58
280.70
280.85
281.02
281.19
281.35
281.50
281.63
281.74
281.83
281.91
282.07
282.34
282.73
283.17
283.63
284.17
284.76
285.40
286.04
286.65
286.85
286.59
285.84
284.79
283.58
282.41
281.37
280.51
279.83
279.44
279.34
279.53
279.89
280.37
280.92
281.52
282.12
282.69
283.22
283.55
283.66
283.54
283.27
282.90
282.46
281.99
281.49
281.01
280.57
280.20
279.92
279.72
279.60
279.54
279.47
279.36
279.22
279.05
278.88
278.79
278.81
278.94
279.14
279.38
279.68
280.05
280.47
280.89
281.30
281.79
282.35
283.00
283.66
284.31
284.82
285.18
285.37
285.43
285.39
285.21
284.90
284.48
283.99
283.49
283.04
282.65
282.34
282.11
282.07
282.24
282.62
283.11
283.67
284.16
284.53
284.76
284.89
284.92
284.88
284.75
284.58
284.37
284.15
283.96
283.81
283.72
283.68
283.66
283.66
283.69
283.72
283.76
283.80
283.73
283.53
283.21
282.81
282.38
282.01
281.72
281.53
281.42
281.38
281.22
280.91
280.43
279.86
279.25
278.95
279.01
279.49
280.22
281.10
281.92
282.61
283.11
283.46
283.68
283.82
283.92
283.99
284.04
284.08
284.07
284.02
283.93
283.82
283.70
283.36
282.78
281.96
281.02
280.11
279.33
278.70
278.23
277.88
277.73
277.76
277.95
278.24
278.60
279.00
279.43
279.87
280.29
280.68
281.05
281.40
281.73
282.03
282.29
282.54
282.78
283.01
283.22
283.42
283.53
283.55
283.49
283.36
283.20
283.10
283.10
283.19
283.36
283.56
283.75
283.92
284.03
284.11
284.16
284.14
284.03
283.85
283.62
283.38
283.02
282.56
281.99
281.38
280.77
280.30
280.01
279.92
279.96
280.10
280.22
280.28
280.25
280.16
280.15
280.24
280.44
280.73
281.05
281.30
281.44
281.47
281.41
281.29
281.30
281.47
281.84
282.32
282.85
283.29
283.58
283.69
283.69
283.59
283.52
283.51
283.58
283.71
283.86
283.98
284.04
284.02
283.96
283.86
283.75
283.63
283.51
283.40
283.30
283.19
283.06
282.91
282.76
282.62
282.43
282.19
281.91
281.61
281.31
281.06
280.87
280.74
280.67
280.63
280.65
280.73
280.85
280.99
281.15
281.22
281.20
281.06
280.86
280.72
280.69
280.80
280.99
281.23
281.44
281.59
281.66
281.68
281.66
281.74
281.95
282.32
282.78
283.27
283.79
284.31
284.82
285.29
285.71
285.94
285.96
285.76
285.42
285.00
284.60
284.26
284.01
283.83
283.71
283.62
283.54
283.45
283.36
283.28
283.19
283.07
282.93
282.78
282.64
282.50
282.38
282.27
282.18
282.11
282.06
282.01
281.98
281.96
281.95
281.92
281.86
281.77
281.67
281.56
281.62
281.86
282.31
282.87
283.52
284.19
284.87
285.51
286.10
286.47
286.62
286.53
286.27
285.92
285.55
285.19
284.87
284.60
284.38
284.13
283.82
283.46
283.07
282.69
282.41
282.26
282.25
282.33
282.48
282.61
282.70
282.72
282.70
282.65
282.60
282.58
282.58
282.61
282.65
282.48
282.07
281.41
280.60
279.73
278.95
278.31
277.85
277.53
277.34
277.34
277.54
277.92
278.40
278.93
279.44
279.89
280.27
280.57
280.81
280.98
281.11
281.19
281.24
281.26
281.26
281.24
281.22
281.19
281.11
280.97
280.76
280.52
280.27
280.19
280.31
280.64
281.11
281.65
282.17
282.66
283.06
283.40
283.67
283.85
283.94
283.96
283.92
283.84
283.63
283.29
282.83
282.30
281.75
281.40
281.31
281.50
281.87
282.35
282.89
283.43
283.94
284.41
284.83
284.97
284.80
284.32
283.65
282.87
282.28
281.96
281.95
282.16
282.51
282.87
283.16
283.36
283.48
283.54
283.58
283.61
283.66
283.71
283.76
283.81
283.85
283.89
283.93
283.87
283.72
283.47
283.16
282.83
282.47
282.11
281.73
281.38
281.06
280.86
280.79
280.86
281.03
281.25
281.36
281.33
281.13
280.82
280.45
280.15
279.94
279.85
279.84
279.90
280.14
280.55
281.13
281.80
282.49
283.08
283.53
283.82
283.98
284.03
283.99
283.87
283.69
283.47
283.23
282.90
282.45
281.91
281.31
280.72
280.26
279.99
279.90
279.95
280.09
280.35
280.70
281.12
281.57
282.01
282.32
282.47
282.44
282.29
281.98
281.54
280.99
280.39
279.79
279.48
279.54
279.98
280.66
281.47
282.26
282.95
283.48
283.89
284.18
284.32
284.32
284.19
283.99
283.74
283.45
283.12
282.78
282.45
282.14
281.89
281.70
281.59
281.53
281.52
281.53
281.57
281.62
281.67
281.73
281.91
282.25
282.74
283.31
283.91
284.46
284.95
285.35
285.66
285.90
285.91
285.68
285.22
284.62
283.95
283.37
282.95
282.71
282.61
282.62
282.56
282.40
282.10
281.73
281.38
281.08
280.87
280.73
280.64
280.60
280.60
280.61
280.65
280.69
280.65
280.53
280.30
280.02
279.72
279.66
279.88
280.42
281.15
281.98
282.61
282.96
283.00
282.82
282.48
282.19
282.02
282.01
282.10
282.27
282.40
282.46
282.42
282.32
282.18
281.96
281.68
281.34
280.97
280.61
280.54
280.81
281.43
282.28
283.23
284.12
284.89
285.49
285.93
286.25
286.43
286.49
286.46
286.36
286.21
285.99
285.71
285.36
284.99
284.63
284.28
283.98
283.71
283.48
283.27
283.07
282.87
282.68
282.52
282.43
282.42
282.50
282.64
282.80
282.91
282.92
282.82
282.66
282.45
282.34
282.35
282.50
282.73
283.02
283.20
283.21
283.05
282.78
282.44
282.31
282.46
282.91
283.55
284.29
284.77
284.89
284.61
284.05
283.34
282.67
282.10
281.70
281.44
281.28
281.35
281.63
282.11
282.71
283.36
283.85
284.12
284.14
283.99
283.73
283.42
283.12
282.84
282.61
282.25
281.75
281.08
280.35
279.60
279.13
278.99
279.21
279.68
280.29
280.78
281.07
281.11
280.97
280.72
280.47
280.29
280.20
280.18
280.21
280.27
280.35
280.45
280.54
280.63
280.74
280.87
281.03
281.18
281.34
281.59
281.95
282.41
282.93
283.46
283.75
283.76
283.45
282.95
282.33
281.80
281.42
281.24
281.21
281.29
281.40
281.53
281.64
281.74
281.83
281.97
282.20
282.51
282.86
283.21
283.51
283.71
283.82
283.85
283.85
283.85
283.85
283.87
283.88
283.95
284.08
284.28
284.51
284.75
284.90
284.95
284.88
284.73
284.53
284.36
284.25
284.22
284.23
284.28
284.20
283.94
283.50
282.95
282.35
282.04
282.11
282.58
283.30
284.17
285.00
285.74
286.32
286.77
287.09
287.12
286.86
286.31
285.59
284.78
284.02
283.34
282.80
282.38
282.06
281.76
281.43
281.08
280.72
280.37
280.27
280.46
280.93
281.59
282.34
283.01
283.53
283.87
284.06
284.13
284.29
284.57
285.00
285.52
285.88
286.02
285.90
285.61
285.21
284.66
283.97
283.16
282.32
281.50
280.87
280.48
280.34
280.38
280.55
280.78
281.01
281.23
281.42
281.59
281.62
281.50
281.23
280.87
280.47
280.07
279.73
279.45
279.23
279.06
279.18
279.62
280.37
281.31
282.32
283.23
283.96
284.47
284.81
285.00
285.03
284.91
284.67
284.37
284.02
283.75
283.59
283.55
283.61
283.72
283.81
283.86
283.84
283.79
283.71
283.62
283.52
283.42
283.33
283.25
283.18
283.12
283.07
283.04
283.14
283.41
283.84
284.37
284.93
285.35
285.59
285.62
285.50
285.28
285.01
284.71
284.41
284.12
283.86
283.58
283.27
282.93
282.59
282.27
282.05
281.97
282.02
282.16
282.35
282.47
282.48
282.35
282.13
281.87
281.77
281.88
282.24
282.74
283.32
283.63
283.59
283.15
282.46
281.64
280.94
280.47
280.28
280.29
280.44
280.68
280.98
281.29
281.60
281.89
282.19
282.47
282.76
283.02
283.18
283.21
283.12
282.94
282.71
282.43
282.12
281.79
281.46
281.15
280.95
280.89
280.95
281.10
281.31
281.47
281.54
281.51
281.41
281.26
281.12
280.99
280.91
280.86
280.83
280.97
281.32
281.87
282.52
283.22
283.89
284.48
284.98
285.38
285.70
285.80
285.68
285.35
284.88
284.35
283.80
283.26
282.76
282.32
281.94
281.70
281.62
281.69
281.86
282.09
282.28
282.38
282.38
282.31
282.18
282.11
282.13
282.23
282.41
282.45
282.32
282.00
281.57
281.07
280.66
280.40
280.30
280.32
280.42
280.63
280.93
281.31
281.71
282.12
282.43
282.60
282.64
282.58
282.46
282.29
282.10
281.91
281.73
281.57
281.42
281.29
281.19
281.11
281.04
281.10
281.30
281.64
282.05
282.50
282.84
283.03
283.06
282.97
282.80
282.64
282.52
282.46
282.45
282.47
282.43
282.32
282.11
281.85
281.58
281.38
281.28
281.31
281.42
281.58
281.69
281.71
281.64
281.50
281.38
281.30
281.28
281.30
281.36
281.51
281.76
282.12
282.52
282.93
283.30
283.61
283.85
284.03
284.15
284.28
284.44
284.63
284.84
285.05
285.14
285.09
284.89
284.59
284.25
283.80
283.28
282.68
282.06
281.47
281.03
280.77
280.71
280.79
280.96
281.16
281.37
281.54
281.69
281.81
281.96
282.14
282.37
282.62
282.87
283.05
283.14
283.15
283.10
283.00
282.93
282.91
282.96
283.04
283.16
283.20
283.15
283.01
282.80
282.47
282.05
281.53
280.98
280.44
280.17
280.22
280.62
281.24
281.99
282.67
283.22
283.59
283.82
283.94
283.92
283.77
283.52
283.21
282.88
282.54
282.23
281.94
281.69
281.47
281.30
281.16
281.05
280.98
280.92
280.81
280.62
280.35
280.03
279.70
279.46
279.33
279.33
279.42
279.57
279.75
279.94
280.13
280.31
280.48
280.56
280.57
280.49
280.35
280.19
280.09
280.08
280.17
280.34
280.54
280.79
281.07
281.37
281.67
281.94
282.17
282.33
282.43
282.47
282.37
282.12
281.72
281.25
280.74
280.40
280.27
280.38
280.65
281.02
281.41
281.78
282.11
282.38
282.61
282.87
283.18
283.55
283.94
284.32
284.49
284.41
284.06
283.55
282.95
282.40
281.95
281.64
281.44
281.33
281.45
281.80
282.38
283.09
283.84
284.44
284.80
284.91
284.83
284.62
284.20
283.59
282.81
281.95
281.08
280.31
279.68
279.19
278.84
278.61
278.54
278.64
278.89
279.23
279.62
280.04
280.49
280.93
281.35
281.63
281.74
281.67
281.47
281.21
280.85
280.42
279.93
279.44
278.96
278.65
278.55
278.66
278.92
279.27
279.73
280.30
280.95
281.62
282.28
282.80
283.16
283.35
283.42
283.38
283.31
283.24
283.17
283.11
283.07
283.03
283.00
282.99
282.97
282.97
282.99
283.05
283.14
283.25
283.36
283.48
283.59
283.69
283.77
283.85
283.88
283.87
283.81
283.73
283.64
283.45
283.18
282.82
282.42
282.01
281.69
281.50
281.44
281.49
281.71
282.09
282.62
283.23
283.86
284.30
284.52
284.48
284.27
283.95
283.59
283.24
282.93
282.66
282.44
282.15
281.78
281.32
280.82
280.32
279.87
279.50
279.21
278.99
278.84
278.83
278.95
279.19
279.51
279.87
280.27
280.67
281.08
281.47
281.83
282.11
282.32
282.45
282.51
282.53
282.46
282.31
282.08
281.81
281.52
281.48
281.73
282.29
283.05
283.90
284.49
284.75
284.63
284.24
283.69
283.13
282.64
282.26
281.98
281.79
281.66
281.59
281.57
281.57
281.68
281.89
282.20
282.57
282.96
283.34
283.70
284.02
284.29
284.53
284.61
284.52
284.28
283.93
283.53
283.19
282.96
282.85
282.84
282.89
282.96
283.03
283.07
283.10
283.11
283.11
283.11
283.10
283.09
283.08
283.06
283.05
283.04
283.03
283.02
282.91
282.67
282.31
281.88
281.43
281.00
280.64
280.35
280.13
279.97
279.86
279.79
279.75
279.73
279.74
279.84
280.03
280.33
280.68
281.00
281.25
281.41
281.50
281.54
281.69
282.01
282.49
283.08
283.69
284.28
284.79
285.22
285.56
285.82
285.98
286.06
286.06
286.00
285.91
285.74
285.50
285.20
284.87
284.54
284.20
283.86
283.52
283.20
282.91
282.69
282.54
282.45
282.42
282.43
282.36
282.19
281.90
281.54
281.15
280.92
280.90
281.11
281.46
281.89
282.20
282.33
282.24
282.01
281.68
281.36
281.09
280.90
280.77
280.69
280.92
281.48
282.39
283.48
284.41
285.05
285.34
285.36
285.20
285.05
284.98
285.04
285.18
285.38
285.53
285.59
285.55
285.44
285.28
285.00
284.58
284.05
283.46
282.86
282.42
282.18
282.17
282.31
282.55
282.72
282.76
282.64
282.41
282.12
281.81
281.49
281.19
280.92
280.67
280.49
280.38
280.34
280.34
280.38
280.49
280.68
280.93
281.22
281.52
281.73
281.82
281.79
281.67
281.50
281.38
281.34
281.40
281.53
281.70
281.83
281.91
281.92
281.87
281.79
281.77
281.84
282.00
282.22
282.34
282.31
282.11
281.81
281.44
281.03
280.59
280.15
279.72
279.33
279.09
279.03
279.14
279.37
279.68
280.01
280.35
280.68
280.98
281.25
281.45
281.58
281.64
281.64
281.61
281.56
281.49
281.42
281.35
281.28
281.16
280.99
280.76
280.51
280.25
280.19
280.37
280.79
281.36
282.02
282.68
283.33
283.93
284.45
284.91
285.04
284.83
284.26
283.47
282.58
281.78
281.17
280.79
280.58
280.52
280.49
280.48
280.44
280.39
280.45
280.62
280.92
281.30
281.70
282.14
282.58
283.03
283.44
283.81
284.06
284.16
284.12
283.97
283.77
283.42
282.94
282.34
281.69
281.04
280.52
280.19
280.05
280.06
280.17
280.42
280.80
281.30
281.84
282.39
282.73
282.80
282.60
282.21
281.72
281.20
280.70
280.26
279.89
279.58
279.49
279.64
280.04
280.58
281.19
281.77
282.27
282.66
282.95
283.16
283.30
283.38
283.41
283.41
283.39
283.41
283.48
283.61
283.78
283.99
284.23
284.49
284.76
285.01
285.10
285.02
284.74
284.35
283.90
283.50
283.22
283.05
282.99
283.00
283.01
282.99
282.92
282.82
282.71
282.59
282.48
282.38
282.28
282.20
282.13
282.08
282.04
282.01
281.98
281.89
281.71
281.44
281.12
280.78
280.50
280.30
280.21
280.18
280.20
280.32
280.51
280.78
281.09
281.41
281.58
281.58
281.39
281.07
280.69
280.32
280.03
279.82
279.68
279.60
279.57
279.57
279.59
279.63
279.70
279.81
279.95
280.10
280.26
280.59
281.13
281.87
282.72
283.60
284.29
284.73
284.89
284.85
284.67
284.35
283.92
283.41
282.86
282.33
281.86
281.47
281.17
280.96
280.80
280.82
280.99
281.33
281.77
282.24
282.73
283.18
283.60
283.97
284.28
284.43
284.41
284.21
283.90
283.53
283.16
282.82
282.54
282.32
282.15
281.96
281.76
281.52
281.27
281.03
280.88
280.85
280.95
281.13
281.35
281.62
281.93
282.25
282.57
282.74
282.72
282.51
282.18
281.77
281.31
280.83
280.34
279.87
279.44
279.22
279.25
279.52
279.95
280.46
281.09
281.81
282.59
283.38
284.12
284.61
284.79
284.67
284.33
283.87
283.41
283.03
282.76
282.59
282.49
282.52
282.70
282.99
283.36
283.76
284.00
284.03
283.84
283.50
283.08
282.70
282.40
282.23
282.15
282.14
282.15
282.17
282.17
282.16
282.14
282.07
281.94
281.74
281.51
281.27
281.08
280.98
280.96
281.00
281.13
281.35
281.65
281.99
282.33
282.52
282.54
282.36
282.05
281.68
281.40
281.28
281.35
281.53
281.79
282.09
282.41
282.71
282.99
283.24
283.41
283.47
283.44
283.34
283.20
283.20
283.37
283.74
284.23
284.77
285.19
285.43
285.47
285.37
285.17
284.84
284.38
283.83
283.24
282.65
282.12
281.68
281.33
281.07
280.89
280.87
281.02
281.34
281.76
282.23
282.63
282.91
283.06
283.11
283.08
282.98
282.82
282.61
282.37
282.13
281.93
281.78
281.69
281.64
281.65
281.72
281.83
281.98
282.13
282.29
282.43
282.57
282.68
282.78
282.92
283.09
283.32
283.57
283.82
283.93
283.86
283.60
283.23
282.80
282.40
282.07
281.84
281.68
281.59
281.49
281.37
281.22
281.04
280.86
280.80
280.87
281.09
281.40
281.75
282.07
282.31
282.47
282.55
282.58
282.57
282.53
282.48
282.41
282.35
282.20
281.97
281.65
281.28
280.90
280.51
280.11
279.72
279.35
279.02
278.93
279.09
279.52
280.11
280.66
281.07
281.30
281.40
281.39
281.28
281.10
280.85
280.59
280.31
280.13
280.07
280.12
280.26
280.45
280.72
281.06
281.45
281.87
282.27
282.59
282.81
282.92
282.95
282.92
282.93
283.01
283.17
283.38
283.61
283.90
284.25
284.63
285.03
285.42
285.64
285.66
285.49
285.18
284.79
284.50
284.37
284.41
284.59
284.83
284.88
284.67
284.16
283.48
282.71
282.13
281.82
281.83
282.06
282.43
282.72
282.86
282.80
282.62
282.42
282.28
282.22
282.22
282.26
282.27
282.24
282.15
282.03
281.89
281.85
281.94
282.16
282.47
282.82
283.10
283.28
283.34
283.31
283.22
283.06
282.85
282.61
282.35
282.10
281.89
281.74
281.64
281.60
281.59
281.63
281.72
281.85
282.00
282.16
282.24
282.21
282.08
281.87
281.63
281.37
281.11
280.88
280.66
280.48
280.38
280.36
280.44
280.58
280.76
281.10
281.64
282.35
283.15
283.97
284.60
284.99
285.09
285.01
284.84
284.65
284.48
284.33
284.22
284.20
284.30
284.52
284.80
285.11
285.25
285.16
284.82
284.32
283.74
283.16
282.63
282.17
281.78
281.47
281.20
280.96
280.74
280.54
280.38
280.30
280.30
280.40
280.55
280.74
280.96
281.21
281.48
281.76
282.01
282.25
282.45
282.62
282.76
282.87
282.99
283.10
283.24
283.37
283.50
283.50
283.38
283.11
282.75
282.36
282.03
281.82
281.73
281.74
281.81
281.98
282.23
282.55
282.91
283.19
283.37
283.42
283.38
283.27
283.21
283.23
283.33
283.49
283.69
283.76
283.68
283.42
283.06
282.64
282.29
282.04
281.92
281.89
281.93
282.07
282.29
282.60
282.94
283.29
283.49
283.51
283.34
283.04
282.67
282.40
282.28
282.35
282.53
282.79
282.96
282.99
282.85
282.60
282.28
282.02
281.85
281.79
281.81
281.89
282.06
282.31
282.63
282.98
283.33
283.45
283.30
282.86
282.23
281.52
280.99
280.72
280.77
281.02
281.42
281.94
282.54
283.21
283.88
284.38
284.67
284.73
284.63
284.42
284.16
283.91
283.69
283.49
283.33
283.31
283.43
283.71
284.08
284.50
284.79
284.91
284.84
284.64
284.36
284.01
283.62
283.20
282.79
282.41
282.17
282.11
282.21
282.44
282.73
282.92
282.97
282.84
282.60
282.30
282.01
281.78
281.64
281.55
281.52
281.44
281.29
281.07
280.80
280.52
280.29
280.14
280.08
280.09
280.15
280.31
280.58
280.96
281.38
281.82
282.27
282.72
283.15
283.56
283.94
284.31
284.66
284.98
285.25
285.48
285.68
285.83
285.94
286.03
286.00
285.87
285.62
285.30
284.96
284.67
284.45
284.33
284.29
284.29
284.30
284.31
284.30
284.27
284.24
283.99
283.50
282.75
281.87
280.93
280.15
279.58
279.25
279.12
279.13
279.28
279.57
279.95
280.38
280.82
281.38
282.06
282.85
283.68
284.50
285.07
285.34
285.30
285.05
284.65
284.34
284.18
284.22
284.40
284.66
284.89
285.04
285.10
285.07
284.95
284.73
284.43
284.09
283.74
283.48
283.34
283.33
283.41
283.56
283.68
283.76
283.77
283.74
283.68
283.68
283.76
283.94
284.18
284.44
284.63
284.71
284.68
284.57
284.40
284.24
284.10
284.00
283.93
283.88
283.77
283.59
283.32
283.01
282.69
282.37
282.07
281.81
281.58
281.39
281.34
281.45
281.71
282.08
282.49
282.83
283.06
283.17
283.18
283.13
283.06
282.99
282.95
282.92
282.90
282.87
282.81
282.73
282.63
282.42
282.09
281.65
281.14
280.61
280.34
280.39
280.78
281.38
282.11
282.66
282.96
282.96
282.75
282.40
282.00
281.60
281.23
280.91
280.64
280.46
280.40
280.44
280.55
280.70
280.96
281.32
281.77
282.25
282.74
283.12
283.37
283.47
283.46
283.38
283.33
283.34
283.44
283.59
283.77
283.86
283.82
283.64
283.38
283.06
282.84
282.74
282.80
282.96
283.17
283.37
283.52
283.59
283.61
283.59
283.57
283.57
283.59
283.63
283.51
283.22
282.73
282.14
281.50
280.90
280.36
279.90
279.54
279.26
279.10
279.06
279.14
279.29
279.49
279.76
280.10
280.49
280.90
281.30
281.70
282.09
282.46
282.80
283.11
283.29
283.34
283.24
283.06
282.82
282.61
282.45
282.37
282.35
282.37
282.47
282.65
282.90
283.19
283.49
283.70
283.79
283.77
283.65
283.48
283.26
283.00
282.70
282.41
282.13
281.79
281.39
280.93
280.45
279.98
279.73
279.75
280.04
280.51
280.97
281.35
281.60
281.74
281.80
281.85
281.92
282.03
282.16
282.29
282.50
282.80
283.18
283.59
284.01
284.12
283.85
283.19
282.29
281.27
280.38
279.71
279.31
279.12
279.09
278.98
278.73
278.30
277.77
277.20
276.74
276.42
276.29
276.29
276.38
276.63
277.05
277.60
278.22
278.86
279.61
280.46
281.41
282.37
283.30
284.19
285.05
285.87
286.60
287.25
287.71
287.99
288.07
288.02
287.88
287.57
287.11
286.52
285.86
285.22
284.64
284.14
283.73
283.41
283.21
283.14
283.19
283.33
283.51
283.61
283.59
283.44
283.21
282.93
282.65
282.41
282.22
282.07
281.97
281.87
281.77
281.65
281.54
281.43
281.28
281.08
280.82
280.55
280.27
280.12
280.11
280.26
280.51
280.82
281.13
281.40
281.63
281.80
281.94
282.04
282.10
282.14
282.16
282.17
282.27
282.49
282.83
283.24
283.67
284.10
284.50
284.86
285.18
285.44
285.39
284.98
284.22
283.25
282.36
281.68
281.28
281.09
281.05
281.06
281.04
280.97
280.88
280.76
280.72
280.77
280.93
281.15
281.40
281.66
281.92
282.16
282.37
282.55
282.73
282.91
283.09
283.27
283.43
283.55
283.62
283.63
283.61
283.56
283.39
283.09
282.66
282.16
281.64
281.25
281.01
280.95
281.02
281.17
281.29
281.35
281.32
281.23
281.10
281.00
280.96
280.99
281.06
281.16
281.22
281.23
281.17
281.06
280.93
280.92
281.07
281.38
281.79
282.25
282.62
282.84
282.89
282.83
282.61
282.25
281.77
281.23
280.68
280.26
280.00
279.93
279.99
280.14
280.37
280.66
280.99
281.32
281.65
281.87
281.96
281.93
281.80
281.61
281.45
281.33
281.29
281.30
281.34
281.49
281.74
282.09
282.49
282.90
283.28
283.59
283.84
284.02
284.14
284.09
283.84
283.42
282.88
282.30
281.92
281.83
282.04
282.45
282.98
283.46
283.83
284.04
284.13
284.14
283.95
283.56
282.99
282.33
281.63
280.98
280.40
279.92
279.53
279.34
279.35
279.55
279.87
280.27
280.61
280.86
280.99
281.02
280.99
281.03
281.16
281.40
281.71
282.05
282.34
282.55
282.66
282.71
282.71
282.48
282.01
281.31
280.48
279.61
278.96
278.62
278.61
278.84
279.23
279.62
279.95
280.19
280.34
280.43
280.58
280.81
281.15
281.53
281.94
282.25
282.44
282.50
282.46
282.35
282.21
282.04
281.87
281.70
281.54
281.33
281.04
280.67
280.27
279.87
279.54
279.31
279.19
279.14
279.26
279.55
279.98
280.51
281.06
281.63
282.20
282.74
283.25
283.69
284.05
284.31
284.48
284.57
284.60
284.43
284.05
283.46
282.75
282.00
281.37
280.91
280.64
280.53
280.53
280.77
281.24
281.93
282.74
283.59
284.29
284.77
285.02
285.08
285.02
284.84
284.57
284.25
283.90
283.56
283.23
282.94
282.68
282.47
282.29
282.23
282.30
282.49
282.76
283.07
283.22
283.19
282.94
282.56
282.10
281.69
281.38
281.20
281.11
281.13
281.22
281.39
281.59
281.80
282.12
282.56
283.10
283.69
284.27
284.67
284.84
284.74
284.48
284.11
283.79
283.58
283.51
283.53
283.63
283.67
283.60
283.42
283.16
282.86
282.53
282.17
281.81
281.46
281.13
280.98
281.02
281.26
281.62
282.06
282.47
282.82
283.07
283.24
283.35
283.48
283.67
283.93
284.22
284.52
284.68
284.66
284.45
284.11
283.72
283.42
283.29
283.34
283.52
283.78
284.16
284.64
285.21
285.82
286.30
286.63
286.77
286.77
286.68
286.42
286.00
285.44
284.81
284.16
283.49
282.80
282.12
281.47
280.89
280.54
280.45
280.63
280.99
281.46
281.95
282.42
282.83
283.18
283.47
283.62
283.63
283.49
283.26
282.98
282.62
282.21
281.74
281.27
280.82
280.54
280.46
280.60
280.87
281.23
281.55
281.79
281.91
281.95
281.92
281.86
281.76
281.66
281.55
281.44
281.27
281.01
280.66
280.28
279.89
279.54
279.26
279.04
278.89
278.79
278.70
278.62
278.53
278.43
278.56
278.94
279.58
280.37
281.23
281.85
282.14
282.07
281.75
281.27
280.89
280.70
280.75
280.95
281.25
281.51
281.66
281.68
281.60
281.46
281.31
281.18
281.07
281.00
280.94
280.91
280.89
280.88
280.88
280.89
280.98
281.17
281.45
281.78
282.13
282.51
282.89
283.27
283.63
283.95
284.26
284.56
284.85
285.11
285.34
285.43
285.36
285.14
284.81
284.43
284.12
283.90
283.81
283.81
283.87
283.92
283.94
283.90
283.82
283.67
283.45
283.16
282.85
282.53
282.30
282.19
282.21
282.32
282.49
282.55
282.48
282.24
281.89
281.50
281.06
280.61
280.15
279.71
279.31
279.10
279.09
279.29
279.63
280.05
280.58
281.20
281.90
282.60
283.28
283.73
283.94
283.87
283.61
283.24
282.89
282.61
282.43
282.34
282.31
282.46
282.79
283.30
283.91
284.56
285.12
285.54
285.81
285.95
286.00
285.99
285.92
285.83
285.71
285.60
285.35
284.96
284.42
283.81
283.12
282.39
281.64
280.93
280.27
279.71
279.27
278.95
278.72
278.58
278.58
278.73
279.00
279.36
279.75
280.22
280.77
281.38
282.00
282.59
283.06
283.37
283.51
283.53
283.47
283.34
283.18
283.00
282.83
282.66
282.40
282.04
281.57
281.05
280.52
280.15
279.97
280.01
280.20
280.48
280.87
281.33
281.85
282.39
282.90
283.37
283.79
284.15
284.44
284.68
284.86
285.00
285.10
285.16
285.19
285.15
285.04
284.85
284.61
284.34
284.03
283.71
283.39
283.10
282.91
282.85
282.93
283.09
283.30
283.55
283.79
284.03
284.25
284.44
284.55
284.58
284.51
284.38
284.21
283.98
283.69
283.33
282.96
282.60
282.31
282.12
282.03
282.02
282.07
282.10
282.08
282.02
281.92
281.80
281.75
281.80
281.95
282.17
282.41
282.70
283.01
283.33
283.65
283.94
284.15
284.26
284.27
284.21
284.11
283.97
283.83
283.68
283.54
283.41
283.33
283.29
283.31
283.35
283.44
283.58
283.75
283.94
284.12
284.17
284.04
283.74
283.33
282.86
282.33
281.75
281.14
280.55
280.00
279.53
279.16
278.90
278.71
278.60
278.62
278.78
279.06
279.42
279.80
280.08
280.22
280.20
280.07
279.87
279.70
279.62
279.63
279.72
279.84
279.97
280.07
280.14
280.18
280.20
280.25
280.36
280.52
280.71
280.92
281.12
281.31
281.47
281.62
281.74
281.82
281.84
281.81
281.74
281.66
281.72
281.97
282.41
282.97
283.49
283.93
284.24
284.44
284.56
284.51
284.28
283.90
283.42
282.90
282.49
282.23
282.14
282.18
282.30
282.37
282.35
282.21
281.99
281.73
281.62
281.69
281.97
282.39
282.87
283.27
283.53
283.64
283.62
283.53
283.43
283.37
283.36
283.38
283.43
283.50
283.57
283.65
283.72
283.78
283.76
283.64
283.41
283.12
282.81
282.54
282.35
282.26
282.23
282.25
282.33
282.47
282.64
282.84
283.04
283.07
282.90
282.52
282.01
281.55
281.19
280.99
280.90
280.89
281.11
281.55
282.20
282.97
283.78
284.38
284.72
284.75
284.58
284.27
283.90
283.53
283.18
282.88
282.62
282.54
282.65
282.97
283.40
283.90
284.30
284.57
284.68
284.66
284.56
284.33
283.97
283.51
283.00
282.48
281.93
281.36
280.79
280.23
279.72
279.36
279.15
279.10
279.17
279.31
279.37
279.30
279.07
278.75
278.37
278.15
278.11
278.30
278.62
279.03
279.48
279.92
280.35
280.73
281.07
281.36
281.59
281.78
281.92
282.03
282.10
282.14
282.17
282.17
282.17
282.16
282.14
282.12
282.10
282.11
282.15
282.22
282.31
282.42
282.41
282.28
282.01
281.66
281.28
280.99
280.84
280.86
280.98
281.17
281.46
281.83
282.25
282.69
283.13
283.61
284.15
284.73
285.31
285.86
286.34
286.72
287.00
287.20
287.32
287.34
287.26
287.08
286.84
286.58
286.12
285.46
284.60
283.64
282.67
281.90
281.39
281.17
281.17
281.32
281.63
282.04
282.55
283.09
283.46
283.62
283.53
283.29
282.94
282.72
282.71
282.93
283.30
283.75
284.06
284.15
284.00
283.67
283.25
282.86
282.55
282.36
282.26
282.23
282.15
281.97
281.69
281.35
280.98
280.78
280.79
281.01
281.39
281.84
282.22
282.48
282.58
282.56
282.47
282.38
282.32
282.32
282.35
282.41
282.51
282.64
282.81
282.99
283.17
283.24
283.16
282.94
282.63
282.27
282.00
281.87
281.89
282.02
282.21
282.34
282.35
282.24
282.04
281.90
281.86
281.94
282.11
282.33
282.52
282.65
282.71
282.71
282.68
282.64
282.62
282.63
282.66
282.69
282.76
282.86
282.99
283.14
283.29
283.35
283.31
283.15
282.93
282.67
282.48
282.39
282.41
282.51
282.66
282.76
282.77
282.68
282.54
282.35
282.09
281.77
281.40
281.01
280.63
280.33
280.13
280.04
280.02
280.06
280.12
280.16
280.18
280.19
280.18
280.22
280.32
280.48
280.67
280.87
281.00
281.02
280.92
280.76
280.65
280.65
280.77
280.98
281.23
281.42
281.52
281.51
281.42
281.28
281.20
281.19
281.29
281.44
281.64
281.79
281.89
281.90
281.87
281.80
281.76
281.77
281.84
281.96
282.09
282.18
282.21
282.16
282.07
281.95
281.78
281.59
281.36
281.13
280.91
280.66
280.36
280.03
279.69
279.36
279.16
279.12
279.25
279.48
279.78
280.14
280.53
280.93
281.32
281.69
281.91
281.96
281.84
281.60
281.30
281.09
281.04
281.16
281.40
281.75
282.21
282.72
283.26
283.79
284.22
284.54
284.73
284.83
284.85
284.82
284.76
284.67
284.58
284.48
284.41
284.38
284.39
284.44
284.49
284.46
284.30
284.01
283.65
283.25
282.91
282.65
282.48
282.39
282.36
282.32
282.25
282.13
281.99
281.84
281.74
281.71
281.76
281.86
281.99
282.16
282.37
282.60
282.84
283.07
283.17
283.13
282.93
282.63
282.29
282.00
281.81
281.75
281.77
281.85
281.91
281.93
281.90
281.83
281.65
281.38
281.00
280.58
280.14
279.80
279.59
279.52
279.54
279.64
279.83
280.11
280.46
280.84
281.22
281.56
281.83
282.03
282.17
282.26
282.28
282.24
282.14
282.02
281.87
281.78
281.75
281.80
281.90
282.02
282.22
282.48
282.79
283.13
283.47
283.71
283.82
283.81
283.70
283.53
283.17
282.62
281.88
281.04
280.19
279.55
279.20
279.15
279.33
279.64
279.99
280.32
280.58
280.79
280.95
281.25
281.72
282.39
283.16
283.96
284.60
285.03
285.23
285.24
285.00
284.52
283.84
283.05
282.23
281.53
281.01
280.70
280.56
280.53
280.64
280.88
281.21
281.59
281.98
282.37
282.72
283.04
283.32
283.55
283.54
283.29
282.77
282.10
281.36
280.71
280.22
279.92
279.76
279.72
279.68
279.60
279.46
279.28
279.09
279.11
279.39
279.93
280.64
281.42
282.11
282.64
282.97
283.16
283.22
283.18
283.04
282.84
282.60
282.34
282.04
281.69
281.30
280.91
280.53
280.37
280.46
280.83
281.36
281.87
282.29
282.57
282.73
282.81
282.82
282.78
282.72
282.63
282.54
282.60
282.86
283.31
283.88
284.50
284.90
285.03
284.86
284.47
283.96
283.42
282.90
282.43
282.03
281.69
281.50
281.45
281.56
281.77
282.03
282.27
282.44
282.54
282.59
282.58
282.52
282.42
282.26
282.09
281.91
281.73
281.57
281.43
281.30
281.20
281.12
281.05
281.01
280.97
280.95
281.02
281.18
281.45
281.77
282.12
282.38
282.53
282.56
282.49
282.44
282.45
282.54
282.68
282.85
282.95
282.96
282.86
282.69
282.48
282.28
282.11
281.99
281.90
281.85
281.84
281.89
281.98
282.10
282.23
282.34
282.41
282.43
282.43
282.40
282.34
282.23
282.09
281.94
281.78
281.60
281.40
281.19
280.97
280.77
280.64
280.60
280.64
280.74
280.88
281.12
281.46
281.88
282.34
282.81
283.12
283.24
283.15
282.92
282.60
282.21
281.78
281.33
280.89
280.48
280.17
279.97
279.88
279.88
280.07
280.46
281.02
281.69
282.38
283.09
283.78
284.44
285.03
285.56
286.00
286.37
286.66
286.88
287.04
287.07
286.97
286.74
286.43
286.08
285.65
285.14
284.56
283.96
283.38
282.93
282.63
282.50
282.48
282.55
282.65
282.75
282.84
282.91
282.96
283.00
283.03
283.04
283.05
283.06
283.11
283.22
283.40
283.60
283.82
283.91
283.82
283.56
283.19
282.75
282.30
281.86
281.46
281.09
280.78
280.76
281.07
281.70
282.54
283.21
283.58
283.60
283.37
282.97
282.59
282.29
282.11
282.04
282.04
282.01
281.92
281.76
281.55
281.32
281.12
280.95
280.84
280.77
280.73
280.67
280.56
280.40
280.22
280.02
279.86
279.73
279.66
279.63
279.63
279.73
279.93
280.24
280.60
280.98
281.31
281.54
281.68
281.74
281.74
281.65
281.47
281.21
280.91
280.60
280.41
280.35
280.46
280.67
280.94
281.21
281.46
281.66
281.82
281.94
282.08
282.26
282.47
282.71
282.81
282.74
282.49
282.13
281.71
281.41
281.26
281.31
281.49
281.75
282.07
282.45
282.84
283.24
283.61
283.92
284.15
284.30
284.40
284.44
284.42
284.34
284.22
284.07
283.90
283.69
283.42
283.10
282.76
282.44
282.10
281.77
281.44
281.13
280.86
280.70
280.67
280.78
280.97
281.21
281.34
281.32
281.13
280.83
280.47
280.14
279.87
279.69
279.58
279.53
279.59
279.78
280.09
280.46
280.85
281.27
281.69
282.12
282.51
282.82
283.01
283.10
283.10
283.04
282.91
282.74
282.52
282.29
282.06
281.97
282.06
282.33
282.72
283.17
283.58
283.92
284.16
284.32
284.41
284.43
284.38
284.27
284.13
283.97
283.83
283.73
283.67
283.65
283.65
283.62
283.54
283.40
283.22
283.04
282.85
282.68
282.52
282.38
282.26
282.22
282.25
282.37
282.55
282.74
282.84
282.81
282.64
282.38
282.07
281.88
281.84
281.98
282.25
282.58
282.96
283.39
283.82
284.24
284.50
284.56
284.41
284.12
283.75
283.40
283.11
282.90
282.75
282.67
282.65
282.70
282.80
282.94
283.09
283.16
283.14
283.01
282.81
282.58
282.41
282.33
282.37
282.48
282.64
282.86
283.10
283.38
283.66
283.93
284.09
284.14
284.05
283.89
283.67
283.45
283.26
283.12
283.01
282.93
282.88
282.85
282.84
282.84
282.85
282.94
283.13
283.42
283.76
284.11
284.30
284.29
284.05
283.66
283.20
282.78
282.46
282.26
282.17
282.14
281.98
281.65
281.11
280.46
280.03
279.92
280.16
280.65
281.27
281.94
282.58
283.16
283.66
284.09
284.30
284.29
284.05
283.67
283.20
282.73
282.30
281.92
281.61
281.36
281.14
280.93
280.74
280.57
280.42
280.45
280.68
281.14
281.71
282.35
282.93
283.42
283.80
284.08
284.27
284.28
284.11
283.77
283.33
282.85
282.52
282.39
282.50
282.76
283.11
283.43
283.68
283.81
283.86
283.85
283.77
283.64
283.45
283.25
283.04
282.75
282.39
281.96
281.50
281.20
281.12
281.26
281.57
281.96
282.32
282.60
282.76
282.83
282.84
282.77
282.64
282.46
282.26
282.05
281.88
281.75
281.67
281.63
281.62
281.64
281.67
281.71
281.75
281.80
281.89
282.04
282.25
282.50
282.75
282.75
282.45
281.85
281.06
280.18
279.48
279.03
278.87
278.92
279.13
279.56
280.19
281.00
281.88
282.78
283.58
284.24
284.75
285.11
285.36
285.41
285.27
284.94
284.49
284.00
283.51
283.08
282.72
282.43
282.26
282.20
282.26
282.39
282.57
282.72
282.81
282.83
282.80
282.74
282.63
282.48
282.29
282.09
281.90
281.71
281.54
281.39
281.27
281.17
281.01
280.78
280.46
280.11
279.76
279.60
279.68
280.03
280.53
281.13
281.72
282.28
282.76
283.16
283.49
283.72
283.85
283.90
283.89
283.83
283.59
283.14
282.51
281.76
280.99
280.34
279.87
279.60
279.48
279.48
279.54
279.61
279.69
279.76
279.82
279.87
279.91
279.95
279.98
280.16
280.52
281.06
281.71
282.39
283.06
283.69
284.25
284.74
285.15
285.35
285.32
285.07
284.68
284.21
283.68
283.13
282.57
282.04
281.57
281.20
280.96
280.85
280.83
280.88
280.95
281.01
281.06
281.08
281.10
281.13
281.19
281.27
281.37
281.47
281.70
282.08
282.61
283.22
283.84
284.26
284.42
284.30
283.98
283.55
283.05
282.54
282.05
281.60
281.19
280.92
280.81
280.84
280.98
281.19
281.48
281.85
282.28
282.72
283.18
283.64
284.09
284.51
284.88
285.04
284.96
284.64
284.17
283.62
283.09
282.63
282.28
282.02
281.83
281.77
281.81
281.96
282.17
282.42
282.68
282.93
283.16
283.37
283.55
283.67
283.74
283.74
283.71
283.64
283.54
283.40
283.22
283.03
282.85
282.64
282.43
282.20
281.98
281.77
281.58
281.42
281.28
281.17
281.08
281.13
281.31
281.63
282.04
282.49
282.72
282.68
282.35
281.84
281.22
280.74
280.49
280.50
280.70
280.93
281.14
281.28
281.36
281.40
281.45
281.55
281.70
281.87
282.05
282.20
282.31
282.37
282.39
282.38
282.44
282.58
282.80
283.08
283.37
283.51
283.44
283.15
282.73
282.24
281.80
281.46
281.25
281.15
281.12
281.17
281.30
281.47
281.68
281.89
282.07
282.21
282.30
282.34
282.35
282.50
282.82
283.32
283.92
284.56
285.01
285.20
285.11
284.82
284.42
284.01
283.64
283.35
283.12
282.96
282.77
282.52
282.22
281.89
281.47
280.98
280.43
279.86
279.30
278.98
278.92
279.16
279.58
280.11
280.64
281.11
281.49
281.78
281.99
282.17
282.33
282.47
282.60
282.72
282.81
282.89
282.94
282.99
283.02
283.07
283.14
283.23
283.34
283.45
283.43
283.24
282.88
282.42
281.92
281.57
281.43
281.52
281.77
282.12
282.25
282.09
281.59
280.90
280.09
279.44
279.03
278.90
278.98
279.19
279.54
280.00
280.54
281.10
281.65
282.02
282.19
282.14
281.93
281.85
281.96
282.30
282.79
283.36
283.88
284.29
284.56
284.71
284.79
284.66
284.34
283.83
283.21
282.56
281.96
281.46
281.09
280.82
280.65
280.51
280.41
280.31
280.23
280.16
280.15
280.22
280.36
280.55
280.76
281.00
281.26
281.54
281.81
282.06
282.24
282.32
282.31
282.23
282.11
282.02
281.98
282.01
282.08
282.18
282.35
282.58
282.87
283.19
283.51
283.71
283.75
283.64
283.42
283.13
282.82
282.50
282.20
281.93
281.68
281.42
281.14
280.82
280.51
280.34
280.35
280.55
280.88
281.27
281.77
282.37
283.03
283.71
284.36
284.74
284.81
284.55
284.07
283.46
282.96
282.63
282.53
282.59
282.76
282.87
282.86
282.70
282.44
282.13
281.96
281.97
282.20
282.56
283.00
283.39
283.68
283.84
283.92
283.92
283.79
283.54
283.17
282.75
282.30
281.89
281.55
281.27
281.07
280.92
280.85
280.84
280.90
281.00
281.13
281.26
281.39
281.52
281.63
281.73
281.74
281.63
281.42
281.14
280.88
280.68
280.56
280.50
280.48
280.50
280.53
280.59
280.64
280.70
280.79
280.90
281.03
281.18
281.33
281.44
281.51
281.53
281.52
281.48
281.40
281.28
281.13
280.97
280.80
280.69
280.66
280.71
280.81
280.95
281.15
281.42
281.75
282.10
282.44
282.69
282.81
282.80
282.70
282.53
282.36
282.21
282.09
282.01
281.94
281.88
281.80
281.70
281.59
281.48
281.33
281.13
280.87
280.59
280.31
280.23
280.38
280.80
281.36
282.03
282.76
283.49
284.19
284.83
285.29
285.54
285.59
285.48
285.27
284.97
284.62
284.23
283.84
283.47
283.37
283.59
284.14
284.89
285.74
286.46
286.97
287.22
287.27
287.19
286.96
286.62
286.18
285.71
285.23
284.75
284.28
283.83
283.41
283.05
282.63
282.14
281.58
280.99
280.42
279.97
279.67
279.53
279.51
279.58
279.68
279.77
279.85
279.92
279.97
280.03
280.11
280.22
280.33
280.45
280.64
280.92
281.27
281.67
281.96
282.12
282.11
282.00
281.81
281.63
281.50
281.44
281.42
281.44
281.38
281.21
280.92
280.56
280.17
279.91
279.83
279.95
280.19
280.51
280.73
280.81
280.71
280.50
280.22
280.09
280.17
280.48
280.94
281.48
281.94
282.27
282.43
282.46
282.41
282.35
282.32
282.33
282.38
282.44
282.54
282.68
282.84
283.02
283.20
283.39
283.60
283.82
284.04
284.24
284.32
284.25
284.03
283.71
283.34
282.98
282.67
282.41
282.21
282.08
282.03
282.05
282.11
282.20
282.25
282.25
282.18
282.07
281.93
281.76
281.56
281.34
281.11
280.89
280.66
280.43
280.18
279.95
279.74
279.71
279.89
280.29
280.83
281.42
281.92
282.28
282.46
282.51
282.46
282.46
282.54
282.73
282.98
283.26
283.40
283.33
283.06
282.65
282.17
281.71
281.33
281.04
280.84
280.71
280.63
280.59
280.59
280.61
280.65
280.66
280.65
280.61
280.55
280.47
280.45
280.49
280.60
280.75
281.06
281.52
282.14
282.83
283.54
284.12
284.51
284.71
284.76
284.70
284.48
284.13
283.67
283.15
282.61
282.12
281.71
281.38
281.13
280.95
280.82
280.74
280.70
280.69
280.70
280.80
281.00
281.30
281.66
282.03
282.56
283.25
284.09
285.00
285.90
286.56
286.93
286.98
286.80
286.47
286.00
285.44
284.80
284.15
283.53
282.95
282.45
282.02
281.66
281.38
281.24
281.25
281.40
281.65
281.94
282.16
282.24
282.19
282.03
281.86
281.73
281.65
281.61
281.60
281.59
281.57
281.52
281.46
281.39
281.35
281.34
281.37
281.43
281.50
281.46
281.31
281.03
280.66
280.27
279.84
279.41
278.97
278.56
278.19
278.05
278.18
278.58
279.15
279.81
280.61
281.50
282.48
283.46
284.39
285.20
285.89
286.42
286.83
287.13
287.11
286.78
286.12
285.29
284.36
283.65
283.21
283.11
283.25
283.55
283.83
284.04
284.13
284.14
284.08
284.01
283.94
283.90
283.88
283.76
283.53
283.18
282.77
282.33
281.98
281.74
281.65
281.65
281.73
281.88
282.08
282.33
282.59
282.85
283.14
283.48
283.85
284.22
284.58
284.82
284.94
284.91
284.80
284.62
284.25
283.68
282.92
282.08
281.21
280.52
280.04
279.81
279.77
279.86
280.11
280.51
281.04
281.61
282.20
282.68
283.02
283.20
283.27
283.24
283.16
283.04
282.90
282.76
282.61
282.51
282.45
282.43
282.45
282.50
282.58
282.70
282.86
283.03
283.01
282.77
282.30
281.68
281.00
280.60
280.57
280.94
281.58
282.38
283.15
283.83
284.37
284.79
285.09
285.19
285.09
284.80
284.39
283.93
283.39
282.81
282.19
281.59
281.03
280.53
280.10
279.74
279.45
279.22
279.20
279.43
279.88
280.47
281.13
281.79
282.43
283.02
283.53
283.97
284.23
284.29
284.16
283.89
283.56
283.18
282.80
282.44
282.11
281.82
281.65
281.62
281.72
281.92
282.17
282.28
282.21
281.93
281.53
281.06
280.57
280.08
279.63
279.23