189.08
188.80
188.56
188.35
188.19
188.07
187.90
187.67
187.36
187.02
186.67
186.39
186.20
186.11
186.10
186.13
186.23
186.38
186.57
186.79
187.00
187.15
187.22
187.20
187.13
187.01
186.88
186.74
186.60
186.47
186.36
186.31
186.34
186.45
186.61
186.80
187.07
187.44
187.88
188.36
188.83
189.28
189.69
190.05
190.35
190.59
190.73
190.76
190.69
190.55
190.29
189.92
189.45
188.93
188.42
187.98
187.65
187.43
187.31
187.26
187.38
187.65
188.07
188.58
189.12
189.54
189.81
189.90
189.86
189.74
189.53
189.26
188.95
188.63
188.32
188.03
187.77
187.55
187.37
187.22
187.07
186.93
186.78
186.63
186.49
186.35
186.18
186.00
185.83
185.66
185.58
185.62
185.78
186.00
186.27
186.63
187.07
187.59
188.14
188.68
189.18
189.63
190.01
190.34
190.52
190.55
190.44
190.23
189.96
189.70
189.46
189.27
189.12
189.01
188.96
188.97
189.03
189.12
189.23
189.33
189.39
189.41
189.40
189.38
189.26
189.04
188.73
188.36
187.98
187.58
187.17
186.77
186.40
186.06
185.82
185.69
185.67
185.72
185.83
185.97
186.12
186.27
186.42
186.55
186.67
186.77
186.85
186.92
186.97
186.98
186.95
186.87
186.78
186.72
186.72
186.79
186.91
187.04
187.24
187.51
187.82
188.16
188.50
188.81
189.10
189.34
189.55
189.72
189.75
189.62
189.34
188.96
188.54
188.08
187.61
187.14
186.69
186.29
185.99
185.81
185.75
185.77
185.85
186.00
186.19
186.43
186.67
186.92
187.07
187.10
187.01
186.84
186.63
186.47
186.40
186.43
186.54
186.70
186.77
186.72
186.55
186.29
186.09
186.00
186.04
186.18
186.37
186.73
187.24
187.91
188.66
189.41
190.07
190.62
191.02
191.30
191.48
191.52
191.45
191.27
191.02
190.73
190.44
190.16
189.90
189.67
189.48
189.37
189.35
189.43
189.56
189.74
189.85
189.86
189.78
189.62
189.42
189.10
188.66
188.10
187.49
186.87
186.37
186.01
185.81
185.73
185.75
185.93
186.28
186.77
187.35
187.94
188.44
188.81
189.03
189.12
189.16
189.16
189.15
189.14
189.12
189.02
188.83
188.55
188.21
187.86
187.54
187.27
187.07
186.93
186.83
186.77
186.74
186.73
186.74
186.76
186.82
186.90
187.02
187.16
187.30
187.44
187.56
187.67
187.77
187.85
187.91
187.96
188.00
188.02
188.04
188.10
188.22
188.40
188.61
188.83
188.94
188.92
188.74
188.47
188.15
187.84
187.56
187.34
187.16
187.16
187.36
187.74
188.24
188.79
189.26
189.62
189.84
189.95
189.97
189.89
189.70
189.42
189.10
188.76
188.48
188.29
188.19
188.16
188.19
188.25
188.34
188.43
188.53
188.62
188.68
188.70
188.67
188.62
188.55
188.47
188.39
188.31
188.24
188.18
188.18
188.25
188.39
188.58
188.79
188.86
188.78
188.51
188.14
187.71
187.24
186.75
186.26
185.80
185.37
185.14
185.11
185.30
185.63
186.10
186.66
187.28
187.92
188.53
188.96
189.17
189.14
188.96
188.67
188.27
187.79
187.25
186.70
186.17
185.76
185.50
185.40
185.41
185.51
185.65
185.83
186.01
186.20
186.37
186.63
186.99
187.46
187.98
188.50
188.79
188.79
188.48
187.97
187.34
186.78
186.35
186.08
185.94
185.89
185.90
185.92
185.94
185.96
185.97
186.03
186.16
186.34
186.56
186.90
187.35
187.92
188.54
189.15
189.60
189.85
189.87
189.73
189.48
189.15
188.76
188.35
187.93
187.53
187.28
187.19
187.28
187.49
187.77
187.95
187.99
187.86
187.61
187.30
187.01
186.78
186.63
186.55
186.51
186.54
186.62
186.76
186.92
187.09
187.23
187.33
187.38
187.40
187.39
187.49
187.74
188.14
188.63
189.15
189.51
189.65
189.56
189.30
188.95
188.49
187.95
187.36
186.77
186.18
185.61
185.07
184.59
184.16
183.85
183.67
183.61
183.65
183.75
184.12
184.79
185.75
186.87
188.03
189.00
189.71
190.12
190.29
190.29
190.03
189.54
188.85
188.05
187.22
186.63
186.34
186.39
186.66
187.09
187.49
187.80
187.98
188.04
188.04
187.95
187.80
187.60
187.37
187.14
187.02
187.04
187.22
187.49
187.81
188.08
188.24
188.30
188.26
188.20
188.13
188.07
188.03
188.00
187.90
187.71
187.44
187.11
186.77
186.52
186.38
186.37
186.45
186.59
186.79
187.03
187.31
187.59
187.87
188.12
188.35
188.54
188.70
188.82
188.87
188.83
188.70
188.52
188.32
188.07
187.81
187.52
187.24
186.98
186.80
186.71
186.71
186.78
186.90
187.07
187.27
187.51
187.76
188.00
188.14
188.16
188.06
187.88
187.66
187.49
187.41
187.45
187.55
187.62
187.62
187.54
187.40
187.22
187.14
187.19
187.37
187.63
187.95
188.25
188.52
188.73
188.89
189.01
189.10
189.15
189.18
189.19
189.19
189.12
188.99
188.79
188.56
188.31
187.96
187.50
186.94
186.34
185.73
185.30
185.07
185.07
185.23
185.48
185.77
186.05
186.30
186.51
186.68
186.80
186.85
186.83
186.78
186.70
186.69
186.77
186.94
187.17
187.37
187.53
187.60
187.63
187.61
187.56
187.50
187.43
187.36
187.29
187.28
187.34
187.47
187.64
187.83
188.00
188.14
188.22
188.27
188.29
188.21
188.02
187.73
187.37
187.00
186.69
186.46
186.32
186.27
186.27
186.36
186.54
186.79
187.09
187.40
187.68
187.90
188.07
188.18
188.24
188.25
188.20
188.11
187.98
187.84
187.67
187.47
187.25
187.04
186.83
186.72
186.72
186.85
187.05
187.30
187.56
187.82
188.07
188.29
188.54
188.82
189.13
189.45
189.75
189.90
189.86
189.63
189.27
188.85
188.48
188.20
188.06
188.00
188.02
187.98
187.84
187.59
187.28
186.94
186.60
186.27
185.98
185.72
185.50
185.37
185.34
185.41
185.54
185.71
185.87
186.01
186.10
186.16
186.19
186.34
186.63
187.06
187.57
188.12
188.60
188.98
189.26
189.43
189.51
189.49
189.40
189.26
189.10
188.95
188.84
188.77
188.73
188.72
188.78
188.91
189.12
189.36
189.62
189.77
189.78
189.64
189.40
189.10
188.81
188.54
188.33
188.17
188.04
188.00
188.06
188.20
188.39
188.62
188.69
188.57
188.24
187.78
187.26
186.77
186.36
186.06
185.84
185.69
185.69
185.82
186.09
186.43
186.80
187.05
187.13
187.01
186.77
186.46
186.24
186.16
186.26
186.48
186.66
186.75
186.72
186.61
186.44
186.38
186.47
186.72
187.07
187.47
187.78
187.95
187.97
187.88
187.71
187.72
187.95
188.44
189.08
189.79
190.40
190.87
191.15
191.28
191.31
191.20
190.98
190.67
190.31
189.93
189.56
189.22
188.92
188.66
188.44
188.26
188.12
188.02
187.95
187.90
187.87
187.86
187.85
187.86
187.87
187.81
187.65
187.40
187.10
186.85
186.70
186.67
186.71
186.81
186.92
187.01
187.08
187.12
187.14
187.23
187.40
187.66
187.96
188.29
188.63
188.99
189.34
189.68
189.99
190.12
190.07
189.81
189.42
188.97
188.60
188.37
188.29
188.32
188.44
188.57
188.71
188.82
188.90
188.97
188.96
188.88
188.72
188.52
188.30
188.10
187.94
187.83
187.76
187.73
187.72
187.73
187.75
187.78
187.81
187.84
187.87
187.90
187.93
187.89
187.80
187.63
187.43
187.21
187.10
187.13
187.30
187.56
187.88
188.21
188.54
188.85
189.13
189.37
189.55
189.65
189.69
189.69
189.64
189.55
189.42
189.25
189.06
188.88
188.70
188.54
188.40
188.27
188.17
188.04
187.87
187.64
187.40
187.15
186.92
186.71
186.52
186.36
186.23
186.13
186.05
185.99
185.95
185.92
186.02
186.24
186.60
187.03
187.41
187.70
187.86
187.93
187.93
187.85
187.71
187.52
187.31
187.09
186.95
186.93
187.03
187.20
187.41
187.62
187.80
187.94
188.04
188.11
188.23
188.42
188.70
189.01
189.34
189.60
189.78
189.87
189.88
189.84
189.77
189.68
189.58
189.48
189.38
189.32
189.30
189.32
189.38
189.45
189.52
189.61
189.68
189.75
189.82
189.76
189.58
189.26
188.86
188.43
188.07
187.84
187.73
187.73
187.84
188.07
188.38
188.74
189.12
189.34
189.39
189.24
188.97
188.62
188.36
188.26
188.33
188.53
188.80
189.02
189.17
189.20
189.17
189.08
189.01
188.99
189.03
189.11
189.21
189.27
189.28
189.21
189.10
188.96
188.89
188.92
189.05
189.24
189.47
189.56
189.45
189.14
188.70
188.19
187.72
187.33
187.03
186.82
186.69
186.66
186.74
186.92
187.15
187.42
187.69
187.95
188.18
188.39
188.57
188.72
188.84
188.93
189.00
189.02
189.00
188.92
188.82
188.71
188.73
188.90
189.24
189.68
190.16
190.50
190.62
190.52
190.25
189.90
189.57
189.33
189.19
189.14
189.15
189.07
188.86
188.51
188.07
187.61
187.22
186.95
186.82
186.79
186.83
186.82
186.71
186.49
186.20
185.88
185.80
186.01
186.52
187.23
188.04
188.87
189.67
190.41
191.07
191.47
191.60
191.44
191.09
190.63
190.05
189.41
188.72
188.04
187.40
186.99
186.83
186.94
187.24
187.65
188.08
188.51
188.88
189.21
189.48
189.67
189.78
189.81
189.80
189.74
189.50
189.07
188.44
187.71
186.94
186.30
185.84
185.58
185.47
185.47
185.61
185.86
186.21
186.60
187.00
187.42
187.83
188.24
188.62
188.96
189.17
189.25
189.18
189.01
188.84
188.71
188.63
188.59
188.59
188.55
188.47
188.34
188.17
187.99
187.81
187.65
187.49
187.36
187.25
187.15
187.08
187.03
186.99
186.96
186.86
186.68
186.41
186.09
185.76
185.46
185.21
185.02
184.89
184.80
184.86
185.07
185.42
185.86
186.34
186.74
187.01
187.16
187.19
187.15
187.07
186.95
186.81
186.68
186.54
186.58
186.82
187.26
187.82
188.44
189.04
189.58
190.03
190.40
190.66
190.82
190.89
190.90
190.85
190.64
190.25
189.70
189.07
188.41
187.89
187.58
187.49
187.56
187.74
187.88
187.93
187.86
187.72
187.52
187.41
187.42
187.56
187.79
188.07
188.34
188.58
188.77
188.92
189.02
189.10
189.14
189.17
189.18
189.17
189.08
188.89
188.60
188.26
187.90
187.55
187.22
186.92
186.67
186.45
186.35
186.39
186.55
186.80
187.03
187.22
187.35
187.41
187.44
187.51
187.66
187.88
188.16
188.44
188.76
189.08
189.41
189.73
190.02
190.14
190.07
189.81
189.42
188.96
188.46
187.93
187.41
186.91
186.46
186.17
186.07
186.16
186.37
186.65
186.98
187.32
187.65
187.95
188.21
188.39
188.47
188.44
188.35
188.21
187.99
187.71
187.37
187.00
186.63
186.40
186.32
186.41
186.61
186.87
187.10
187.23
187.26
187.22
187.14
187.07
187.02
186.98
186.96
186.97
187.02
187.10
187.21
187.33
187.53
187.81
188.18
188.59
189.01
189.35
189.60
189.75
189.81
189.80
189.76
189.69
189.60
189.51
189.42
189.30
189.17
189.01
188.85
188.68
188.48
188.23
187.94
187.63
187.33
187.10
186.96
186.91
186.94
187.02
187.10
187.16
187.20
187.21
187.21
187.20
187.18
187.16
187.13
187.11
187.09
187.06
187.05
187.03
187.05
187.09
187.18
187.28
187.39
187.47
187.52
187.52
187.50
187.45
187.40
187.34
187.28
187.22
187.17
187.15
187.17
187.23
187.31
187.40
187.55
187.76
188.03
188.32
188.62
188.84
188.98
189.03
189.01
188.94
188.81
188.64
188.43
188.21
187.99
187.76
187.51
187.26
187.01
186.79
186.70
186.75
186.97
187.28
187.64
188.00
188.31
188.57
188.77
188.93
189.04
189.12
189.17
189.19
189.20
189.19
189.18
189.16
189.14
189.11
189.09
189.07
189.05
189.04
189.05
189.10
189.18
189.28
189.39
189.36
189.18
188.83
188.38
187.88
187.46
187.15
186.98
186.92
186.93
186.92
186.84
186.69
186.50
186.28
186.14
186.10
186.18
186.33
186.52
186.84
187.29
187.86
188.47
189.09
189.61
189.97
190.18
190.26
190.30
190.34
190.40
190.48
190.56
190.62
190.63
190.61
190.56
190.50
190.40
190.27
190.11
189.94
189.77
189.61
189.47
189.34
189.23
189.14
189.05
188.94
188.81
188.68
188.55
188.54
188.66
188.92
189.27
189.66
190.04
190.36
190.62
190.83
190.98
190.95
190.74
190.33
189.82
189.25
188.71
188.22
187.82
187.49
187.23
187.20
187.41
187.85
188.44
189.09
189.60
189.90
189.95
189.83
189.68
189.54
189.48
189.46
189.47
189.46
189.40
189.28
189.13
188.96
188.79
188.63
188.49
188.36
188.25
188.11
187.92
187.69
187.43
187.18
187.02
186.97
187.05
187.20
187.41
187.59
187.70
187.75
187.74
187.70
187.57
187.38
187.11
186.81
186.51
186.21
185.94
185.70
185.49
185.32
185.27
185.33
185.52
185.79
186.09
186.38
186.63
186.82
186.97
187.07
187.22
187.43
187.72
188.04
188.29
188.44
188.47
188.41
188.29
188.14
187.97
187.80
187.64
187.49
187.31
187.09
186.82
186.53
186.25
186.17
186.34
186.75
187.33
187.98
188.65
189.30
189.90
190.43
190.89
191.24
191.49
191.64
191.71
191.72
191.58
191.29
190.86
190.35
189.82
189.34
188.97
188.71
188.54
188.45
188.46
188.58
188.80
189.07
189.36
189.52
189.51
189.31
189.00
188.72
188.55
188.50
188.55
188.66
188.73
188.73
188.63
188.48
188.29
188.17
188.14
188.23
188.38
188.57
188.75
188.91
189.02
189.10
189.15
189.07
188.85
188.49
188.05
187.58
187.14
186.76
186.45
186.21
186.03
185.90
185.82
185.77
185.74
185.74
185.73
185.69
185.63
185.55
185.47
185.57
185.90
186.45
187.13
187.87
188.48
188.89
189.08
189.10
189.00
188.80
188.52
188.19
187.84
187.45
187.01
186.55
186.08
185.65
185.39
185.33
185.49
185.79
186.17
186.59
187.01
187.41
187.78
188.10
188.37
188.60
188.78
188.92
189.02
188.95
188.71
188.29
187.76
187.20
186.79
186.59
186.64
186.85
187.16
187.40
187.51
187.45
187.28
187.04
186.78
186.55
186.36
186.21
186.09
185.97
185.85
185.72
185.60
185.47
185.44
185.52
185.70
185.95
186.19
186.37
186.47
186.52
186.53
186.51
186.46
186.41
186.35
186.29
186.25
186.26
186.30
186.37
186.45
186.51
186.54
186.53
186.49
186.44
186.41
186.41
186.43
186.48
186.55
186.56
186.52
186.40
186.25
186.07
185.95
185.89
185.91
185.98
186.08
186.23
186.42
186.63
186.85
187.07
187.22
187.29
187.26
187.18
187.06
187.02
187.11
187.32
187.61
187.94
188.28
188.62
188.92
189.19
189.43
189.62
189.78
189.90
189.99
190.00
189.93
189.77
189.57
189.35
189.14
188.98
188.86
188.79
188.75
188.68
188.57
188.41
188.22
188.03
187.78
187.48
187.14
186.79
186.45
186.29
186.35
186.64
187.08
187.60
188.09
188.51
188.83
189.06
189.22
189.29
189.29
189.22
189.10
188.96
188.95
189.09
189.39
189.80
190.26
190.59
190.75
190.72
190.55
190.29
190.02
189.76
189.54
189.35
189.20
189.09
189.00
188.94
188.90
188.94
189.04
189.22
189.44
189.68
189.78
189.72
189.48
189.12
188.70
188.35
188.09
187.96
187.93
187.96
188.06
188.23
188.44
188.67
188.90
189.15
189.41
189.68
189.93
190.17
190.36
190.48
190.54
190.55
190.53
190.44
190.27
190.03
189.75
189.46
189.18
188.92
188.69
188.49
188.33
188.19
188.09
188.01
187.96
187.87
187.73
187.54
187.33
187.11
187.08
187.28
187.73
188.33
189.00
189.52
189.83
189.89
189.79
189.56
189.19
188.69
188.09
187.45
186.82
186.36
186.11
186.09
186.23
186.48
186.84
187.29
187.80
188.33
188.85
189.19
189.33
189.24
189.01
188.69
188.45
188.36
188.43
188.62
188.88
189.07
189.14
189.08
188.93
188.71
188.45
188.14
187.82
187.49
187.18
187.04
187.08
187.32
187.68
188.01
188.24
188.33
188.32
188.25
188.24
188.32
188.53
188.80
189.11
189.30
189.32
189.15
188.87
188.52
188.24
188.09
188.09
188.19
188.35
188.66
189.11
189.69
190.33
190.97
191.31
191.29
190.89
190.24
189.46
188.72
188.11
187.68
187.39
187.22
187.12
187.06
187.01
186.97
186.95
186.88
186.76
186.58
186.37
186.15
185.96
185.82
185.73
185.68
185.74
185.92
186.21
186.56
186.94
187.26
187.50
187.64
187.70
187.71
187.76
187.87
188.06
188.30
188.56
188.79
188.98
189.11
189.20
189.25
189.19
189.02
188.74
188.39
188.02
187.74
187.56
187.52
187.57
187.68
187.75
187.74
187.64
187.49
187.30
187.10
186.90
186.71
186.54
186.39
186.35
186.42
186.61
186.86
187.16
187.41
187.59
187.69
187.72
187.70
187.68
187.67
187.68
187.70
187.79
187.94
188.15
188.40
188.67
188.89
189.07
189.19
189.27
189.31
189.32
189.31
189.28
189.25
189.22
189.21
189.23
189.29
189.36
189.45
189.49
189.46
189.37
189.23
189.06
188.94
188.89
188.91
188.99
189.09
189.27
189.51
189.81
190.14
190.47
190.68
190.73
190.63
190.41
190.13
189.90
189.76
189.72
189.77
189.87
189.94
189.97
189.94
189.87
189.72
189.49
189.20
188.88
188.56
188.35
188.30
188.40
188.62
188.89
189.12
189.26
189.29
189.24
189.14
189.01
188.86
188.72
188.57
188.44
188.33
188.23
188.15
188.08
188.03
188.05
188.14
188.30
188.51
188.73
188.93
189.08
189.19
189.25
189.28
189.31
189.36
189.43
189.51
189.59
189.64
189.65
189.63
189.58
189.51
189.44
189.36
189.29
189.23
189.17
189.22
189.41
189.74
190.14
190.36
190.33
190.03
189.55
188.97
188.35
187.74
187.16
186.64
186.19
185.94
185.92
186.12
186.47
186.91
187.40
187.93
188.46
188.97
189.43
189.76
189.94
189.96
189.87
189.71
189.53
189.36
189.22
189.12
189.04
188.95
188.85
188.74
188.62
188.50
188.34
188.13
187.87
187.58
187.30
187.06
186.87
186.75
186.68
186.64
186.53
186.32
185.99
185.60
185.27
185.04
184.92
184.90
184.95
185.06
185.23
185.44
185.68
185.91
186.16
186.42
186.69
186.94
187.18
187.42
187.65
187.89
188.12
188.32
188.53
188.74
188.95
189.16
189.35
189.38
189.24
188.91
188.47
187.98
187.56
187.24
187.06
186.99
186.99
187.07
187.22
187.41
187.64
187.87
188.06
188.21
188.30
188.35
188.36
188.43
188.58
188.81
189.09
189.39
189.66
189.88
190.04
190.15
190.11
189.92
189.57
189.14
188.67
188.25
187.92
187.69
187.54
187.47
187.36
187.20
186.97
186.70
186.43
186.18
185.99
185.85
185.77
185.72
185.78
185.95
186.24
186.59
186.96
187.41
187.93
188.51
189.11
189.68
190.10
190.33
190.37
190.27
190.08
189.81
189.48
189.12
188.75
188.40
188.11
187.88
187.73
187.64
187.59
187.61
187.68
187.80
187.95
188.11
188.27
188.42
188.56
188.68
188.70
188.61
188.41
188.14
187.83
187.66
187.64
187.81
188.10
188.46
188.71
188.81
188.73
188.53
188.25
187.99
187.78
187.65
187.57
187.54
187.52
187.49
187.44
187.38
187.32
187.37
187.54
187.85
188.23
188.65
189.07
189.46
189.82
190.14
190.40
190.49
190.38
190.06
189.63
189.13
188.66
188.28
187.99
187.79
187.66
187.53
187.39
187.22
187.03
186.95
187.00
187.20
187.49
187.83
188.20
188.61
189.01
189.41
189.77
190.01
190.11
190.06
189.92
189.72
189.33
188.74
187.97
187.11
186.23
185.58
185.21
185.16
185.32
185.64
185.98
186.30
186.57
186.78
186.93
187.18
187.55
188.04
188.60
189.17
189.61
189.89
189.99
189.95
189.82
189.63
189.41
189.18
188.95
188.75
188.59
188.49
188.44
188.44
188.47
188.49
188.49
188.47
188.43
188.27
187.98
187.57
187.09
186.59
186.23
186.06
186.10
186.28
186.56
186.90
187.30
187.72
188.14
188.53
188.81
188.94
188.93
188.82
188.65
188.46
188.30
188.16
188.06
187.99
187.91
187.82
187.71
187.60
187.49
187.41
187.37
187.38
187.42
187.48
187.52
187.54
187.52
187.48
187.42
187.34
187.22
187.07
186.91
186.75
186.65
186.62
186.68
186.79
186.93
187.09
187.25
187.40
187.54
187.79
188.18
188.71
189.31
189.93
190.50
191.00
191.40
191.71
191.94
191.90
191.55
190.90
190.08
189.18
188.35
187.66
187.14
186.76
186.52
186.39
186.38
186.46
186.60
186.77
186.98
187.22
187.49
187.76
188.01
188.19
188.27
188.27
188.19
188.08
187.89
187.63
187.30
186.95
186.60
186.33
186.14
186.06
186.05
186.09
186.20
186.36
186.56
186.77
187.02
187.28
187.56
187.83
188.08
188.41
188.84
189.36
189.92
190.47
190.87
191.05
191.02
190.84
190.56
190.25
189.96
189.70
189.48
189.30
189.16
189.05
188.98
188.92
188.89
188.87
188.87
188.87
188.88
188.89
188.88
188.84
188.76
188.67
188.57
188.60
188.79
189.15
189.61
190.11
190.46
190.59
190.50
190.24
189.89
189.47
188.99
188.50
188.03
187.66
187.44
187.37
187.40
187.51
187.62
187.68
187.69
187.66
187.61
187.53
187.46
187.38
187.30
187.23
187.22
187.29
187.42
187.60
187.80
187.95
188.03
188.04
187.98
187.89
187.78
187.66
187.54
187.43
187.33
187.32
187.42
187.62
187.89
188.20
188.43
188.55
188.55
188.47
188.34
188.20
188.08
187.99
187.93
187.89
187.95
188.11
188.38
188.71
189.06
189.17
188.99
188.48
187.78
187.22
186.91
186.92
187.13
187.49
187.77
187.90
187.84
187.64
187.36
187.12
186.96
186.90
186.92
186.99
187.06
187.13
187.17
187.18
187.19
187.34
187.67
188.18
188.80
189.46
190.00
190.38
190.58
190.63
190.58
190.43
190.21
189.94
189.64
189.35
189.10
188.90
188.77
188.69
188.65
188.56
188.40
188.16
187.88
187.58
187.31
187.09
186.94
186.83
186.76
186.76
186.81
186.90
187.03
187.20
187.40
187.62
187.86
188.08
188.37
188.72
189.14
189.59
190.04
190.32
190.41
190.29
190.03
189.68
189.27
188.82
188.35
187.90
187.48
187.06
186.62
186.18
185.75
185.35
185.11
185.04
185.15
185.38
185.68
186.07
186.53
187.03
187.54
188.03
188.35
188.46
188.35
188.09
187.75
187.55
187.55
187.79
188.19
188.66
189.10
189.44
189.65
189.77
189.70
189.46
189.05
188.54
188.00
187.51
187.12
186.83
186.65
186.53
186.45
186.38
186.31
186.25
186.19
186.17
186.18
186.23
186.31
186.40
186.55
186.76
187.03
187.32
187.61
187.87
188.07
188.20
188.29
188.33
188.45
188.67
189.00
189.40
189.81
190.19
190.51
190.77
190.96
191.09
191.18
191.24
191.26
191.26
191.25
191.15
190.95
190.65
190.30
189.93
189.65
189.49
189.45
189.51
189.58
189.62
189.62
189.58
189.53
189.43
189.30
189.14
188.97
188.80
188.63
188.48
188.35
188.24
188.15
188.24
188.53
189.03
189.64
190.30
190.75
190.92
190.77
190.42
189.93
189.38
188.81
188.26
187.76
187.31
186.98
186.78
186.70
186.72
186.79
186.97
187.22
187.55
187.91
188.28
188.65
189.03
189.39
189.74
190.05
190.23
190.28
190.20
190.02
189.87
189.78
189.79
189.85
189.96
189.99
189.90
189.68
189.39
189.05
188.71
188.38
188.07
187.80
187.56
187.37
187.21
187.09
187.00
186.94
186.87
186.79
186.69
186.59
186.48
186.35
186.21
186.04
185.87
185.70
185.62
185.66
185.81
186.03
186.29
186.51
186.66
186.74
186.75
186.72
186.66
186.58
186.49
186.41
186.32
186.38
186.60
186.99
187.48
188.01
188.54
189.05
189.50
189.90
190.19
190.35
190.39
190.35
190.25
190.05
189.78
189.44
189.08
188.71
188.44
188.29
188.28
188.36
188.51
188.64
188.72
188.74
188.72
188.66
188.53
188.33
188.07
187.77
187.47
187.10
186.66
186.16
185.64
185.13
184.80
184.67
184.75
184.99
185.31
185.79
186.40
187.13
187.90
188.66
189.13
189.26
189.01
188.51
187.87
187.21
186.61
186.10
185.68
185.38
185.19
185.10
185.08
185.12
185.22
185.37
185.57
185.78
185.99
186.25
186.55
186.89
187.24
187.58
187.93
188.26
188.59
188.90
189.17
189.30
189.27
189.07
188.77
188.41
188.08
187.82
187.65
187.54
187.50
187.44
187.35
187.21
187.05
186.88
186.74
186.65
186.60
186.58
186.60
186.66
186.75
186.89
187.04
187.20
187.36
187.50
187.63
187.74
187.83
187.84
187.79
187.65
187.47
187.21
186.88
186.50
186.09
185.70
185.47
185.43
185.59
185.88
186.26
186.61
186.91
187.12
187.26
187.35
187.39
187.40
187.38
187.35
187.31
187.29
187.30
187.35
187.42
187.49
187.58
187.66
187.73
187.80
187.85
187.96
188.11
188.32
188.55
188.80
188.95
189.00
188.92
188.76
188.56
188.31
188.02
187.71
187.40
187.11
186.98
187.04
187.29
187.67
188.11
188.44
188.60
188.58
188.43
188.14
187.74
187.26
186.75
186.25
185.85
185.60
185.50
185.50
185.59
185.78
186.06
186.41
186.79
187.18
187.50
187.72
187.83
187.87
187.85
187.82
187.79
187.78
187.79
187.81
187.83
187.85
187.88
187.90
187.92
187.97
188.04
188.15
188.26
188.39
188.48
188.53
188.54
188.51
188.47
188.52
188.69
188.99
189.35
189.75
189.96
189.94
189.66
189.22
188.84
188.61
188.58
188.68
188.88
189.08
189.24
189.34
189.40
189.41
189.37
189.29
189.16
189.00
188.84
188.63
188.37
188.06
187.73
187.41
187.14
186.92
186.78
186.69
186.64
186.63
186.64
186.67
186.70
186.74
186.89
187.16
187.56
188.02
188.50
188.87
189.08
189.11
189.02
188.85
188.72
188.65
188.67
188.76
188.89
188.98
189.03
189.00
188.93
188.83
188.61
188.26
187.79
187.26
186.79
186.43
186.21
186.10
186.07
186.07
186.08
186.09
186.08
186.08
186.02
185.89
185.70
185.48
185.24
185.09
185.05
185.12
185.27
185.47
185.75
186.09
186.48
186.89
187.29
187.64
187.91
188.11
188.24
188.32
188.39
188.45
188.53
188.61
188.68
188.78
188.90
189.04
189.19
189.34
189.51
189.69
189.89
190.09
190.28
190.37
190.34
190.20
189.98
189.75
189.54
189.36
189.21
189.10
188.91
188.62
188.22
187.77
187.31
186.89
186.53
186.25
186.04
185.90
185.82
185.82
185.89
185.99
186.12
186.20
186.22
186.17
186.07
185.94
185.86
185.83
185.88
185.97
186.09
186.30
186.61
187.00
187.44
187.88
188.36
188.86
189.38
189.89
190.35
190.66
190.79
190.73
190.54
190.27
190.04
189.90
189.85
189.88
189.96
189.96
189.86
189.64
189.34
189.06
188.83
188.68
188.60
188.56
188.58
188.66
188.78
188.94
189.10
189.18
189.17
189.04
188.84
188.60
188.35
188.10
187.87
187.66
187.47
187.35
187.28
187.27
187.31
187.37
187.36
187.27
187.09
186.85
186.58
186.44
186.47
186.68
187.00
187.39
187.80
188.20
188.58
188.92
189.22
189.39
189.42
189.32
189.12
188.86
188.64
188.48
188.39
188.36
188.38
188.39
188.40
188.38
188.34
188.30
188.26
188.21
188.17
188.13
188.04
187.90
187.70
187.46
187.22
187.04
186.94
186.92
186.97
187.06
187.14
187.21
187.24
187.26
187.25
187.21
187.12
187.01
186.87
186.73
186.70
186.80
187.04
187.37
187.74
188.09
188.40
188.65
188.84
188.99
189.12
189.24
189.37
189.49
189.60
189.62
189.54
189.34
189.08
188.79
188.43
188.02
187.58
187.13
186.72
186.39
186.14
185.95
185.82
185.63
185.36
184.99
184.57
184.14
183.97
184.10
184.56
185.23
186.00
186.71
187.27
187.65
187.88
188.00
188.16
188.41
188.78
189.21
189.66
190.10
190.51
190.88
191.20
191.46
191.44
191.09
190.41
189.54
188.58
187.66
186.85
186.18
185.65
185.25
185.03
184.99
185.13
185.38
185.69
186.12
186.64
187.23
187.85
188.45
188.88
189.09
189.07
188.89
188.62
188.28
187.93
187.57
187.24
187.02
186.94
186.98
187.13
187.33
187.53
187.71
187.85
187.96
188.04
188.09
188.12
188.14
188.14
188.14
188.18
188.28
188.44
188.64
188.85
189.01
189.09
189.09
189.03
188.93
188.84
188.77
188.74
188.73
188.73
188.70
188.61
188.46
188.28
188.09
188.00
188.04
188.23
188.51
188.84
189.16
189.44
189.67
189.85
190.01
190.16
190.31
190.45
190.58
190.64
190.62
190.52
190.37
190.19
190.03
189.90
189.81
189.76
189.74
189.74
189.75
189.78
189.80
189.83
189.86
189.89
189.92
189.94
189.96
189.95
189.90
189.82
189.72
189.61
189.53
189.49
189.48
189.51
189.55
189.52
189.41
189.20
188.94
188.65
188.36
188.08
187.83
187.61
187.43
187.32
187.32
187.40
187.55
187.72
187.95
188.20
188.47
188.74
188.89
188.90
188.75
188.49
188.18
187.96
187.85
187.89
188.04
188.24
188.42
188.56
188.62
188.63
188.61
188.48
188.24
187.90
187.51
187.10
186.72
186.41
186.17
185.99
185.87
185.89
186.08
186.42
186.85
187.32
187.76
188.15
188.47
188.73
188.92
189.00
188.98
188.86
188.68
188.46
188.36
188.42
188.65
189.00
189.40
189.66
189.72
189.57
189.27
188.89
188.57
188.37
188.32
188.37
188.45
188.50
188.51
188.49
188.45
188.37
188.25
188.11
187.94
187.78
187.60
187.40
187.18
186.97
186.76
186.61
186.51
186.46
186.46
186.49
186.61
186.84
187.17
187.55
187.95
188.32
188.62
188.85
189.02
189.14
189.22
189.26
189.27
189.27
189.25
189.17
189.03
188.82
188.57
188.32
188.07
187.84
187.63
187.45
187.30
187.10
186.83
186.50
186.13
185.83
185.65
185.59
185.63
185.73
186.00
186.44
187.05
187.74
188.45
189.01
189.35
189.47
189.42
189.26
189.02
188.75
188.47
188.19
187.93
187.81
187.84
188.03
188.32
188.67
188.98
189.23
189.39
189.49
189.52
189.52
189.49
189.45
189.39
189.33
189.24
189.13
188.99
188.84
188.69
188.57
188.50
188.48
188.49
188.52
188.63
188.80
189.04
189.31
189.59
189.76
189.78
189.65
189.41
189.12
188.80
188.48
188.18
187.90
187.74
187.71
187.81
188.00
188.23
188.39
188.42
188.32
188.12
187.87
187.64
187.48
187.39
187.36
187.38
187.31
187.15
186.86
186.51
186.12
185.77
185.47
185.23
185.05
184.92
184.95
185.12
185.46
185.88
186.34
186.75
187.08
187.31
187.45
187.53
187.52
187.46
187.33
187.17
186.99
186.85
186.74
186.67
186.65
186.67
186.75
186.87
187.02
187.17
187.35
187.55
187.77
187.99
188.19
188.41
188.63
188.86
189.08
189.29
189.41
189.45
189.41
189.30
189.15
189.07
189.07
189.18
189.35
189.56
189.67
189.67
189.52
189.28
188.99
188.68
188.38
188.09
187.83
187.60
187.41
187.25
187.13
187.04
186.97
186.90
186.81
186.71
186.60
186.49
186.36
186.21
186.04
185.87
185.70
185.65
185.74
185.98
186.31
186.60
186.82
186.92
186.95
186.91
186.84
186.75
186.64
186.53
186.43
186.44
186.58
186.87
187.23
187.64
188.10
188.61
189.14
189.67
190.17
190.48
190.58
190.46
190.19
189.83
189.48
189.18
188.96
188.81
188.72
188.64
188.56
188.48
188.39
188.31
188.32
188.43
188.64
188.92
189.22
189.53
189.83
190.09
190.33
190.53
190.54
190.33
189.90
189.33
188.70
188.12
187.62
187.24
186.96
186.77
186.64
186.58
186.55
186.56
186.64
186.80
187.02
187.29
187.57
187.89
188.26
188.66
189.07
189.46
189.73
189.87
189.87
189.77
189.60
189.40
189.19
188.97
188.77
188.59
188.48
188.46
188.53
188.65
188.82
188.99
189.17
189.34
189.49
189.63
189.63
189.50
189.22
188.85
188.44
188.02
187.62
187.25
186.92
186.65
186.47
186.41
186.44
186.55
186.79
187.14
187.59
188.09
188.59
188.91
189.01
188.86
188.56
188.15
187.78
187.49
187.31
187.22
187.21
187.21
187.21
187.20
187.19
187.16
187.25
187.45
187.79
188.19
188.63
188.98
189.21
189.31
189.31
189.24
189.18
189.15
189.18
189.24
189.33
189.37
189.35
189.27
189.14
188.99
188.89
188.85
188.88
188.96
189.08
189.21
189.34
189.47
189.59
189.69
189.73
189.69
189.57
189.40
189.21
189.01
188.82
188.64
188.48
188.29
188.06
187.79
187.50
187.22
187.04
186.98
187.04
187.19
187.39
187.62
187.85
188.08
188.28
188.47
188.65
188.84
189.03
189.22
189.39
189.55
189.68
189.79
189.88
189.94
189.92
189.78
189.54
189.23
188.89
188.56
188.24
187.95
187.70
187.48
187.20
186.83
186.37
185.86
185.35
185.06
185.02
185.27
185.69
186.16
186.62
187.01
187.34
187.60
187.76
187.80
187.73
187.59
187.41
187.26
187.17
187.15
187.18
187.24
187.36
187.51
187.70
187.90
188.10
188.29
188.46
188.61
188.73
188.83
188.89
188.89
188.84
188.77
188.67
188.52
188.30
188.03
187.72
187.42
187.13
186.87
186.64
186.44
186.28
186.21
186.23
186.33
186.50
186.69
186.95
187.27
187.64
188.02
188.40
188.64
188.72
188.63
188.43
188.27
188.19
188.23
188.36
188.53
188.79
189.11
189.49
189.89
190.29
190.55
190.65
190.58
190.39
190.13
189.81
189.44
189.06
188.68
188.32
188.08
187.98
188.01
188.14
188.33
188.53
188.70
188.84
188.95
189.03
189.10
189.19
189.30
189.41
189.52
189.68
189.88
190.14
190.42
190.70
190.86
190.87
190.73
190.48
190.18
189.90
189.68
189.55
189.48
189.46
189.44
189.43
189.39
189.34
189.19
188.90
188.50
188.03
187.54
187.16
186.95
186.90
186.99
187.15
187.42
187.77
188.19
188.64
189.07
189.32
189.35
189.13
188.76
188.30
187.82
187.38
187.00
186.68
186.41
186.26
186.22
186.29
186.43
186.61
186.86
187.18
187.56
187.95
188.33
188.67
188.93
189.12
189.25
189.32
189.38
189.45
189.52
189.60
189.67
189.66
189.55
189.34
189.07
188.76
188.46
188.17
187.90
187.66
187.49
187.38
187.34
187.34
187.38
187.42
187.43
187.42
187.39
187.34
187.30
187.25
187.20
187.15
187.11
187.11
187.14
187.20
187.29
187.39
187.68
188.18
188.90
189.73
190.59
191.29
191.79
192.04
192.10
192.04
191.96
191.92
191.96
192.03
192.14
192.18
192.13
191.98
191.77
191.53
191.23
190.87
190.46
190.05
189.65
189.25
188.87
188.50
188.16
187.97
187.94
188.09
188.34
188.67
188.91
189.03
189.01
188.89
188.70
188.53
188.41
188.36
188.36
188.39
188.42
188.43
188.41
188.38
188.34
188.26
188.16
188.02
187.87
187.72
187.57
187.44
187.32
187.23
187.14
187.16
187.28
187.51
187.81
188.13
188.46
188.77
189.05
189.30
189.52
189.61
189.58
189.42
189.17
188.89
188.61
188.38
188.19
188.05
187.95
187.80
187.58
187.30
186.97
186.64
186.32
186.02
185.76
185.54
185.43
185.45
185.61
185.84
186.12
186.50
186.96
187.50
188.07
188.62
189.08
189.43
189.65
189.77
189.81
189.80
189.74
189.67
189.58
189.49
189.34
189.14
188.89
188.61
188.33
188.08
187.90
187.77
187.70
187.66
187.54
187.33
187.00
186.61
186.19
185.87
185.66
185.58
185.61
185.70
185.91
186.24
186.67
187.15
187.61
188.02
188.36
188.64
188.85
189.06
189.28
189.53
189.78
190.02
190.22
190.36
190.44
190.47
190.46
190.38
190.23
190.00
189.73
189.45
189.12
188.75
188.35
187.94
187.55
187.24
187.04
186.96
186.95
187.00
187.15
187.37
187.67
188.00
188.34
188.59
188.72
188.72
188.62
188.47
188.39
188.43
188.58
188.82
189.11
189.36
189.54
189.64
189.67
189.66
189.59
189.47
189.31
189.12
188.93
188.75
188.58
188.43
188.31
188.17
188.03
187.88
187.72
187.57
187.39
187.15
186.88
186.58
186.29
186.12
186.11
186.25
186.50
186.81
187.11
187.39
187.61
187.79
187.93
188.08
188.26
188.48
188.72
188.95
189.17
189.37
189.54
189.69
189.81
189.85
189.80
189.68
189.50
189.29
189.03
188.70
188.33
187.95
187.58
187.26
187.01
186.83
186.72
186.70
186.79
186.97
187.21
187.47
187.81
188.24
188.73
189.26
189.77
190.15
190.35
190.36
190.24
190.04
189.85
189.69
189.60
189.55
189.55
189.57
189.60
189.65
189.70
189.75
189.72
189.60
189.37
189.08
188.77
188.43
188.08
187.72
187.37
187.06
186.81
186.63
186.52
186.48
186.47
186.36
186.12
185.73
185.25
184.75
184.44
184.37
184.56
184.94
185.42
185.84
186.15
186.30
186.33
186.40
186.52
186.75
187.02
187.32
187.70
188.16
188.68
189.23
189.76
190.17
190.43
190.54
190.54
190.45
190.23
189.90
189.45
188.95
188.45
188.15
188.10
188.34
188.75
189.26
189.66
189.88
189.88
189.73
189.47
189.22
189.00
188.85
188.75
188.69
188.61
188.50
188.34
188.16
187.97
187.84
187.78
187.81
187.89
188.00
188.06
188.03
187.90
187.70
187.64
187.74
188.05
188.47
188.96
189.30
189.44
189.36
189.12
188.79
188.43
188.09
187.80
187.55
187.34
187.21
187.14
187.14
187.19
187.26
187.38
187.54
187.73
187.93
188.12
188.36
188.64
188.97
189.30
189.63
189.85
189.95
189.91
189.78
189.60
189.46
189.41
189.46
189.57
189.73
189.70
189.42
188.88
188.19
187.43
186.88
186.60
186.64
186.90
187.30
187.68
187.96
188.10
188.14
188.08
187.95
187.74
187.51
187.26
187.05
186.89
186.78
186.71
186.68
186.73
186.86
187.07
187.31
187.58
187.78
187.91
187.96
187.93
187.87
187.75
187.59
187.39
187.17
186.96
186.87
186.92
187.11
187.41
187.75
188.06
188.30
188.45
188.53
188.56
188.55
188.52
188.46
188.40
188.34
188.27
188.21
188.16
188.12
188.08
188.10
188.19
188.35
188.55
188.77
188.96
189.11
189.21
189.27
189.27
189.21
189.11
188.98
188.83
188.66
188.47
188.25
188.03
187.82
187.63
187.47
187.32
187.21
187.11
187.07
187.08
187.13
187.21
187.31
187.50
187.78
188.15
188.56
188.97
189.40
189.83
190.24
190.63
190.97
191.21
191.34
191.36
191.30
191.19
190.97
190.64
190.22
189.75
189.27
188.85
188.49
188.21
188.00
187.86
187.79
187.80
187.86
187.97
188.08
188.16
188.21
188.23
188.23
188.28
188.37
188.53
188.71
188.91
189.14
189.38
189.64
189.89
190.13
190.31
190.44
190.51
190.52
190.51
190.45
190.34
190.19
190.02
189.85
189.66
189.45
189.22
189.00
188.79
188.55
188.27
187.95
187.62
187.31
187.04
186.84
186.71
186.63
186.60
186.57
186.53
186.48
186.41
186.35
186.31
186.30
186.34
186.40
186.47
186.55
186.63
186.71
186.78
186.89
187.06
187.28
187.52
187.77
187.99
188.15
188.26
188.32
188.35
188.35
188.33
188.30
188.26
188.22
188.18
188.14
188.11
188.08
188.05
188.03
188.02
188.01
188.00
187.99
187.96
187.90
187.81
187.70
187.59
187.48
187.38
187.29
187.21
187.14
187.00
186.79
186.49
186.15
185.79
185.61
185.63
185.88
186.28
186.76
187.16
187.43
187.54
187.54
187.46
187.40
187.41
187.50
187.64
187.76
187.83
187.83
187.79
187.72
187.69
187.70
187.79
187.91
188.05
188.13
188.10
187.97
187.78
187.55
187.27
186.97
186.66
186.35
186.06
185.96
186.08
186.43
186.92
187.48
188.00
188.45
188.80
189.05
189.22
189.25
189.14
188.89
188.57
188.20
187.90
187.72
187.65
187.68
187.77
187.79
187.71
187.51
187.24
186.92
186.65
186.46
186.35
186.31
186.34
186.44
186.60
186.78
186.97
187.13
187.26
187.33
187.36
187.36
187.35
187.31
187.28
187.24
187.19
187.23
187.37
187.61
187.90
188.22
188.46
188.58
188.59
188.51
188.37
188.20
188.02
187.84
187.66
187.51
187.37
187.25
187.16
187.08
187.03
187.09
187.29
187.63
188.05
188.50
188.87
189.12
189.24
189.25
189.20
189.12
189.05
188.99
188.96
188.93
188.81
188.58
188.22
187.80
187.44
187.17
187.03
186.98
187.00
187.04
187.08
187.11
187.12
187.12
187.09
187.02
186.92
186.80
186.67
186.68
186.85
187.19
187.63
188.12
188.62
189.10
189.53
189.91
190.24
190.43
190.47
190.37
190.17
189.92
189.50
188.93
188.21
187.43
186.65
186.01
185.56
185.33
185.25
185.29
185.43
185.66
185.94
186.25
186.56
186.91
187.29
187.70
188.12
188.45
188.69
188.82
188.87
188.85
188.72
188.47
188.10
187.68
187.24
186.93
186.76
186.76
186.88
187.08
187.32
187.58
187.84
188.08
188.30
188.46
188.57
188.61
188.61
188.57
188.49
188.37
188.21
188.03
187.85
187.58
187.19
186.70
186.15
185.60
185.18
184.94
184.87
184.94
185.10
185.42
185.89
186.49
187.15
187.82
188.33
188.62
188.69
188.60
188.39
188.14
187.90
187.68
187.49
187.35
187.28
187.27
187.30
187.36
187.41
187.43
187.43
187.40
187.36
187.39
187.52
187.73
188.01
188.31
188.58
188.81
188.98
189.10
189.18
189.19
189.16
189.07
188.95
188.82
188.63
188.38
188.08
187.76
187.44
187.19
187.03
186.97
186.99
187.05
187.09
187.09
187.03
186.94
186.82
186.74
186.73
186.79
186.90
187.03
187.23
187.49
187.81
188.15
188.48
188.80
189.09
189.34
189.55
189.64
189.60
189.44
189.19
188.90
188.65
188.47
188.37
188.33
188.34
188.38
188.45
188.52
188.60
188.67
188.85
189.14
189.55
190.03
190.52
190.86
191.01
190.96
190.76
190.48
190.09
189.63
189.11
188.58
188.08
187.66
187.36
187.19
187.11
187.10
187.17
187.30
187.49
187.70
187.91
188.02
187.98
187.80
187.52
187.19
186.87
186.58
186.35
186.17
186.04
185.94
185.87
185.83
185.82
185.92
186.16
186.53
186.98
187.45
187.89
188.27
188.58
188.82
188.99
189.06
189.03
188.90
188.70
188.48
188.29
188.17
188.13
188.15
188.21
188.19
188.05
187.80
187.47
187.11
186.90
186.89
187.11
187.47
187.91
188.33
188.69
188.95
189.14
189.27
189.37
189.46
189.55
189.64
189.72
189.74
189.69
189.56
189.39
189.19
188.96
188.71
188.45
188.18
187.99
187.88
187.86
187.91
188.00
188.07
188.08
188.04
187.95
187.83
187.74
187.67
187.64
187.64
187.66
187.77
187.98
188.29
188.65
189.03
189.29
189.41
189.36
189.20
188.97
188.76
188.60
188.50
188.47
188.47
188.39
188.21
187.91
187.54
187.15
186.84
186.65
186.58
186.61
186.71
186.87
187.09
187.34
187.60
187.87
188.00
187.99
187.82
187.55
187.23
186.96
186.79
186.74
186.76
186.80
186.80
186.77
186.70
186.61
186.55
186.51
186.51
186.54
186.58
186.66
186.78
186.92
187.08
187.24
187.26
187.11
186.79
186.36
185.88
185.52
185.34
185.35
185.50
185.74
186.03
186.34
186.64
186.93
187.18
187.38
187.51
187.58
187.59
187.57
187.55
187.55
187.57
187.61
187.66
187.66
187.59
187.46
187.30
187.11
187.00
186.99
187.09
187.26
187.47
187.70
187.94
188.16
188.35
188.53
188.67
188.80
188.89
188.96
188.96
188.88
188.73
188.53
188.30
188.08
187.86
187.66
187.49
187.34
187.19
187.04
186.88
186.71
186.56
186.45
186.39
186.38
186.41
186.46
186.55
186.68
186.84
187.01
187.19
187.30
187.34
187.29
187.19
187.05
186.90
186.75
186.60
186.47
186.35
186.19
185.99
185.74
185.48
185.21
185.10
185.16
185.40
185.77
186.09
186.31
186.40
186.38
186.30
186.22
186.18
186.20
186.26
186.33
186.42
186.52
186.61
186.70
186.77
186.86
186.98
187.11
187.25
187.39
187.60
187.89
188.26
188.66
189.07
189.38
189.56
189.61
189.55
189.43
189.27
189.09
188.90
188.73
188.56
188.42
188.29
188.19
188.11
188.05
188.00
187.97
187.95
187.93
187.93
187.96
188.02
188.11
188.23
188.35
188.47
188.58
188.68
188.77
188.87
188.99
189.12
189.27
189.41
189.51
189.57
189.58
189.55
189.51
189.37
189.13
188.80
188.41
188.02
187.71
187.52
187.47
187.52
187.63
187.73
187.78
187.78
187.74
187.67
187.66
187.74
187.92
188.16
188.42
188.72
189.03
189.36
189.68
189.97
190.18
190.28
190.29
190.23
190.12
189.93
189.66
189.34
188.98
188.63
188.37
188.24
188.24
188.34
188.41
188.43
188.37
188.25
188.10
187.96
187.85
187.79
187.75
187.74
187.80
187.93
188.13
188.38
188.63
188.94
189.29
189.68
190.08
190.46
190.73
190.87
190.86
190.76
190.59
190.39
190.18
189.96
189.76
189.58
189.37
189.12
188.83
188.53
188.24
188.05
187.98
188.04
188.19
188.39
188.59
188.76
188.90
189.00
189.07
189.11
189.14
189.15
189.15
189.14
189.05
188.86
188.57
188.24
187.88
187.53
187.20
186.91
186.66
186.52
186.52
186.65
186.87
187.14
187.42
187.71
187.98
188.22
188.43
188.53
188.50
188.35
188.12
187.84
187.61
187.43
187.34
187.31
187.33
187.48
187.78
188.21
188.72
189.25
189.55
189.58
189.30
188.82
188.22
187.58
186.94
186.33
185.78
185.30
185.06
185.07
185.34
185.78
186.31
186.88
187.45
187.98
188.47
188.88
189.24
189.53
189.75
189.93
189.97
189.88
189.67
189.38
189.04
188.70
188.37
188.06
187.79
187.56
187.40
187.30
187.27
187.28
187.34
187.43
187.57
187.75
187.93
188.12
188.25
188.30
188.26
188.17
188.04
187.87
187.66
187.43
187.19
186.96
186.77
186.64
186.56
186.54
186.54
186.65
186.86
187.18
187.56
187.95
188.15
188.10
187.80
187.33
186.77
186.36
186.18
186.25
186.51
186.74
186.87
186.87
186.76
186.60
186.45
186.35
186.31
186.32
186.37
186.46
186.59
186.76
186.94
187.13
187.33
187.55
187.78
188.01
188.22
188.38
188.49
188.54
188.55
188.52
188.50
188.50
188.53
188.57
188.63
188.60
188.49
188.27
188.00
187.71
187.41
187.12
186.86
186.63
186.44
186.25
186.07
185.88
185.71
185.54
185.56
185.78
186.22
186.78
187.40
187.94
188.37
188.65
188.81
188.88
188.88
188.83
188.76
188.66
188.56
188.46
188.36
188.28
188.20
188.14
188.09
188.05
188.01
187.99
188.00
188.05
188.14
188.24
188.35
188.44
188.49
188.50
188.48
188.44
188.42
188.42
188.45
188.50
188.56
188.58
188.53
188.41
188.26
188.08
187.98
187.98
188.08
188.26
188.48
188.66
188.77
188.81
188.80
188.75
188.64
188.50
188.31
188.11
187.97
187.90
187.90
187.97
188.07
188.21
188.40
188.61
188.84
189.06
189.21
189.28
189.26
189.17
189.05
188.91
188.77
188.62
188.49
188.37
188.26
188.18
188.11
188.05
188.01
187.93
187.79
187.60
187.38
187.16
186.91
186.65
186.37
186.11
185.87
185.76
185.80
186.00
186.30
186.65
186.87
186.89
186.70
186.37
185.96
185.51
185.06
184.64
184.25
183.92
183.85
184.07
184.60
185.31
186.06
186.77
187.39
187.91
188.33
188.66
188.91
189.09
189.21
189.29
189.35
189.41
189.49
189.57
189.65
189.65
189.54
189.33
189.06
188.76
188.46
188.16
187.90
187.66
187.46
187.41
187.50
187.76
188.11
188.51
188.77
188.82
188.66
188.35
187.95
187.54
187.16
186.83
186.55
186.33
186.24
186.28
186.45
186.71
187.02
187.31
187.56
187.76
187.92
188.06
188.19
188.33
188.46
188.58
188.64
188.61
188.51
188.36
188.18
188.04
187.97
187.98
188.04
188.13
188.24
188.36
188.48
188.59
188.69
188.69
188.59
188.38
188.11
187.81
187.52
187.28
187.10
186.97
186.87
186.87
186.95
187.12
187.34
187.58
187.72
187.73
187.58
187.35
187.05
186.79
186.59
186.48
186.42
186.42
186.55
186.83
187.24
187.74
188.26
188.69
188.99
189.15
189.21
189.26
189.35
189.50
189.68
189.88
190.03
190.11
190.10
190.04
189.94
189.84
189.77
189.73
189.72
189.73
189.78
189.86
189.98
190.12
190.26
190.35
190.36
190.30
190.19
190.05
189.97
189.99
190.10
190.29
190.51
190.50
190.22
189.63
188.87
188.02
187.23
186.58
186.09
185.74
185.51
185.40
185.40
185.48
185.62
185.79
185.92
185.99
185.99
185.93
185.84
185.84
185.96
186.20
186.52
186.80
186.99
187.07
187.07
187.01
186.89
186.72
186.51
186.28
186.05
185.91
185.89
185.98
186.16
186.38
186.65
186.95
187.27
187.59
187.88
188.23
188.64
189.10
189.58
190.05
190.29
190.27
189.98
189.51
188.93
188.46
188.14
188.01
188.03
188.15
188.33
188.55
188.78
189.00
189.22
189.30
189.24
189.02
188.70
188.34
187.96
187.59
187.24
186.93
186.67
186.45
186.27
186.13
186.02
185.95
185.90
185.87
185.85
185.85
185.97
186.21
186.58
187.02
187.49
187.85
188.05
188.09
188.00
187.83
187.64
187.46
187.31
187.19
187.09
186.99
186.88
186.76
186.63
186.51
186.37
186.21
186.04
185.86
185.69
185.56
185.48
185.45
185.46
185.49
185.57
185.69
185.84
186.01
186.18
186.40
186.66
186.97
187.30
187.62
187.78
187.76
187.55
187.21
186.80
186.36
185.93
185.52
185.16
185.10
185.41
186.08
186.98
187.98
188.77
189.23
189.34
189.18
188.84
188.43
187.99
187.58
187.21
186.89
186.69
186.64
186.73
186.91
187.15
187.31
187.35
187.26
187.07
186.83
186.59
186.37
186.20
186.07
185.98
185.99
186.12
186.37
186.68
187.03
187.34
187.62
187.83
187.99
188.10
188.14
188.13
188.06
187.95
187.90
187.94
188.08
188.28
188.51
188.70
188.82
188.86
188.85
188.79
188.65
188.44
188.16
187.85
187.54
187.18
186.79
186.36
185.94
185.54
185.25
185.11
185.11
185.21
185.38
185.61
185.88
186.19
186.50
186.80
186.96
186.98
186.83
186.57
186.25
186.02
185.90
185.94
186.07
186.27