103.24
103.25
103.35
103.51
103.70
103.88
104.02
104.12
104.18
104.22
104.18
104.06
103.87
103.63
103.38
103.13
102.89
102.68
102.49
102.34
102.16
101.94
101.69
101.42
101.15
101.04
101.11
101.36
101.73
102.17
102.60
102.99
103.31
103.58
103.68
103.61
103.37
103.02
102.61
102.35
102.28
102.43
102.72
103.10
103.39
103.54
103.50
103.34
103.10
102.88
102.70
102.59
102.54
102.52
102.54
102.58
102.62
102.68
102.73
102.73
102.67
102.53
102.35
102.16
101.96
101.77
101.59
101.44
101.31
101.20
101.11
101.04
101.00
100.96
100.91
100.84
100.75
100.64
100.54
100.43
100.33
100.25
100.18
100.20
100.32
100.55
100.84
101.16
101.46
101.71
101.90
102.04
102.13
102.19
102.22
102.23
102.23
102.21
102.22
102.25
102.31
102.39
102.48
102.54
102.57
102.56
102.52
102.47
102.46
102.51
102.62
102.78
102.95
103.05
103.05
102.94
102.75
102.53
102.35
102.23
102.19
102.20
102.25
102.30
102.33
102.34
102.32
102.30
102.26
102.22
102.18
102.15
101.98
101.66
101.19
100.64
100.05
99.64
99.45
99.51
99.74
100.07
100.41
100.70
100.92
101.08
101.19
101.23
101.20
101.12
101.00
100.87
100.78
100.76
100.81
100.91
101.03
101.23
101.49
101.80
102.14
102.48
102.71
102.83
102.81
102.70
102.53
102.39
102.29
102.26
102.28
102.33
102.38
102.40
102.40
102.37
102.34
102.29
102.25
102.20
102.16
102.17
102.25
102.40
102.60
102.80
102.93
102.96
102.88
102.72
102.51
102.32
102.15
102.02
101.93
101.87
101.87
101.91
101.99
102.11
102.24
102.37
102.49
102.61
102.71
102.80
102.81
102.76
102.62
102.44
102.24
102.03
101.83
101.64
101.48
101.34
101.19
101.04
100.88
100.72
100.57
100.49
100.48
100.56
100.69
100.86
101.00
101.12
101.20
101.24
101.26
101.31
101.41
101.56
101.75
101.97
102.22
102.49
102.77
103.02
103.28
103.54
103.80
104.05
104.27
104.44
104.55
104.59
104.59
104.56
104.51
104.45
104.38
104.31
104.25
104.13
103.97
103.75
103.50
103.24
103.00
102.77
102.58
102.41
102.26
102.18
102.15
102.17
102.23
102.32
102.44
102.60
102.78
102.97
103.16
103.24
103.17
102.95
102.64
102.28
101.99
101.80
101.73
101.75
101.83
101.95
102.09
102.23
102.38
102.56
102.80
103.08
103.38
103.68
103.85
103.87
103.73
103.49
103.19
102.88
102.61
102.39
102.21
102.07
101.98
101.91
101.86
101.84
101.83
101.84
101.85
101.86
101.88
101.90
101.87
101.77
101.61
101.41
101.19
101.03
100.94
100.94
100.99
101.08
101.19
101.32
101.44
101.55
101.66
101.78
101.91
102.07
102.22
102.35
102.43
102.46
102.46
102.44
102.37
102.26
102.12
101.96
101.80
101.75
101.83
102.06
102.38
102.74
103.04
103.23
103.30
103.27
103.19
103.10
103.01
102.95
102.91
102.89
102.82
102.71
102.54
102.33
102.12
101.96
101.88
101.89
101.95
102.05
102.14
102.21
102.25
102.27
102.26
102.22
102.13
102.02
101.88
101.74
101.68
101.72
101.87
102.09
102.37
102.70
103.05
103.40
103.73
103.95
104.04
103.99
103.86
103.66
103.49
103.37
103.31
103.32
103.35
103.31
103.15
102.87
102.53
102.15
101.77
101.41
101.08
100.79
100.55
100.35
100.19
100.07
99.98
99.92
99.96
100.11
100.37
100.69
101.04
101.45
101.89
102.37
102.85
103.30
103.67
103.97
104.18
104.32
104.40
104.32
104.09
103.72
103.25
102.78
102.34
101.96
101.64
101.39
101.19
101.03
100.93
100.86
100.81
100.87
101.04
101.32
101.66
102.02
102.35
102.63
102.85
103.01
103.12
103.17
103.15
103.07
102.97
102.84
102.76
102.74
102.80
102.90
103.03
103.12
103.15
103.11
103.02
102.91
102.83
102.81
102.86
102.96
103.08
103.08
102.93
102.62
102.20
101.74
101.33
100.99
100.75
100.60
100.52
100.48
100.49
100.52
100.56
100.62
100.68
100.74
100.79
100.84
100.86
100.84
100.78
100.70
100.60
100.53
100.49
100.49
100.52
100.56
100.70
100.93
101.25
101.63
102.02
102.34
102.58
102.72
102.77
102.77
102.67
102.49
102.23
101.93
101.61
101.41
101.36
101.46
101.67
101.94
102.21
102.46
102.66
102.82
102.94
103.08
103.26
103.47
103.71
103.89
103.99
104.01
103.97
103.89
103.71
103.42
103.04
102.61
102.16
101.71
101.26
100.83
100.43
100.07
99.84
99.76
99.82
99.97
100.19
100.53
100.96
101.47
102.03
102.57
102.98
103.21
103.25
103.16
102.99
102.78
102.58
102.41
102.27
102.16
102.07
102.00
101.96
101.93
101.91
101.96
102.07
102.26
102.48
102.71
102.90
103.00
103.02
102.98
102.90
102.80
102.68
102.56
102.45
102.35
102.26
102.18
102.12
102.06
102.11
102.25
102.50
102.80
103.14
103.36
103.45
103.38
103.20
102.96
102.74
102.57
102.48
102.44
102.44
102.45
102.44
102.41
102.37
102.32
102.24
102.13
102.00
101.85
101.70
101.61
101.60
101.66
101.78
101.92
102.06
102.16
102.23
102.26
102.27
102.26
102.24
102.22
102.18
102.18
102.21
102.27
102.35
102.44
102.48
102.46
102.37
102.23
102.06
101.92
101.81
101.74
101.71
101.70
101.68
101.65
101.59
101.52
101.44
101.36
101.29
101.22
101.16
101.11
101.07
101.04
101.01
100.99
100.98
101.05
101.22
101.49
101.81
102.15
102.41
102.56
102.57
102.50
102.37
102.29
102.28
102.37
102.52
102.70
102.90
103.09
103.28
103.45
103.60
103.72
103.83
103.91
103.97
104.01
104.04
104.06
104.07
104.08
104.10
104.15
104.24
104.33
104.44
104.43
104.30
104.03
103.68
103.29
102.98
102.77
102.69
102.71
102.79
102.88
102.97
103.03
103.07
103.09
103.11
103.11
103.11
103.10
103.09
103.13
103.23
103.40
103.60
103.82
104.00
104.15
104.24
104.30
104.32
104.26
104.13
103.92
103.67
103.41
103.12
102.82
102.51
102.22
101.94
101.70
101.50
101.32
101.19
101.08
101.00
100.95
100.91
100.89
100.99
101.22
101.58
102.02
102.48
102.87
103.13
103.25
103.27
103.21
103.11
102.98
102.83
102.69
102.55
102.48
102.48
102.56
102.70
102.86
103.04
103.21
103.38
103.53
103.66
103.66
103.52
103.23
102.86
102.44
102.18
102.12
102.29
102.60
103.01
103.31
103.47
103.45
103.31
103.08
102.81
102.53
102.25
101.98
101.72
101.45
101.19
100.94
100.72
100.52
100.36
100.22
100.12
100.04
100.11
100.36
100.78
101.30
101.86
102.40
102.87
103.26
103.58
103.82
104.06
104.30
104.56
104.81
105.06
105.09
104.89
104.43
103.81
103.13
102.40
101.67
100.96
100.30
99.72
99.33
99.14
99.16
99.33
99.59
99.90
100.23
100.56
100.86
101.11
101.29
101.40
101.46
101.48
101.46
101.43
101.38
101.32
101.27
101.22
101.17
101.13
101.09
101.06
101.11
101.27
101.52
101.83
102.16
102.50
102.81
103.09
103.34
103.55
103.66
103.68
103.61
103.47
103.29
103.15
103.07
103.07
103.11
103.19
103.16
102.98
102.64
102.21
101.73
101.42
101.30
101.42
101.70
102.07
102.40
102.66
102.80
102.86
102.82
102.72
102.55
102.35
102.14
101.96
101.82
101.73
101.68
101.67
101.70
101.78
101.90
102.04
102.20
102.32
102.40
102.44
102.44
102.42
102.33
102.16
101.94
101.67
101.40
101.18
101.05
101.01
101.03
101.10
101.25
101.47
101.77
102.09
102.42
102.68
102.86
102.93
102.94
102.89
102.78
102.62
102.43
102.21
102.00
101.90
101.94
102.14
102.43
102.74
103.04
103.30
103.52
103.70
103.85
103.95
104.03
104.08
104.12
104.13
104.14
104.13
104.12
104.11
104.12
104.16
104.24
104.33
104.43
104.45
104.37
104.19
103.95
103.68
103.42
103.20
103.04
102.93
102.85
102.83
102.87
102.95
103.07
103.20
103.31
103.38
103.41
103.41
103.39
103.38
103.39
103.43
103.49
103.56
103.61
103.62
103.59
103.55
103.54
103.58
103.69
103.83
104.00
104.11
104.16
104.13
104.05
103.94
103.84
103.76
103.72
103.71
103.71
103.71
103.68
103.62
103.55
103.47
103.25
102.89
102.37
101.78
101.16
100.66
100.33
100.19
100.19
100.28
100.44
100.63
100.84
101.05
101.25
101.40
101.50
101.54
101.54
101.51
101.55
101.66
101.86
102.12
102.40
102.63
102.79
102.85
102.85
102.91
103.07
103.33
103.66
104.02
104.32
104.54
104.67
104.72
104.72
104.60
104.36
104.02
103.61
103.19
102.81
102.48
102.22
102.03
101.90
101.73
101.50
101.21
100.89
100.56
100.30
100.13
100.06
100.06
100.11
100.19
100.29
100.40
100.51
100.61
100.70
100.78
100.85
100.91
100.95
101.09
101.35
101.72
102.16
102.61
103.04
103.40
103.68
103.90
104.06
104.19
104.31
104.44
104.55
104.61
104.58
104.48
104.33
104.16
104.00
103.87
103.79
103.75
103.73
103.70
103.66
103.60
103.52
103.44
103.41
103.45
103.56
103.71
103.89
103.94
103.83
103.55
103.16
102.72
102.35
102.08
101.94
101.90
101.93
102.07
102.29
102.59
102.93
103.28
103.56
103.76
103.85
103.87
103.84
103.78
103.69
103.59
103.49
103.39
103.33
103.31
103.33
103.38
103.42
103.44
103.44
103.41
103.36
103.31
103.26
103.21
103.17
103.12
102.98
102.72
102.34
101.90
101.43
101.11
100.97
101.03
101.24
101.53
101.84
102.13
102.38
102.59
102.76
102.92
103.07
103.23
103.38
103.52
103.56
103.50
103.32
103.07
102.78
102.51
102.28
102.11
101.98
101.89
101.86
101.89
101.96
102.07
102.20
102.36
102.54
102.75
102.96
103.11
103.19
103.18
103.10
102.99
102.89
102.81
102.77
102.75
102.75
102.81
102.95
103.16
103.40
103.65
103.88
104.06
104.18
104.25
104.29
104.25
104.13
103.93
103.69
103.42
103.22
103.09
103.05
103.07
103.14
103.17
103.16
103.10
102.99
102.86
102.67
102.42
102.12
101.79
101.47
101.16
100.89
100.65
100.44
100.28
100.22
100.30
100.49
100.76
101.07
101.39
101.70
101.99
102.24
102.38
102.39
102.27
102.07
101.81
101.56
101.34
101.17
101.04
100.95
100.89
100.85
100.83
100.83
100.83
100.93
101.12
101.40
101.74
102.10
102.38
102.53
102.56
102.50
102.37
102.21
102.04
101.86
101.68
101.53
101.42
101.36
101.35
101.38
101.43
101.55
101.74
102.00
102.28
102.57
102.85
103.11
103.34
103.53
103.62
103.57
103.41
103.16
102.87
102.60
102.36
102.17
102.03
101.93
101.81
101.66
101.46
101.25
101.03
100.93
100.97
101.16
101.44
101.78
101.97
101.98
101.77
101.42
100.99
100.61
100.33
100.16
100.09
100.09
100.22
100.47
100.84
101.26
101.71
102.06
102.29
102.38
102.38
102.30
102.20
102.10
102.03
101.98
101.95
101.93
101.91
101.91
101.91
101.95
102.01
102.11
102.23
102.35
102.42
102.42
102.34
102.21
102.06
101.95
101.90
101.93
102.00
102.11
102.26
102.44
102.65
102.87
103.09
103.21
103.21
103.10
102.91
102.67
102.39
102.08
101.75
101.42
101.12
100.90
100.78
100.76
100.81
100.91
101.09
101.35
101.67
102.02
102.37
102.70
103.01
103.27
103.50
103.68
103.83
103.94
104.02
104.08
104.11
104.13
104.14
104.13
104.12
104.06
103.93
103.73
103.51
103.26
103.03
102.81
102.61
102.44
102.30
102.18
102.09
102.02
101.97
101.94
101.94
101.99
102.08
102.19
102.31
102.43
102.55
102.65
102.75
102.82
102.86
102.85
102.80
102.73
102.63
102.48
102.27
102.00
101.70
101.40
101.14
100.94
100.80
100.72
100.67
100.69
100.75
100.86
101.00
101.18
101.39
101.62
101.86
102.08
102.29
102.48
102.63
102.76
102.87
102.97
103.09
103.22
103.35
103.48
103.52
103.45
103.27
103.02
102.74
102.51
102.34
102.26
102.24
102.27
102.30
102.32
102.32
102.30
102.27
102.23
102.20
102.16
102.13
102.10
102.07
102.05
102.03
102.01
102.00
101.97
101.91
101.81
101.71
101.59
101.51
101.46
101.46
101.48
101.50
101.50
101.48
101.43
101.38
101.43
101.60
101.90
102.28
102.69
103.02
103.24
103.32
103.31
103.23
103.06
102.80
102.47
102.11
101.74
101.50
101.41
101.48
101.67
101.92
102.19
102.43
102.63
102.79
102.91
102.95
102.90
102.76
102.57
102.35
102.13
101.91
101.71
101.53
101.38
101.33
101.40
101.59
101.85
102.14
102.42
102.67
102.85
102.99
103.06
103.07
103.02
102.93
102.81
102.69
102.57
102.45
102.34
102.25
102.23
102.28
102.41
102.58
102.78
102.88
102.84
102.67
102.40
102.09
101.87
101.77
101.82
101.97
102.19
102.33
102.36
102.25
102.05
101.81
101.57
101.35
101.18
101.06
100.96
100.95
101.03
101.19
101.40
101.63
101.89
102.17
102.47
102.76
103.03
103.19
103.22
103.13
102.95
102.72
102.57
102.55
102.66
102.86
103.07
103.23
103.34
103.39
103.41
103.37
103.29
103.16
103.01
102.85
102.74
102.71
102.76
102.85
102.98
103.16
103.36
103.60
103.83
104.06
104.25
104.37
104.44
104.47
104.46
104.41
104.31
104.16
104.00
103.84
103.65
103.44
103.22
103.00
102.79
102.58
102.36
102.13
101.91
101.71
101.66
101.79
102.11
102.54
103.03
103.50
103.93
104.28
104.57
104.79
104.96
105.08
105.16
105.21
105.07
104.73
104.18
103.52
102.82
102.26
101.89
101.74
101.76
101.89
102.05
102.18
102.26
102.30
102.32
102.28
102.21
102.09
101.94
101.79
101.75
101.84
102.08
102.40
102.76
103.08
103.33
103.48
103.57
103.59
103.56
103.46
103.31
103.14
102.96
102.81
102.70
102.64
102.61
102.62
102.61
102.59
102.55
102.48
102.52
102.68
102.97
103.33
103.73
104.05
104.26
104.34
104.32
104.24
104.06
103.80
103.47
103.10
102.73
102.41
102.15
101.96
101.82
101.74
101.75
101.85
102.03
102.27
102.53
102.73
102.86
102.91
102.89
102.83
102.77
102.73
102.72
102.72
102.74
102.71
102.63
102.48
102.30
102.10
101.91
101.72
101.55
101.40
101.28
101.20
101.18
101.21
101.27
101.35
101.44
101.54
101.63
101.71
101.79
101.85
101.90
101.94
101.98
102.08
102.27
102.55
102.87
103.22
103.50
103.70
103.80
103.83
103.80
103.74
103.66
103.57
103.47
103.38
103.32
103.30
103.33
103.38
103.45
103.45
103.36
103.17
102.92
102.64
102.44
102.34
102.36
102.46
102.62
102.74
102.82
102.83
102.79
102.72
102.66
102.63
102.62
102.64
102.69
102.79
102.92
103.07
103.23
103.32
103.35
103.29
103.18
103.05
102.92
102.82
102.76
102.73
102.73
102.66
102.51
102.27
101.98
101.67
101.39
101.16
100.99
100.87
100.80
100.81
100.91
101.09
101.32
101.57
101.84
102.14
102.45
102.75
103.02
103.24
103.40
103.48
103.52
103.52
103.54
103.61
103.73
103.88
104.05
104.08
103.96
103.66
103.25
102.85
102.49
102.21
102.01
101.87
101.83
101.89
102.04
102.26
102.50
102.72
102.91
103.04
103.14
103.19
103.28
103.40
103.57
103.77
103.97
104.17
104.35
104.52
104.66
104.77
104.81
104.77
104.65
104.47
104.27
104.06
103.86
103.67
103.50
103.36
103.29
103.31
103.41
103.57
103.75
103.93
104.06
104.15
104.21
104.24
104.25
104.24
104.22
104.20
104.14
104.06
103.94
103.81
103.67
103.59
103.59
103.66
103.78
103.93
104.07
104.17
104.24
104.27
104.28
104.21
104.08
103.87
103.63
103.37
103.14
102.96
102.84
102.76
102.72
102.70
102.71
102.73
102.76
102.79
102.82
102.86
102.89
102.92
102.94
102.88
102.72
102.47
102.16
101.83
101.55
101.35
101.25
101.22
101.23
101.24
101.20
101.11
100.98
100.92
100.95
101.08
101.28
101.51
101.77
102.06
102.37
102.68
102.96
103.08
103.01
102.75
102.37
101.92
101.56
101.32
101.25
101.29
101.42
101.56
101.70
101.81
101.90
101.96
101.99
101.96
101.90
101.80
101.69
101.60
101.55
101.54
101.55
101.59
101.61
101.60
101.57
101.51
101.44
101.48
101.64
101.93
102.30
102.70
103.14
103.58
104.02
104.43
104.64
104.63
104.37
103.95
103.45
103.02
102.72
102.57
102.55
102.61
102.81
103.13
103.56
104.05
104.55
104.92
105.13
105.17
105.08
104.90
104.68
104.43
104.18
103.94
103.73
103.59
103.54
103.59
103.69
103.84
104.00
104.17
104.33
104.48
104.61
104.62
104.48
104.20
103.84
103.43
103.01
102.61
102.24
101.92
101.65
101.39
101.15
100.92
100.71
100.61
100.62
100.76
100.97
101.23
101.51
101.78
102.04
102.27
102.47
102.61
102.69
102.71
102.69
102.63
102.64
102.73
102.92
103.16
103.43
103.59
103.62
103.50
103.29
103.01
102.66
102.24
101.78
101.30
100.85
100.51
100.31
100.26
100.32
100.45
100.63
100.82
101.02
101.22
101.39
101.52
101.60
101.62
101.60
101.56
101.55
101.59
101.70
101.85
101.98
102.09
102.16
102.21
102.22
102.22
102.21
102.19
102.17
102.14
102.20
102.35
102.59
102.89
103.22
103.51
103.76
103.94
104.08
104.17
104.14
103.99
103.73
103.40
103.04
102.68
102.34
102.03
101.75
101.52
101.33
101.18
101.06
100.98
100.92
100.94
101.03
101.21
101.42
101.66
101.87
102.04
102.15
102.22
102.26
102.30
102.36
102.43
102.51
102.54
102.50
102.40
102.25
102.08
101.93
101.81
101.74
101.71
101.70
101.68
101.65
101.59
101.51
101.44
101.36
101.28
101.22
101.16
101.11
101.12
101.20
101.36
101.55
101.77
101.96
102.11
102.20
102.26
102.29
102.43
102.70
103.12
103.62
104.16
104.52
104.67
104.58
104.32
103.96
103.66
103.47
103.42
103.46
103.58
103.65
103.66
103.57
103.43
103.28
103.15
103.05
102.97
102.92
102.78
102.54
102.18
101.75
101.31
100.98
100.81
100.80
100.92
101.11
101.42
101.85
102.37
102.93
103.48
103.90
104.14
104.20
104.12
103.95
103.71
103.40
103.06
102.71
102.37
102.09
101.87
101.73
101.64
101.60
101.59
101.61
101.64
101.68
101.73
101.72
101.65
101.52
101.34
101.14
101.00
100.92
100.93
100.99
101.09
101.18
101.24
101.28
101.29
101.30
101.34
101.40
101.48
101.56
101.69
101.88
102.13
102.40
102.68
102.89
103.01
103.05
103.02
102.94
102.84
102.72
102.60
102.48
102.37
102.33
102.37
102.48
102.63
102.82
103.04
103.28
103.55
103.81
104.06
104.20
104.22
104.12
103.94
103.70
103.50
103.36
103.30
103.29
103.32
103.30
103.20
103.02
102.78
102.52
102.33
102.25
102.29
102.41
102.60
102.85
103.14
103.45
103.74
103.99
104.18
104.30
104.37
104.40
104.34
104.21
103.99
103.74
103.46
103.30
103.28
103.41
103.64
103.92
104.16
104.30
104.33
104.28
104.17
103.98
103.72
103.39
103.03
102.67
102.35
102.10
101.92
101.79
101.72
101.76
101.92
102.20
102.55
102.92
103.18
103.31
103.27
103.12
102.91
102.68
102.47
102.30
102.16
102.03
101.90
101.76
101.62
101.49
101.40
101.35
101.35
101.39
101.45
101.55
101.68
101.84
102.02
102.19
102.28
102.26
102.12
101.92
101.67
101.56
101.65
101.94
102.36
102.85
103.26
103.53
103.63
103.62
103.53
103.38
103.20
103.01
102.83
102.65
102.52
102.44
102.42
102.43
102.47
102.47
102.42
102.31
102.16
102.00
101.83
101.66
101.51
101.38
101.32
101.34
101.45
101.60
101.79
101.90
101.92
101.83
101.67
101.47
101.35
101.36
101.51
101.75
102.03
102.34
102.64
102.93
103.18
103.41
103.60
103.75
103.87
103.96
104.03
104.02
103.93
103.77
103.56
103.33
103.12
102.96
102.85
102.78
102.74
102.67
102.56
102.40
102.22
102.02
101.99
102.15
102.53
103.03
103.59
103.96
104.05
103.85
103.45
103.01
102.61
102.30
102.06
101.89
101.86
101.96
102.20
102.52
102.87
103.15
103.33
103.38
103.34
103.24
103.11
102.96
102.80
102.64
102.50
102.35
102.18
102.00
101.82
101.65
101.55
101.53
101.60
101.72
101.87
102.01
102.12
102.19
102.23
102.25
102.19
102.06
101.86
101.62
101.37
101.19
101.13
101.19
101.32
101.51
101.69
101.85
101.97
102.05
102.11
102.14
102.16
102.16
102.15
102.17
102.21
102.28
102.37
102.46
102.61
102.82
103.08
103.36
103.65
103.84
103.92
103.87
103.74
103.55
103.42
103.37
103.42
103.54
103.71
103.75
103.66
103.39
103.02
102.61
102.28
102.09
102.06
102.14
102.30
102.47
102.64
102.77
102.88
102.96
103.04
103.14
103.26
103.38
103.49
103.63
103.78
103.96
104.14
104.17
104.04
103.74
103.32
102.85
102.40
101.99
101.65
101.38
101.17
101.12
101.24
101.52
101.91
102.34
102.79
103.22
103.62
103.97
104.27
104.44
104.47
104.36
104.16
103.90
103.59
103.25
102.89
102.53
102.20
101.94
101.74
101.61
101.55
101.52
101.59
101.73
101.96
102.22
102.50
102.73
102.87
102.93
102.92
102.86
102.83
102.84
102.91
103.02
103.09
103.12
103.07
102.98
102.87
102.74
102.61
102.49
102.38
102.28
102.19
102.12
102.07
102.03
102.00
102.03
102.13
102.30
102.51
102.74
102.88
102.93
102.85
102.70
102.51
102.31
102.15
102.03
101.94
101.88
101.93
102.08
102.35
102.68
103.03
103.30
103.46
103.50
103.44
103.33
103.23
103.17
103.18
103.23
103.30
103.34
103.32
103.24
103.11
102.96
102.81
102.66
102.52
102.39
102.28
102.19
102.11
102.06
102.01
102.06
102.21
102.47
102.78
103.12
103.32
103.36
103.20
102.92
102.57
102.37
102.38
102.64
103.06
103.56
104.01
104.37
104.60
104.73
104.78
104.70
104.48
104.14
103.74
103.31
102.85
102.40
101.95
101.53
101.16
100.94
100.90
101.03
101.29
101.61
101.94
102.24
102.49
102.69
102.85
102.97
103.05
103.11
103.15
103.16
103.16
103.16
103.14
103.13
103.16
103.26
103.42
103.61
103.83
103.90
103.82
103.55
103.18
102.74
102.35
102.02
101.80
101.65
101.56
101.50
101.44
101.38
101.31
101.25
101.22
101.23
101.27
101.34
101.43
101.47
101.44
101.35
101.21
101.04
101.06
101.30
101.77
102.38
103.05
103.66
104.14
104.47
104.67
104.84
104.98
105.14
105.30
105.45
105.55
105.61
105.62
105.59
105.54
105.45
105.32
105.16
104.99
104.81
104.62
104.41
104.19
103.97
103.77
103.58
103.42
103.29
103.18
103.09
103.08
103.14
103.29
103.49
103.70
103.87
103.97
103.99
103.94
103.87
103.71
103.48
103.19
102.87
102.54
102.26
102.03
101.87
101.77
101.71
101.68
101.68
101.69
101.72
101.75
101.79
101.83
101.86
101.90
101.84
101.70
101.45
101.14
100.81
100.62
100.60
100.77
101.06
101.42
101.78
102.11
102.39
102.62
102.80
103.00
103.21
103.46
103.71
103.96
104.08
104.05
103.87
103.59
103.26
102.90
102.55
102.22
101.93
101.67
101.53
101.53
101.66
101.88
102.14
102.43
102.71
102.98
103.22
103.43
103.64
103.84
104.04
104.24
104.42
104.52
104.53
104.46
104.34
104.12
103.83
103.48
103.10
102.72
102.36
102.04
101.75
101.52
101.32
101.22
101.22
101.31
101.47
101.66
101.81
101.90
101.92
101.88
101.80
101.66
101.44
101.15
100.84
100.52
100.32
100.27
100.39
100.60
100.88
101.19
101.51
101.81
102.08
102.32
102.50
102.61
102.66
102.65
102.62
102.61
102.66
102.76
102.90
103.05
103.16
103.20
103.16
103.07
102.95
102.82
102.68
102.55
102.43
102.34
102.31
102.32
102.37
102.43
102.45
102.42
102.32
102.18
102.02
101.87
101.77
101.71
101.68
101.68
101.77
101.97
102.27
102.63
103.01
103.30
103.47
103.52
103.47
103.35
103.20
103.03
102.85
102.69
102.53
102.42
102.36
102.35
102.38
102.44
102.48
102.49
102.48
102.44
102.39
102.39
102.45
102.57
102.74
102.84
102.85
102.76
102.60
102.41
102.30
102.32
102.47
102.72
103.01
103.38
103.80
104.27
104.74
105.19
105.45
105.47
105.24
104.86
104.38
103.82
103.19
102.52
101.87
101.26
100.76
100.40
100.18
100.07
100.04
100.15
100.40
100.76
101.19
101.64
102.00
102.24
102.34
102.34
102.27
102.15
102.01
101.85
101.70
101.55
101.42
101.31
101.21
101.13
101.04
100.94
100.81
100.68
100.56
100.54
100.67
100.93
101.28
101.67
102.07
102.45
102.80
103.11
103.38
103.62
103.85
104.08
104.28
104.47
104.60
104.67
104.68
104.66
104.61
104.56
104.54
104.55
104.58
104.63
104.62
104.56
104.44
104.27
104.09
103.85
103.55
103.21
102.85
102.50
102.20
101.97
101.81
101.70
101.65
101.60
101.55
101.48
101.41
101.34
101.27
101.21
101.15
101.11
101.12
101.20
101.36
101.56
101.77
101.96
102.11
102.21
102.26
102.29
102.32
102.36
102.43
102.50
102.58
102.66
102.73
102.80
102.86
102.90
102.92
102.89
102.82
102.73
102.63
102.55
102.50
102.50
102.52
102.57
102.59
102.59
102.56
102.51
102.44
102.30
102.06
101.72
101.35
100.96
100.66
100.48
100.44
100.49
100.61
100.77
100.94
101.12
101.30
101.45
101.59
101.71
101.81
101.89
101.90
101.83
101.69
101.49
101.28
101.22
101.35
101.70
102.17
102.70
103.22
103.70
104.10
104.43
104.69
104.89
105.04
105.14
105.20
105.24
105.27
105.32
105.40
105.48
105.57
105.49
105.22
104.76
104.17
103.54
102.99
102.57
102.29
102.14
102.07
102.05
102.05
102.04
102.04
102.00
101.94
101.85
101.73
101.62
101.55
101.56
101.64
101.77
101.93
101.99
101.93
101.72
101.44
101.11
100.84
100.68
100.63
100.68
100.78
100.89
100.98
101.05
101.09
101.12
101.11
101.05
100.96
100.84
100.71
100.69
100.80
101.05
101.38
101.75
102.05
102.25
102.32
102.29
102.21
102.06
101.86
101.62
101.36
101.11
100.90
100.75
100.65
100.60
100.62
100.69
100.81
100.96
101.11
101.35
101.68
102.08
102.52
102.96
103.30
103.50
103.57
103.53
103.42
103.35
103.35
103.43
103.58
103.76
103.87
103.88
103.80
103.64
103.44
103.22
103.01
102.80
102.61
102.45
102.29
102.11
101.93
101.76
101.59
101.53
101.57
101.74
101.97
102.24
102.50
102.72
102.89
103.02
103.10
103.18
103.27
103.37
103.48
103.50
103.42
103.23
102.98
102.70
102.44
102.22
102.06
101.94
101.86
101.84
101.87
101.95
102.07
102.20
102.33
102.46
102.58
102.69
102.78
102.88
103.00
103.14
103.28
103.42
103.52
103.57
103.58
103.56
103.51
103.42
103.30
103.14
102.97
102.80
102.69
102.66
102.71
102.81
102.94
103.10
103.25
103.40
103.54
103.66
103.78
103.93
104.08
104.24
104.39
104.53
104.66
104.76
104.85
104.86
104.80
104.66
104.47
104.26
103.97
103.59
103.13
102.65
102.16
101.79
101.55
101.46
101.48
101.58
101.75
101.97
102.24
102.52
102.80
103.05
103.28
103.49
103.65
103.79
103.87
103.89
103.86
103.79
103.70
103.49
103.16
102.71
102.19
101.66
101.17
100.75
100.42
100.16
99.97
99.87
99.84
99.89
99.98
100.10
100.31
100.61
101.01
101.44
101.89
102.31
102.70
103.04
103.33
103.51
103.59
103.56
103.45
103.30
103.10
102.86
102.59
102.32
102.06
101.95
102.02
102.29
102.67
103.12
103.48
103.71
103.78
103.73
103.60
103.46
103.31
103.20
103.11
103.04
103.01
103.04
103.10
103.20
103.31
103.39
103.45
103.46
103.45
103.41
103.37
103.31
103.26
103.21
103.16
103.09
103.00
102.88
102.75
102.57
102.33
102.03
101.72
101.41
101.19
101.10
101.14
101.26
101.44
101.63
101.79
101.91
102.00
102.07
102.19
102.38
102.66
102.98
103.31
103.55
103.68
103.68
103.59
103.44
103.31
103.23
103.22
103.25
103.31
103.37
103.40
103.40
103.38
103.34
103.30
103.25
103.21
103.17
103.13
103.04
102.89
102.69
102.46
102.22
101.99
101.77
101.58
101.41
101.33
101.33
101.42
101.57
101.75
102.00
102.30
102.66
103.04
103.41
103.72
103.97
104.15
104.27
104.33
104.31
104.20
104.00
103.75
103.49
103.22
102.97
102.74
102.54
102.37
102.24
102.13
102.04
101.98
101.94
101.94
101.98
102.07
102.18
102.30
102.45
102.62
102.82
103.02
103.21
103.39
103.54
103.68
103.79
103.88
103.87
103.75
103.52
103.22
102.95
102.73
102.59
102.52
102.49
102.45
102.37
102.24
102.08
101.91
101.74
101.59
101.45
101.32
101.22
101.22
101.32
101.54
101.82
102.14
102.41
102.60
102.70
102.73
102.72
102.64
102.52
102.35
102.15
101.96
101.80
101.68
101.62
101.59
101.60
101.68
101.83
102.05
102.31
102.58
102.80
102.93
102.97
102.95
102.89
102.82
102.77
102.75
102.74
102.73
102.69
102.63
102.55
102.47
102.36
102.22
102.06
101.89
101.72
101.57
101.43
101.31
101.21
101.13
101.01
100.85
100.63
100.40
100.16
100.03
100.05
100.22
100.49
100.81
101.10
101.33
101.46
101.54
101.56
101.63
101.76
101.97
102.23
102.50
102.80
103.12
103.44
103.75
104.03
104.17
104.16
103.98
103.69
103.35
103.04
102.79
102.63
102.53
102.46
102.41
102.34
102.28
102.22
102.20
102.21
102.26
102.33
102.42
102.54
102.69
102.86
103.05
103.22
103.36
103.46
103.50
103.50
103.47
103.35
103.12
102.80
102.42
102.03
101.70
101.45
101.31
101.25
101.25
101.39
101.69
102.12
102.64
103.18
103.54
103.69
103.60
103.34
102.98
102.76
102.74
102.95
103.31
103.76
104.20
104.58
104.86
105.07
105.08
104.88
104.48
103.96
103.38
102.93
102.66
102.59
102.68
102.86
102.97
102.95
102.78
102.52
102.19
101.98
101.93
102.06
102.31
102.62
102.92
103.16
103.32
103.41
103.45
103.46
103.44
103.40
103.36
103.30
103.25
103.20
103.15
103.11
103.08
103.10
103.20
103.36
103.56
103.78
103.91
103.95
103.87
103.71
103.51
103.26
102.98
102.68
102.38
102.09
101.86
101.69
101.59
101.54
101.56
101.63
101.76
101.91
102.08
102.14
102.07
101.85
101.55
101.20
101.02
101.07
101.37
101.83
102.37
102.79
103.01
103.00
102.84
102.57
102.30
102.07
101.90
101.79
101.72
101.72
101.77
101.87
102.00
102.15
102.40
102.77
103.26
103.80
104.35
104.80
105.11
105.26
105.31
105.27
105.12
104.88
104.55
104.19
103.81
103.46
103.13
102.84
102.59
102.44
102.39
102.44
102.56
102.72
102.85
102.92
102.92
102.87
102.79
102.74
102.75
102.83
102.94
103.08
103.11
103.03
102.81
102.50
102.15
101.74
101.28
100.78
100.28
99.81
99.54
99.51
99.73
100.12
100.59
101.08
101.54
101.94
102.27
102.55
102.77
102.93
103.05
103.13
103.18
103.15
103.04
102.86
102.63
102.38
102.24
102.24
102.38
102.62
102.87
103.07
103.21
103.30
103.34
103.33
103.26
103.15
103.00
102.85
102.75
102.72
102.77
102.87
103.00
103.09
103.12
103.09
103.00
102.89
102.84
102.89
103.03
103.23
103.47
103.69
103.88
104.02
104.11
104.17
104.18
104.13
104.04
103.92
103.79
103.68
103.61
103.58
103.58
103.60
103.53
103.35
103.04
102.66
102.26
101.90
101.63
101.47
101.38
101.32
101.28
101.23
101.19
101.15
101.14
101.16
101.23
101.31
101.41
101.56
101.77
102.04
102.33
102.62
102.77
102.74
102.51
102.17
101.76
101.46
101.32
101.36
101.53
101.78
102.00
102.14
102.17
102.13
102.05
102.04
102.13
102.36
102.65
102.99
103.30
103.57
103.78
103.95
104.06
104.11
104.10
104.04
103.93
103.81
103.66
103.47
103.27
103.05
102.87
102.74
102.66
102.63
102.62
102.61
102.58
102.53
102.47
102.40
102.33
102.26
102.20
102.15
102.10
102.04
101.95
101.84
101.72
101.59
101.47
101.36
101.27
101.19
101.12
101.12
101.19
101.34
101.53
101.75
102.07
102.51
103.05
103.65
104.24
104.67
104.90
104.90
104.75
104.50
104.29
104.19
104.21
104.32
104.49
104.63
104.73
104.76
104.73
104.63
104.44
104.18
103.87
103.56
103.26
102.98
102.74
102.52
102.35
102.20
102.09
102.01
101.95
101.91
101.89
101.88
101.88
101.89
101.90
101.91
101.92
101.94
101.95
101.96
102.00
102.06
102.16
102.27
102.39
102.53
102.70
102.88
103.07
103.25
103.39
103.49
103.52
103.52
103.49
103.47
103.47
103.50
103.55
103.61
103.64
103.64
103.61
103.56
103.49
103.41
103.34
103.27
103.21
103.20
103.27
103.41
103.59
103.80
103.87
103.78
103.52
103.14
102.71
102.30
101.92
101.61
101.35
101.16
101.07
101.08
101.19
101.36
101.57
101.77
101.93
102.05
102.13
102.18
102.23
102.30
102.38
102.47
102.56
102.60
102.56
102.45
102.30
102.12
102.07
102.18
102.46
102.85
103.28
103.63
103.84
103.89
103.82
103.67
103.51
103.36
103.23
103.13
103.07
103.07
103.12
103.21
103.30
103.36
103.35
103.27
103.15
103.00
102.87
102.77
102.72
102.69
102.69
102.63
102.48
102.25
101.96
101.66
101.41
101.24
101.16
101.15
101.19
101.31
101.52
101.79
102.10
102.42
102.70
102.93
103.09
103.20
103.27
103.19
102.97
102.60
102.15
101.67
101.21
100.81
100.49
100.24
100.05
99.94
99.91
99.94
100.03
100.19
100.42
100.73
101.06
101.40
101.72
102.02
102.28
102.50
102.68
102.85
103.02
103.19
103.35
103.50
103.60
103.66
103.66
103.63
103.57
103.50
103.42
103.35
103.28
103.21
103.15
103.11
103.07
103.04
103.01
103.05
103.15
103.32
103.53
103.76
103.90
103.94
103.86
103.71
103.51
103.27
102.99
102.68
102.38
102.09
101.81
101.53
101.25
100.98
100.83
100.79
100.89
101.07
101.29
101.52
101.72
101.87
101.98
102.06
102.09
102.06
101.99
101.88
101.76
101.66
101.60
101.57
101.58
101.61
101.67
101.78
101.92
102.07
102.23
102.41
102.60
102.82
103.03
103.23
103.39
103.49
103.53
103.53
103.51
103.41
103.24
103.00
102.72
102.44
102.19
101.99
101.85
101.76
101.71
101.64
101.53
101.37
101.18
101.04
100.97
100.97
101.03
101.12
101.26
101.44
101.64
101.86
102.08
102.25
102.37
102.43
102.46
102.45
102.42
102.37
102.32
102.27
102.22
102.23
102.30
102.44
102.62
102.82
103.00
103.14
103.23
103.28
103.30
103.32
103.36
103.43
103.50
103.58
103.50
103.23
102.76
102.17
101.54
100.99
100.56
100.29
100.13
100.07
100.16
100.38
100.73
101.15
101.57
101.96
102.28
102.55
102.76
102.89
102.95
102.94
102.89
102.80
102.72
102.67
102.65
102.66
102.68
102.68
102.66
102.62
102.55
102.47
102.37
102.23
102.07
101.90
101.74
101.61
101.52
101.49
101.50
101.53
101.52
101.46
101.34
101.18
101.01
100.84
100.67
100.52
100.38
100.27
100.17
100.10
100.04
100.00
99.97
100.03
100.19
100.45
100.77
101.12
101.49
101.86
102.24
102.60
102.93
103.22
103.46
103.66
103.82
103.88
103.86
103.74
103.56
103.36
103.14
102.93
102.73
102.55
102.39
102.32
102.33
102.42
102.58
102.76
102.93
103.06
103.15
103.21
103.24
103.16
102.98
102.70
102.35
101.99
101.68
101.45
101.32
101.27
101.27
101.28
101.29
101.28
101.26
101.23
101.19
101.16
101.13
101.10
101.07
101.05
101.03
101.02
101.01
101.05
101.16
101.34
101.55
101.77
101.94
102.04
102.05
102.00
101.92
101.81
101.69
101.56
101.45
101.34
101.33
101.43
101.63
101.90
102.20
102.51
102.80
103.07
103.31
103.52
103.61
103.57
103.41
103.16
102.88
102.60
102.37
102.18
102.04
101.94
101.85
101.75
101.64
101.53
101.42
101.35
101.33
101.34
101.39
101.45
101.61
101.86
102.20
102.59
102.97
103.30
103.57
103.78
103.94
103.92
103.71
103.32
102.81
102.25
101.73
101.31
100.99
100.77
100.63
100.60
100.69
100.87
101.11
101.38
101.60
101.75
101.82
101.82
101.78
101.79
101.87
102.04
102.27
102.52
102.69
102.77
102.72
102.60
102.43
102.29
102.20
102.18
102.21
102.27
102.35
102.45
102.54
102.63
102.72
102.74
102.68
102.56
102.39
102.22
102.08
101.97
101.90
101.86
101.81
101.74
101.66
101.56
101.46
101.43
101.46
101.56
101.71
101.88
102.12
102.41
102.75
103.11
103.47
103.69
103.76
103.65
103.44
103.16
102.85
102.53
102.23
101.95
101.70
101.49
101.32
101.18
101.07
101.00
100.94
100.90
100.88
100.88
100.88
100.94
101.07
101.26
101.48
101.72
101.93
102.10
102.21
102.27
102.33
102.40
102.47
102.55
102.63
102.74
102.86
103.01
103.17
103.33
103.50
103.68
103.88
104.09
104.28
104.39
104.43
104.38
104.27
104.12
103.85
103.46
102.95
102.37
101.79
101.40
101.23
101.32
101.57
101.94
102.30
102.62
102.87
103.04
103.17
103.24
103.28
103.30
103.29
103.27
103.24
103.21
103.18
103.14
103.11
103.16
103.31
103.56
103.86
104.06
104.10
103.96
103.70
103.38
103.03
102.67
102.33
102.02
101.75
101.47
101.16
100.84
100.51
100.20
100.02
100.00
100.15
100.41
100.73
101.04
101.33
101.57
101.76
101.90
101.98
102.00
101.96
101.88
101.78
101.69
101.63
101.61
101.62
101.64
101.62
101.55
101.42
101.25
101.06
100.96
100.95
101.06
101.24
101.45
101.74
102.09
102.49
102.91
103.31
103.60
103.76
103.78
103.70
103.55
103.36
103.16
102.95
102.76
102.63
102.59
102.64
102.75
102.89
102.97
102.96
102.84
102.67
102.45
102.33
102.34
102.48
102.72
103.01
103.24
103.37
103.39
103.33
103.22
103.05
102.83
102.58
102.32
102.07
101.92
101.88
101.97
102.14
102.36
102.57
102.76
102.90
103.01
103.08
103.10
103.07
102.99
102.88
102.76
102.66
102.59
102.57
102.58
102.63
102.73
102.86
103.02
103.18
103.29
103.32
103.27
103.17
103.03
102.91
102.82
102.76
102.73
102.73
102.77
102.85
102.96
103.10
103.25
103.31
103.27
103.12
102.90
102.65
102.38
102.12
101.88
101.66
101.47
101.37
101.36
101.44
101.58
101.75
101.97
102.21
102.48
102.75
103.00
103.21
103.36
103.44
103.47
103.47
103.45
103.41
103.35
103.30
103.17
102.94
102.63
102.27
101.89
101.61
101.45
101.41
101.48
101.60
101.76
101.94
102.13
102.30
102.46
102.60
102.72
102.82
102.90
102.96
103.03
103.12
103.23
103.35
103.46
103.57
103.68
103.76
103.84
103.90
103.95
103.98
104.01
104.03
104.04
103.99
103.88
103.70
103.48
103.25
103.05
102.89
102.79
102.72
102.70
102.72
102.79
102.90
103.04
103.16
103.25
103.30
103.32
103.32
103.24
103.10
102.89
102.64
102.37
102.20
102.13
102.18
102.31
102.50
102.65
102.75
102.78
102.76
102.71
102.63
102.54
102.45
102.37
102.29
102.19
102.07
101.93
101.78
101.63
101.55
101.54
101.62
101.74
101.90
102.06
102.23
102.39
102.53
102.66
102.85
103.10
103.44
103.81
104.19
104.50
104.72
104.83
104.86
104.79
104.61
104.35
104.04
103.72
103.42
103.18
103.00
102.88
102.79
102.75
102.73
102.73
102.75
102.77
102.85
103.00
103.21
103.45
103.70
103.87
103.93
103.86
103.72
103.53
103.28
103.00
102.70
102.40
102.11
101.80
101.45
101.08
100.71
100.36
100.12
100.01
100.04
100.17
100.36
100.49
100.55
100.51
100.40
100.25
100.23
100.40
100.76
101.24
101.78
102.27
102.69
102.99
103.21
103.40
103.59
103.81
104.02
104.22
104.35
104.39
104.35
104.25
104.11
103.93
103.71
103.47
103.22
102.98
102.73
102.48
102.22
101.98
101.75
101.66
101.73
101.94
102.26
102.63
102.96
103.22
103.39
103.49
103.53
103.51
103.42
103.29
103.12
102.95
102.83
102.78
102.81
102.90
103.02
103.13
103.21
103.26
103.28
103.27
103.26
103.23
103.20
103.17
103.17
103.20
103.26
103.34
103.43
103.53
103.62
103.71
103.78
103.85
103.85
103.77
103.63
103.44
103.23
103.05
102.90
102.80
102.74
102.72
102.74
102.81
102.92
103.06
103.21
103.27
103.23
103.09
102.88
102.63
102.39
102.19
102.04
101.94
101.86
101.79
101.72
101.62
101.52
101.43
101.36
101.34
101.36
101.40
101.47
101.62
101.87
102.21
102.60
102.97
103.30
103.57
103.78
103.94
103.98
103.88
103.66
103.37
103.03
102.71
102.44
102.23
102.06
101.95
101.81
101.65
101.45
101.23
101.01
100.83
100.70
100.62
100.59
100.59
100.66
100.81
101.04
101.30
101.57
101.87
102.17
102.49
102.79
103.06
103.30
103.51
103.68
103.82
103.93
103.95
103.89
103.75
103.55
103.33
103.16
103.06
103.04
103.08
103.10
103.08
103.01
102.91
102.79
102.71
102.71
102.77
102.88
103.01
103.19
103.40
103.63
103.86
104.09
104.19
104.14
103.94
103.64
103.29
102.98
102.73
102.57
102.49
102.45
102.54
102.74
103.06
103.44
103.84
104.05
104.02
103.74
103.28
102.73
102.20
101.74
101.38
101.10
100.90
100.82
100.86
100.99
101.20
101.44
101.71
102.02
102.34
102.65
102.89
103.03
103.08
103.05
102.98
102.88
102.76
102.63
102.51
102.40
102.30
102.21
102.14
102.08
102.04
102.03
102.07
102.14
102.24
102.35
102.54
102.82
103.18
103.59
104.00
104.35
104.60
104.74
104.80
104.80
104.65
104.35
103.91
103.39
102.84
102.36
101.98
101.71
101.54
101.44
101.41
101.41
101.45
101.50
101.57
101.63
101.70
101.77
101.82
101.82
101.74
101.60
101.41
101.21
101.10
101.13
101.31
101.57
101.89
102.12
102.22
102.17
102.02
101.81
101.72
101.81
102.09
102.50
102.98
103.31
103.45
103.36
103.12
102.78
102.48
102.25
102.13
102.10
102.12
102.18
102.27
102.37
102.48
102.58
102.64
102.67
102.65
102.60
102.54
102.49
102.47
102.49
102.52
102.57
102.58
102.53
102.41
102.25
102.07
101.97
101.97
102.07
102.25
102.33
102.28
102.07
101.76
101.39
101.09
100.88
100.80
100.80
100.87
100.93
100.94
100.90
100.83
100.73
100.70
100.77
100.93
101.16
101.41
101.65
101.85
102.00
102.10
102.17
102.26
102.39
102.57
102.77
102.97
103.12
103.19
103.18
103.10
102.99
102.86
102.72
102.59
102.46
102.35
102.25
102.17
102.10
102.05
102.01
101.98
101.96
101.95
101.95
101.97
102.03
102.13
102.24
102.36
102.48
102.59
102.69
102.77
102.85
102.88
102.87
102.81
102.73
102.64
102.59
102.60
102.69
102.82
102.97
103.08
103.13
103.10
103.02
102.91
102.89
102.99
103.22
103.53
103.88
104.19
104.42
104.56
104.62
104.64
104.56
104.40
104.15
103.87
103.57
103.30
103.08
102.93
102.82
102.76
102.67
102.55
102.38
102.19
102.04
101.97
101.97
102.02
102.12
102.31
102.60
102.98
103.42
103.86
104.20
104.42
104.49
104.47
104.37
104.23
104.06
103.89
103.72
103.57
103.43
103.31
103.20
103.12
103.06
103.06
103.14
103.30
103.50
103.72
103.81
103.74
103.48
103.12
102.70
102.31
102.00
101.78
101.64
101.56
101.44
101.27
101.03
100.76
100.47
100.32
100.35
100.56
100.90
101.16
101.30
101.27
101.13
100.92
100.80
100.83
101.01
101.30
101.65
101.99
102.30
102.55
102.75
102.90
102.99
103.01
102.97
102.89
102.79
102.62
102.39
102.10
101.79
101.47
101.25
101.15
101.18
101.29
101.47
101.70
101.97
102.27
102.57
102.86
103.04
103.10
103.03
102.87
102.66
102.45
102.27
102.12
102.02
101.94
101.86
101.78
101.67
101.57
101.46
101.36
101.27
101.20
101.13
101.08
101.04
101.01
100.99
100.97
101.04
101.21
101.48
101.80
102.14
102.40
102.55
102.57
102.50
102.37
102.29
102.28
102.37
102.52
102.70
102.90
103.09
103.28
103.45
103.60
103.75
103.91
104.08
104.25
104.41
104.52
104.59
104.61
104.58
104.54
104.42
104.24
103.99
103.71
103.42
103.17
102.97
102.84
102.75
102.70
102.71
102.77
102.88
103.02
103.03
102.89
102.59
102.18
101.73
101.40
101.24
101.27
101.44
101.70
101.95
102.15
102.29
102.37
102.40
102.35
102.22
102.01
101.75
101.48
101.23
101.04
100.90
100.80
100.75
100.78
100.89
101.08
101.32
101.57
101.80
101.99
102.12
102.20
102.25
102.30
102.35
102.43
102.51
102.60
102.65
102.67
102.64
102.59
102.52
102.42
102.29
102.12
101.95
101.91
102.04
102.33
102.74
103.20
103.54
103.70
103.68
103.51
103.27
102.97
102.66
102.35
102.06
101.81
101.64
101.56
101.59
101.68
101.82
101.95
102.06
102.13
102.17
102.20
102.25
102.36
102.52
102.72
102.92
103.01
102.97
102.78
102.50
102.17
101.85
101.57
101.34
101.16
101.03
100.90
100.78
100.66
100.53
100.42
100.40
100.48
100.67
100.93
101.30
101.78
102.33
102.92
103.49
103.98
104.34
104.58
104.72
104.78
104.75
104.65
104.49
104.30
104.10
103.90
103.71
103.54
103.39
103.26
103.19
103.17
103.20
103.26
103.34
103.38
103.36
103.28
103.15
103.00
102.84
102.68
102.54
102.40
102.29
102.33
102.54
102.92
103.41
103.95
104.46
104.91
105.29
105.59
105.82
105.86
105.70
105.33
104.84
104.37
103.99
103.71
103.54
103.44
103.35
103.24
103.10
102.94
102.78
102.70
102.73
102.87
103.09
103.34
103.55
103.70
103.76
103.77
103.73
103.66
103.58
103.49
103.41
103.32
103.22
103.10
102.95
102.80
102.65
102.43
102.13
101.76
101.35
100.93
100.54
100.18
99.87
99.60
99.38
99.26
99.24
99.33
99.47
99.66
99.86
100.06
100.25
100.42
100.63
100.88
101.16
101.46
101.75
101.91
101.93
101.78
101.53
101.22
100.93
100.71
100.57
100.50
100.47
100.53
100.68
100.91
101.18
101.47
101.75
102.02
102.26
102.46
102.64
102.78
102.89
102.97
103.03
103.07
103.04
102.94
102.77
102.55
102.31
102.10
101.94
101.83
101.76
101.72
101.71
101.72
101.74
101.77
101.80
101.94
102.20
102.59
103.04
103.52
103.98
104.42
104.81
105.14
105.26
105.15
104.79
104.29
103.70
103.18
102.76
102.48
102.31
102.23
102.16
102.07
101.96
101.83
101.69
101.61
101.60
101.67
101.79
101.94
102.13
102.34
102.59
102.83
103.06
103.20
103.21
103.11
102.92
102.69
102.51
102.43
102.46
102.56
102.70
102.85
102.97
103.06
103.12
103.16
103.12
103.00
102.82
102.59
102.35
102.16
102.04
102.01
102.04
102.12
102.22
102.33
102.44
102.55
102.65
102.74
102.82
102.88
102.93
102.94
102.92
102.85
102.75
102.65
102.57
102.52
102.51
102.53
102.57
102.54
102.42
102.21
101.95
101.66
101.47
101.42
101.53
101.73
102.00
102.16
102.17
102.00
101.73
101.39
101.13
101.00
101.01
101.13
101.31
101.50
101.67
101.81
101.92
102.00
102.03
102.01
101.94
101.84
101.73
101.61
101.49
101.39
101.29
101.18
101.05
100.91
100.76
100.61
100.53
100.53
100.60
100.73
100.89
101.11
101.39
101.73
102.09
102.44
102.77
103.07
103.33
103.55
103.72
103.89
104.05
104.21
104.37
104.51
104.67
104.83
105.01
105.19
105.36
105.40
105.31
105.06
104.73
104.35
103.93
103.49
103.05
102.63
102.25
101.92
101.64
101.41
101.22
101.13
101.15
101.25
101.42
101.62
101.79
101.88
101.91
101.87
101.80
101.71
101.61
101.50
101.40
101.31
101.28
101.33
101.45
101.62
101.81
101.93
101.95
101.86
101.69
101.49
101.35
101.30
101.35
101.48
101.65
101.84
102.03
102.22
102.40
102.55
102.63
102.63
102.53
102.39
102.21
102.05
101.92
101.84
101.78
101.76
101.75
101.76
101.78
101.81
101.78
101.70
101.55
101.36
101.15
100.95
100.75
100.58
100.42
100.29
100.21
100.18
100.21
100.27
100.35
100.55
100.87
101.32
101.83
102.35
102.79
103.09
103.24
103.28
103.24
103.17
103.10
103.05
103.01
102.98
102.88
102.70
102.42
102.10
101.77
101.49
101.29
101.20
101.17
101.20
101.29
101.43
101.61
101.81
102.01
102.18
102.31
102.38
102.41
102.40
102.38
102.34
102.30
102.25
102.18
102.08
101.95
101.81
101.67
101.56
101.49
101.47
101.49
101.53
101.55
101.55
101.52
101.48
101.42
101.43
101.54
101.75
102.02
102.31
102.58
102.80
102.97
103.09
103.17
103.19
103.15
103.06
102.95
102.81
102.73
102.71
102.77
102.87
103.01
103.16
103.30
103.44
103.57
103.69
103.78
103.86
103.92
103.97
104.01
103.98
103.88
103.71
103.50
103.27
103.04
102.83
102.63
102.46
102.29
102.12
101.93
101.76
101.59
101.44
101.32
101.21
101.13
101.06
101.12
101.31
101.64
102.06
102.50
102.90
103.20
103.41
103.53
103.59
103.60
103.57
103.52
103.46
103.39
103.32
103.26
103.20
103.15
103.10
103.04
102.95
102.84
102.72
102.59
102.50
102.45
102.44
102.47
102.51
102.57
102.64
102.70
102.76
102.87
103.03
103.25
103.50
103.75
103.97
104.14
104.25
104.31
104.34
104.29
104.16
103.95
103.70
103.43
103.25
103.18
103.22
103.35
103.52
103.65
103.69
103.62
103.49
103.32
103.10
102.85
102.58
102.30
102.04
101.90
101.92
102.10
102.38
102.71
103.05
103.34
103.58
103.78
103.92
104.06
104.19
104.32
104.45
104.57
104.58
104.44
104.16
103.79
103.41
103.06
102.76
102.50
102.30
102.06
101.77