105.51
105.41
105.32
105.24
105.17
105.09
104.98
104.86
104.72
104.59
104.49
104.44
104.43
104.46
104.50
104.56
104.63
104.69
104.75
104.81
104.91
105.07
105.28
105.53
105.77
105.91
105.90
105.74
105.48
105.16
104.83
104.49
104.18
103.90
103.71
103.61
103.62
103.70
103.83
103.98
104.14
104.30
104.45
104.58
104.72
104.88
105.05
105.22
105.38
105.47
105.48
105.41
105.29
105.13
105.07
105.13
105.32
105.60
105.93
106.18
106.34
106.38
106.33
106.23
106.01
105.68
105.26
104.78
104.30
103.92
103.68
103.57
103.58
103.65
103.78
103.94
104.10
104.26
104.39
104.47
104.51
104.50
104.47
104.42
104.37
104.31
104.25
104.20
104.12
104.03
103.90
103.77
103.63
103.63
103.80
104.15
104.59
105.09
105.54
105.90
106.17
106.34
106.44
106.47
106.42
106.31
106.16
106.00
105.75
105.41
104.99
104.54
104.09
103.74
103.52
103.45
103.48
103.58
103.79
104.07
104.43
104.82
105.21
105.52
105.74
105.85
105.89
105.86
105.83
105.80
105.79
105.79
105.89
106.08
106.37
106.72
107.08
107.33
107.43
107.38
107.21
106.98
106.70
106.42
106.15
105.90
105.67
105.51
105.40
105.36
105.37
105.40
105.49
105.62
105.78
105.96
106.14
106.23
106.22
106.09
105.89
105.65
105.44
105.30
105.24
105.24
105.28
105.29
105.26
105.17
105.04
104.90
104.72
104.52
104.30
104.07
103.86
103.66
103.49
103.34
103.22
103.12
103.05
102.99
102.95
102.93
102.94
103.00
103.09
103.20
103.32
103.52
103.81
104.18
104.59
105.01
105.35
105.60
105.75
105.81
105.81
105.84
105.94
106.12
106.35
106.60
106.77
106.83
106.78
106.64
106.46
106.26
106.05
105.84
105.66
105.49
105.37
105.31
105.31
105.34
105.40
105.52
105.72
105.98
106.26
106.56
106.74
106.77
106.64
106.41
106.15
105.89
105.66
105.47
105.30
105.15
104.99
104.83
104.67
104.52
104.42
104.36
104.36
104.39
104.44
104.48
104.50
104.49
104.45
104.40
104.32
104.20
104.06
103.90
103.74
103.67
103.70
103.85
104.07
104.33
104.59
104.86
105.10
105.32
105.51
105.59
105.55
105.38
105.14
104.85
104.64
104.52
104.51
104.59
104.71
104.82
104.88
104.87
104.82
104.74
104.72
104.79
104.96
105.19
105.34
105.37
105.27
105.07
104.83
104.61
104.45
104.37
104.35
104.36
104.36
104.31
104.20
104.06
103.91
103.83
103.86
103.99
104.19
104.42
104.67
104.92
105.15
105.36
105.53
105.69
105.81
105.90
105.98
106.03
106.04
106.00
105.92
105.82
105.70
105.55
105.38
105.19
104.99
104.79
104.64
104.54
104.50
104.49
104.52
104.59
104.70
104.84
105.01
105.23
105.51
105.83
106.18
106.52
106.78
106.95
107.02
107.01
106.95
106.86
106.75
106.63
106.52
106.41
106.31
106.22
106.15
106.09
106.05
105.99
105.90
105.80
105.68
105.56
105.48
105.43
105.43
105.46
105.51
105.51
105.47
105.35
105.20
105.03
104.88
104.77
104.71
104.68
104.67
104.71
104.80
104.92
105.07
105.22
105.36
105.50
105.62
105.73
105.74
105.64
105.43
105.15
104.84
104.58
104.39
104.29
104.26
104.28
104.38
104.57
104.83
105.13
105.44
105.76
106.10
106.44
106.76
107.05
107.19
107.18
107.00
106.71
106.37
106.03
105.72
105.46
105.26
105.10
105.02
104.99
105.03
105.11
105.21
105.35
105.53
105.73
105.93
106.14
106.25
106.24
106.12
105.92
105.68
105.50
105.41
105.44
105.54
105.69
105.76
105.71
105.53
105.27
105.10
105.07
105.21
105.45
105.76
106.07
106.34
106.58
106.76
106.90
106.93
106.83
106.61
106.31
105.98
105.67
105.41
105.20
105.04
104.93
104.85
104.81
104.79
104.78
104.79
104.78
104.75
104.68
104.60
104.51
104.50
104.59
104.78
105.03
105.31
105.57
105.79
105.96
106.07
106.15
106.20
106.22
106.23
106.22
106.20
106.12
105.98
105.78
105.54
105.32
105.13
104.99
104.90
104.83
104.80
104.79
104.79
104.80
104.82
104.84
104.87
104.89
104.92
104.94
104.90
104.80
104.63
104.43
104.21
104.07
104.04
104.12
104.28
104.48
104.70
104.93
105.14
105.34
105.51
105.58
105.53
105.36
105.11
104.83
104.61
104.49
104.49
104.57
104.70
104.78
104.78
104.69
104.53
104.34
104.14
103.93
103.74
103.56
103.49
103.53
103.70
103.93
104.21
104.50
104.78
105.04
105.28
105.48
105.68
105.88
106.07
106.26
106.43
106.58
106.71
106.81
106.90
106.96
106.93
106.79
106.54
106.23
105.90
105.67
105.58
105.64
105.82
106.05
106.24
106.35
106.35
106.28
106.17
105.99
105.78
105.54
105.28
105.04
104.81
104.60
104.43
104.28
104.17
104.10
104.09
104.13
104.21
104.30
104.35
104.34
104.26
104.14
104.05
104.01
104.03
104.10
104.20
104.31
104.42
104.53
104.63
104.73
104.75
104.70
104.58
104.41
104.21
104.01
103.81
103.63
103.47
103.33
103.27
103.30
103.40
103.56
103.75
104.01
104.32
104.68
105.05
105.42
105.71
105.90
105.99
106.00
105.95
105.92
105.93
105.99
106.09
106.21
106.28
106.29
106.22
106.12
105.98
105.86
105.77
105.72
105.70
105.67
105.63
105.57
105.50
105.42
105.34
105.27
105.20
105.15
105.10
105.09
105.11
105.18
105.27
105.37
105.51
105.66
105.85
106.04
106.22
106.29
106.21
105.98
105.66
105.30
104.97
104.72
104.56
104.47
104.43
104.49
104.64
104.87
105.15
105.44
105.65
105.74
105.72
105.61
105.45
105.26
105.06
104.86
104.67
104.51
104.34
104.16
103.98
103.79
103.70
103.72
103.86
104.07
104.32
104.61
104.93
105.26
105.59
105.89
106.11
106.23
106.25
106.20
106.10
105.97
105.82
105.68
105.54
105.42
105.28
105.13
104.96
104.80
104.64
104.52
104.44
104.42
104.44
104.48
104.51
104.52
104.50
104.45
104.40
104.34
104.28
104.22
104.17
104.13
104.09
104.06
104.03
104.01
104.00
104.04
104.15
104.32
104.54
104.76
104.96
105.12
105.22
105.28
105.31
105.31
105.29
105.27
105.24
105.17
105.08
104.96
104.82
104.68
104.63
104.67
104.83
105.06
105.32
105.54
105.69
105.76
105.77
105.74
105.67
105.59
105.50
105.41
105.33
105.25
105.19
105.13
105.08
105.04
105.02
105.00
104.98
104.97
104.97
104.89
104.71
104.45
104.13
103.80
103.49
103.24
103.05
102.91
102.82
102.82
102.91
103.08
103.31
103.58
103.89
104.22
104.55
104.85
105.05
105.11
105.05
104.89
104.68
104.45
104.20
103.97
103.75
103.56
103.42
103.34
103.32
103.34
103.40
103.54
103.79
104.14
104.53
104.94
105.28
105.54
105.68
105.75
105.76
105.75
105.74
105.75
105.77
105.80
105.80
105.77
105.71
105.63
105.54
105.37
105.11
104.76
104.37
103.97
103.58
103.22
102.91
102.64
102.53
102.58
102.80
103.12
103.50
103.90
104.29
104.66
104.99
105.27
105.43
105.45
105.34
105.13
104.87
104.64
104.48
104.39
104.36
104.37
104.36
104.31
104.20
104.06
103.91
103.86
103.94
104.16
104.46
104.81
105.17
105.53
105.85
106.14
106.39
106.52
106.51
106.37
106.15
105.88
105.59
105.30
105.03
104.78
104.57
104.36
104.16
103.95
103.76
103.58
103.53
103.63
103.88
104.22
104.50
104.67
104.70
104.63
104.49
104.40
104.38
104.45
104.58
104.75
104.91
105.04
105.13
105.18
105.21
105.22
105.22
105.20
105.18
105.15
105.18
105.27
105.43
105.62
105.83
105.98
106.07
106.07
106.01
105.92
105.75
105.51
105.21
104.88
104.55
104.24
103.95
103.70
103.48
103.31
103.22
103.23
103.33
103.49
103.68
103.97
104.34
104.80
105.29
105.68
105.91
105.97
105.91
105.76
105.54
105.26
104.94
104.62
104.30
104.12
104.09
104.23
104.47
104.78
105.03
105.19
105.24
105.21
105.12
105.03
104.95
104.90
104.86
104.85
104.82
104.77
104.69
104.60
104.50
104.46
104.49
104.59
104.74
104.90
105.06
105.17
105.24
105.28
105.29
105.36
105.52
105.75
106.04
106.35
106.57
106.68
106.67
106.57
106.45
106.32
106.22
106.13
106.07
105.96
105.81
105.61
105.38
105.15
105.00
104.97
105.05
105.21
105.42
105.63
105.81
105.94
106.04
106.10
106.12
106.08
106.00
105.89
105.76
105.63
105.51
105.39
105.29
105.21
105.11
104.99
104.86
104.72
104.58
104.46
104.34
104.25
104.16
104.10
104.15
104.34
104.67
105.08
105.52
105.94
106.30
106.59
106.82
106.98
106.97
106.76
106.36
105.84
105.44
105.21
105.20
105.34
105.59
105.80
105.95
106.01
105.99
105.93
105.81
105.64
105.43
105.21
104.99
104.81
104.68
104.61
104.58
104.58
104.55
104.47
104.34
104.17
104.00
103.87
103.82
103.84
103.92
104.04
104.17
104.30
104.44
104.56
104.67
104.82
105.01
105.25
105.52
105.78
105.90
105.84
105.59
105.22
104.80
104.51
104.41
104.54
104.81
105.14
105.49
105.81
106.10
106.36
106.51
106.57
106.52
106.41
106.26
106.11
105.99
105.90
105.84
105.81
105.78
105.72
105.65
105.56
105.47
105.40
105.38
105.39
105.44
105.50
105.54
105.55
105.53
105.49
105.44
105.35
105.23
105.08
104.91
104.75
104.68
104.71
104.85
105.07
105.32
105.57
105.77
105.93
106.04
106.12
106.09
105.94
105.68
105.35
105.05
104.81
104.65
104.56
104.52
104.54
104.62
104.75
104.91
105.08
105.28
105.49
105.72
105.95
106.17
106.39
106.62
106.86
107.08
107.29
107.42
107.46
107.41
107.30
107.16
106.96
106.74
106.49
106.23
105.99
105.79
105.65
105.57
105.54
105.54
105.51
105.44
105.31
105.15
104.98
104.80
104.64
104.49
104.36
104.25
104.16
104.08
104.03
103.99
103.96
103.97
104.02
104.11
104.21
104.44
104.79
105.26
105.78
106.33
106.69
106.83
106.72
106.44
106.07
105.69
105.37
105.12
104.94
104.82
104.74
104.70
104.69
104.70
104.72
104.70
104.62
104.47
104.29
104.10
103.99
103.97
104.07
104.24
104.46
104.69
104.93
105.15
105.35
105.52
105.64
105.71
105.72
105.68
105.62
105.49
105.30
105.04
104.75
104.45
104.24
104.15
104.19
104.31
104.40
104.44
104.38
104.27
104.12
104.01
103.96
103.98
104.05
104.15
104.24
104.30
104.33
104.33
104.31
104.28
104.25
104.21
104.17
104.14
104.13
104.16
104.23
104.31
104.41
104.46
104.44
104.35
104.21
104.05
103.97
103.97
104.09
104.27
104.49
104.70
104.87
105.00
105.09
105.15
105.16
105.11
105.02
104.91
104.77
104.67
104.60
104.57
104.57
104.65
104.81
105.03
105.29
105.57
105.79
105.92
105.97
105.95
105.88
105.79
105.69
105.57
105.46
105.36
105.30
105.28
105.30
105.36
105.43
105.48
105.51
105.50
105.47
105.42
105.36
105.30
105.25
105.19
105.15
105.13
105.15
105.21
105.30
105.40
105.50
105.59
105.68
105.76
105.83
105.84
105.77
105.62
105.44
105.23
105.05
104.90
104.80
104.75
104.72
104.66
104.56
104.41
104.22
104.03
103.84
103.66
103.50
103.36
103.35
103.48
103.77
104.14
104.55
104.94
105.29
105.57
105.79
105.95
106.05
106.07
106.03
105.94
105.83
105.71
105.59
105.47
105.36
105.27
105.21
105.20
105.24
105.31
105.39
105.45
105.49
105.49
105.46
105.41
105.34
105.22
105.08
104.92
104.76
104.63
104.55
104.51
104.52
104.54
104.59
104.64
104.70
104.75
104.86
105.02
105.24
105.49
105.74
105.96
106.13
106.24
106.31
106.34
106.31
106.24
106.12
105.98
105.83
105.67
105.53
105.41
105.29
105.20
105.10
104.98
104.85
104.71
104.57
104.42
104.25
104.06
103.88
103.70
103.59
103.56
103.62
103.73
103.88
103.97
103.96
103.85
103.67
103.46
103.23
103.01
102.80
102.61
102.44
102.35
102.35
102.44
102.59
102.90
103.38
104.01
104.72
105.45
106.07
106.54
106.84
107.01
107.07
107.06
106.99
106.89
106.77
106.65
106.48
106.25
105.97
105.67
105.37
105.14
104.99
104.95
104.97
105.04
105.09
105.09
105.04
104.94
104.82
104.78
104.82
104.97
105.19
105.43
105.71
106.02
106.34
106.66
106.95
107.13
107.18
107.10
106.93
106.71
106.55
106.47
106.49
106.59
106.74
106.80
106.75
106.56
106.30
106.01
105.75
105.52
105.34
105.19
105.05
104.91
104.76
104.61
104.48
104.39
104.34
104.35
104.38
104.44
104.49
104.50
104.49
104.45
104.41
104.32
104.21
104.06
103.90
103.74
103.67
103.71
103.85
104.07
104.33
104.54
104.69
104.76
104.76
104.73
104.66
104.58
104.50
104.41
104.32
104.28
104.27
104.30
104.36
104.44
104.55
104.69
104.86
105.04
105.19
105.30
105.36
105.38
105.38
105.33
105.23
105.10
104.95
104.80
104.72
104.76
104.90
105.11
105.36
105.54
105.63
105.60
105.49
105.34
105.14
104.89
104.62
104.34
104.07
103.88
103.78
103.78
103.84
103.94
104.10
104.30
104.53
104.77
105.00
105.14
105.16
105.06
104.88
104.65
104.41
104.16
103.92
103.71
103.52
103.39
103.31
103.30
103.32
103.38
103.45
103.53
103.61
103.69
103.76
103.82
103.88
103.92
103.95
104.01
104.09
104.19
104.30
104.42
104.51
104.56
104.56
104.53
104.48
104.45
104.44
104.47
104.52
104.57
104.61
104.62
104.59
104.54
104.47
104.40
104.33
104.26
104.20
104.15
104.10
104.07
104.04
104.01
104.00
104.09
104.31
104.67
105.09
105.55
105.97
106.33
106.62
106.85
107.01
107.10
107.12
107.07
106.98
106.86
106.74
106.61
106.48
106.37
106.19
105.94
105.60
105.23
104.85
104.61
104.56
104.71
104.99
105.35
105.66
105.89
105.99
106.02
105.98
105.90
105.80
105.68
105.56
105.45
105.32
105.17
105.01
104.84
104.67
104.52
104.39
104.27
104.18
104.10
104.04
104.00
103.97
103.95
103.94
103.93
103.93
103.94
103.94
103.95
104.07
104.30
104.67
105.10
105.48
105.76
105.91
105.97
105.96
105.91
105.82
105.71
105.60
105.49
105.38
105.29
105.21
105.14
105.09
105.10
105.18
105.33
105.53
105.75
105.89
105.92
105.85
105.69
105.50
105.28
105.06
104.84
104.65
104.48
104.36
104.30
104.29
104.33
104.39
104.51
104.71
104.97
105.26
105.56
105.81
106.02
106.16
106.25
106.30
106.32
106.32
106.30
106.27
106.23
106.17
106.08
105.95
105.82
105.68
105.54
105.42
105.31
105.22
105.09
104.91
104.69
104.44
104.19
104.03
103.98
104.06
104.21
104.42
104.59
104.71
104.76
104.75
104.70
104.68
104.72
104.81
104.93
105.08
105.29
105.55
105.86
106.20
106.53
106.79
106.95
107.02
107.01
106.95
106.85
106.74
106.63
106.51
106.40
106.30
106.22
106.15
106.09
106.05
105.99
105.90
105.80
105.68
105.62
105.62
105.69
105.82
105.96
106.07
106.12
106.09
106.01
105.90
105.72
105.48
105.18
104.85
104.52
104.31
104.26
104.37
104.59
104.87
105.07
105.16
105.10
104.95
104.74
104.58
104.50
104.53
104.63
104.77
104.88
104.94
104.93
104.87
104.79
104.68
104.58
104.47
104.37
104.28
104.25
104.30
104.43
104.60
104.80
104.86
104.77
104.51
104.13
103.81
103.59
103.52
103.54
103.64
103.78
103.94
104.11
104.28
104.44
104.55
104.61
104.62
104.60
104.55
104.48
104.41
104.34
104.27
104.21
104.16
104.11
104.07
104.04
104.02
104.10
104.32
104.67
105.09
105.54
105.86
105.99
105.93
105.72
105.44
105.10
104.76
104.42
104.11
103.83
103.65
103.56
103.58
103.67
103.80
104.01
104.29
104.63
105.00
105.36
105.73
106.10
106.46
106.79
107.01
107.09
107.04
106.90
106.69
106.35
105.88
105.29
104.65
104.00
103.50
103.17
103.04
103.05
103.16
103.45
103.89
104.47
105.12
105.79
106.34
106.75
107.00
107.12
107.15
107.10
107.01
106.90
106.77
106.63
106.53
106.48
106.46
106.48
106.52
106.47
106.30
106.01
105.64
105.24
104.92
104.72
104.64
104.66
104.75
104.82
104.85
104.83
104.77
104.82
105.01
105.36
105.80
106.28
106.68
106.96
107.11
107.15
107.12
106.96
106.68
106.28
105.83
105.36
104.88
104.40
103.94
103.51
103.13
102.91
102.87
103.00
103.26
103.59
103.94
104.30
104.65
104.96
105.24
105.42
105.49
105.47
105.37
105.23
105.09
104.98
104.90
104.85
104.82
104.81
104.82
104.83
104.85
104.87
104.89
104.91
104.93
104.95
104.93
104.89
104.81
104.71
104.61
104.58
104.65
104.82
105.06
105.33
105.56
105.71
105.78
105.79
105.75
105.69
105.60
105.51
105.42
105.34
105.26
105.19
105.13
105.08
105.05
104.91
104.66
104.29
103.85
103.39
103.02
102.78
102.67
102.67
102.74
102.90
103.16
103.49
103.86
104.23
104.45
104.49
104.33
104.04
103.67
103.38
103.21
103.18
103.26
103.41
103.63
103.89
104.19
104.50
104.76
104.98
105.13
105.23
105.28
105.36
105.48
105.64
105.83
106.02
106.16
106.21
106.19
106.11
106.00
105.86
105.72
105.58
105.46
105.34
105.22
105.08
104.92
104.77
104.61
104.53
104.52
104.59
104.72
104.88
105.07
105.30
105.55
105.80
106.05
106.21
106.29
106.28
106.20
106.08
105.91
105.71
105.47
105.23
104.99
104.82
104.75
104.76
104.83
104.89
104.91
104.88
104.81
104.72
104.61
104.51
104.41
104.32
104.23
104.19
104.19
104.23
104.30
104.39
104.46
104.49
104.49
104.47
104.42
104.37
104.31
104.25
104.20
104.15
104.19
104.33
104.57
104.86
105.19
105.46
105.65
105.75
105.78
105.76
105.75
105.79
105.89
106.01
106.15
106.27
106.35
106.38
106.39
106.37
106.26
106.05
105.74
105.37
105.04
104.78
104.61
104.51
104.47
104.42
104.33
104.20
104.04
103.87
103.71
103.56
103.42
103.30
103.21
103.10
102.98
102.84
102.70
102.56
102.52
102.58
102.75
102.99
103.27
103.55
103.83
104.09
104.32
104.51
104.65
104.73
104.74
104.71
104.65
104.63
104.66
104.75
104.88
105.04
105.19
105.35
105.49
105.62
105.73
105.74
105.64
105.43
105.15
104.87
104.61
104.40
104.23
104.10
104.05
104.10
104.23
104.42
104.64
104.78
104.83
104.76
104.62
104.44
104.34
104.36
104.51
104.75
105.04
105.30
105.48
105.59
105.63
105.63
105.54
105.37
105.12
104.84
104.54
104.35
104.31
104.42
104.64
104.92
105.12
105.20
105.14
104.98
104.77
104.55
104.35
104.19
104.07
103.99
103.93
103.89
103.87
103.86
103.86
103.92
104.05
104.24
104.47
104.69
104.87
105.01
105.10
105.16
105.19
105.21
105.20
105.19
105.17
105.15
105.13
105.10
105.08
105.06
105.15
105.37
105.71
106.13
106.58
106.80
106.76
106.42
105.90
105.26
104.62
104.02
103.49
103.03
102.66
102.42
102.31
102.32
102.42
102.57
102.81
103.12
103.49
103.88
104.27
104.53
104.63
104.56
104.37
104.12
103.93
103.86
103.92
104.07
104.21
104.27
104.25
104.17
104.05
103.94
103.85
103.79
103.77
103.76
103.80
103.87
103.98
104.12
104.26
104.40
104.53
104.64
104.74
104.83
104.84
104.78
104.64
104.46
104.25
104.04
103.83
103.65
103.48
103.34
103.30
103.38
103.57
103.84
104.14
104.37
104.50
104.51
104.44
104.31
104.20
104.14
104.15
104.20
104.27
104.31
104.30
104.22
104.10
104.01
103.97
104.00
104.07
104.17
104.29
104.41
104.52
104.63
104.72
104.86
105.04
105.27
105.53
105.78
106.00
106.17
106.28
106.34
106.36
106.31
106.17
105.96
105.71
105.44
105.20
105.01
104.88
104.79
104.74
104.66
104.55
104.39
104.20
104.00
103.84
103.72
103.65
103.62
103.62
103.69
103.84
104.06
104.32
104.59
104.85
105.10
105.32
105.51
105.67
105.75
105.74
105.63
105.47
105.31
105.17
105.06
104.98
104.92
104.86
104.78
104.69
104.59
104.48
104.41
104.38
104.39
104.43
104.49
104.50
104.46
104.35
104.20
104.04
103.86
103.69
103.54
103.40
103.29
103.27
103.36
103.57
103.84
104.15
104.49
104.85
105.22
105.57
105.89
106.15
106.34
106.45
106.51
106.52
106.50
106.46
106.41
106.35
106.29
106.15
105.93
105.61
105.25
104.85
104.43
104.01
103.61
103.24
102.99
102.89
102.93
103.07
103.27
103.50
103.74
103.98
104.20
104.40
104.54
104.63
104.66
104.64
104.59
104.56
104.54
104.55
104.59
104.63
104.68
104.74
104.79
104.84
104.88
104.97
105.11
105.31
105.55
105.79
105.94
105.98
105.91
105.75
105.55
105.30
105.01
104.71
104.40
104.11
103.90
103.79
103.77
103.83
103.93
104.08
104.28
104.51
104.75
104.93
105.04
105.06
105.01
104.93
104.79
104.61
104.40
104.18
103.96
103.84
103.82
103.93
104.12
104.35
104.57
104.77
104.91
105.02
105.10
105.09
105.00
104.83
104.61
104.38
104.16
103.99
103.87
103.79
103.75
103.73
103.74
103.75
103.78
103.81
103.81
103.78
103.72
103.64
103.55
103.56
103.70
103.98
104.33
104.72
105.04
105.24
105.32
105.30
105.28
105.27
105.30
105.36
105.44
105.52
105.61
105.69
105.76
105.82
105.85
105.84
105.78
105.71
105.61
105.49
105.33
105.15
104.97
104.78
104.64
104.55
104.50
104.50
104.53
104.54
104.54
104.51
104.46
104.40
104.39
104.44
104.56
104.72
104.90
105.04
105.10
105.09
105.02
104.92
104.85
104.84
104.89
104.99
105.11
105.19
105.21
105.16
105.06
104.96
104.88
104.83
104.80
104.80
104.88
105.07
105.36
105.70
106.06
106.34
106.50
106.54
106.48
106.36
106.23
106.11
106.02
105.96
105.92
105.79
105.55
105.19
104.77
104.32
103.94
103.65
103.46
103.36
103.33
103.36
103.46
103.62
103.80
103.99
104.15
104.27
104.34
104.37
104.37
104.38
104.40
104.45
104.52
104.59
104.66
104.73
104.79
104.85
104.89
104.90
104.88
104.81
104.72
104.57
104.35
104.07
103.76
103.46
103.24
103.14
103.18
103.30
103.47
103.65
103.81
103.93
104.01
104.07
104.14
104.22
104.32
104.42
104.52
104.65
104.80
104.96
105.14
105.30
105.40
105.43
105.37
105.25
105.10
104.94
104.78
104.62
104.48
104.35
104.32
104.41
104.61
104.87
105.17
105.45
105.69
105.88
106.01
106.11
106.09
105.95
105.69
105.37
105.15
105.08
105.19
105.42
105.71
105.96
106.13
106.18
106.16
106.08
105.99
105.92
105.87
105.84
105.83
105.78
105.68
105.51
105.32
105.11
104.91
104.72
104.54
104.39
104.27
104.19
104.17
104.20
104.26
104.34
104.41
104.45
104.45
104.43
104.39
104.42
104.54
104.76
105.03
105.32
105.51
105.57
105.47
105.26
105.00
104.71
104.41
104.13
103.87
103.65
103.42
103.21
102.99
102.78
102.71
102.77
102.99
103.31
103.67
103.95
104.09
104.07
103.95
103.77
103.62
103.55
103.58
103.68
103.81
103.95
104.06
104.13
104.18
104.20
104.23
104.28
104.35
104.44
104.53
104.62
104.70
104.77
104.84
104.89
104.99
105.14
105.34
105.57
105.81
105.99
106.09
106.10
106.05
105.95
105.84
105.71
105.59
105.47
105.36
105.29
105.27
105.29
105.34
105.47
105.67
105.93
106.22
106.53
106.76
106.91
106.97
106.96
106.90
106.78
106.62
106.42
106.20
105.99
105.81
105.68
105.61
105.58
105.58
105.66
105.81
106.03
106.30
106.57
106.87
107.17
107.49
107.79
108.06
108.20
108.18
107.99
107.70
107.35
106.93
106.45
105.93
105.41
104.92
104.49
104.16
103.91
103.75
103.64
103.65
103.74
103.93
104.18
104.39
104.55
104.63
104.65
104.63
104.59
104.52
104.45
104.37
104.30
104.34
104.51
104.82
105.20
105.62
105.96
106.19
106.28
106.28
106.21
106.07
105.88
105.64
105.39
105.13
104.90
104.68
104.50
104.34
104.21
104.16
104.20
104.32
104.50
104.70
104.86
104.95
104.97
104.92
104.84
104.74
104.63
104.52
104.42
104.32
104.24
104.16
104.10
104.06
104.02
104.00
103.98
103.97
103.96
103.96
103.96
103.96
103.96
103.97
104.03
104.15
104.33
104.55
104.78
104.90
104.88
104.71
104.45
104.14
103.91
103.81
103.85
104.00
104.21
104.37
104.45
104.43
104.34
104.21
104.10
104.05
104.06
104.12
104.21
104.23
104.17
104.01
103.79
103.54
103.34
103.20
103.15
103.16
103.21
103.29
103.38
103.48
103.58
103.67
103.75
103.82
103.88
103.93
103.99
104.07
104.18
104.30
104.43
104.52
104.56
104.57
104.54
104.49
104.38
104.20
103.95
103.68
103.40
103.23
103.21
103.34
103.58
103.87
104.14
104.35
104.47
104.54
104.55
104.56
104.58
104.61
104.65
104.70
104.67
104.55
104.33
104.05
103.74
103.54
103.48
103.57
103.76
104.02
104.28
104.51
104.70
104.85
104.96
105.01
105.01
104.96
104.87
104.76
104.64
104.52
104.41
104.31
104.25
104.24
104.27
104.33
104.41
104.49
104.58
104.67
104.74
104.81
104.95
105.17
105.47
105.82
106.18
106.43
106.52
106.45
106.27
106.03
105.74
105.45
105.17
104.91
104.68
104.54
104.49
104.53
104.64
104.79
104.83
104.72
104.44
104.06
103.63
103.30
103.10
103.06
103.14
103.30
103.50
103.71
103.94
104.15
104.35
104.52
104.66
104.78
104.88
105.03
105.26
105.56
105.91
106.26
106.49
106.58
106.50
106.31
106.05
105.79
105.55
105.35
105.20
105.08
105.01
105.01
105.06
105.15
105.25
105.34
105.39
105.41
105.40
105.38
105.31
105.21
105.07
104.92
104.76
104.66
104.64
104.70
104.81
104.95
105.05
105.09
105.06
104.98
104.88
104.78
104.71
104.68
104.68
104.69
104.66
104.58
104.44
104.26
104.10
103.96
103.87
103.82
103.78
103.86
104.03
104.32
104.66
105.02
105.38
105.72
106.03
106.30
106.52
106.60
106.51
106.26
105.92
105.52
105.13
104.78
104.50
104.27
104.10
104.08
104.22
104.52
104.92
105.36
105.76
106.08
106.30
106.44
106.51
106.51
106.44
106.31
106.15
105.98
105.84
105.73
105.67
105.64
105.64
105.64
105.61
105.56
105.50
105.45
105.44
105.45
105.50
105.55
105.48
105.26
104.88
104.40
103.89
103.48
103.22
103.13
103.17
103.30
103.40
103.43
103.38
103.27
103.12
103.12
103.30
103.68
104.17
104.72
105.21
105.57
105.80
105.91
105.95
105.92
105.85
105.76
105.65
105.54
105.52
105.59
105.77
106.02
106.30
106.53
106.69
106.77
106.78
106.75
106.66
106.52
106.34
106.14
105.95
105.73
105.50
105.26
105.02
104.80
104.60
104.43
104.29
104.17
104.16
104.27
104.49
104.78
105.10
105.40
105.65
105.85
106.00
106.10
106.17
106.20
106.22
106.22
106.21
106.16
106.08
105.96
105.83
105.70
105.54
105.36
105.16
104.95
104.76
104.64
104.60
104.65
104.75
104.89
105.00
105.04
105.02
104.95
104.85
104.76
104.70
104.67
104.67
104.68
104.71
104.75
104.79
104.82
104.86
104.89
104.92
104.95
104.97
104.98
104.99
105.00
105.01
105.01
104.91
104.68
104.32
103.89
103.44
103.07
102.82
102.71
102.70
102.76
102.98
103.35
103.85
104.43
105.02
105.49
105.80
105.91
105.89
105.77
105.63
105.47
105.34
105.23
105.14
105.05
104.93
104.81
104.67
104.55
104.53
104.66
104.92
105.27
105.66
105.98
106.19
106.28
106.27
106.19
106.05
105.85
105.62
105.37
105.12
104.88
104.67
104.49
104.33
104.20
104.10
104.03
103.98
103.94
103.92
103.90
103.90
103.91
103.91
103.95
104.02
104.12
104.24
104.36
104.45
104.51
104.52
104.50
104.46
104.43
104.43
104.46
104.51
104.57
104.64
104.70
104.76
104.82
104.87
104.94
105.03
105.14
105.27
105.40
105.47
105.46
105.38
105.25
105.09
104.92
104.76
104.60
104.45
104.36
104.31
104.31
104.35
104.41
104.57
104.82
105.17
105.56
105.97
106.28
106.47
106.53
106.49
106.38
106.28
106.22
106.23
106.27
106.34
106.34
106.26
106.08
105.84
105.58
105.36
105.22
105.16
105.16
105.21
105.29
105.38
105.47
105.57
105.66
105.74
105.81
105.87
105.92
105.96
105.88
105.67
105.33
104.91
104.46
104.12
103.93
103.91
104.01
104.18
104.40
104.64
104.88
105.11
105.23
105.24
105.13
104.94
104.70
104.44
104.18
103.94
103.72
103.52
103.44
103.48
103.64
103.88
104.16
104.43
104.66
104.84
104.98
105.07
105.08
105.01
104.84
104.63
104.40
104.16
103.93
103.72
103.53
103.37
103.35
103.47
103.75
104.12
104.53
104.89
105.18
105.38
105.49
105.55
105.61
105.70
105.83
105.99
106.15
106.23
106.21
106.07
105.87
105.60
105.28
104.94
104.60
104.27
103.97
103.71
103.49
103.31
103.17
103.09
103.06
103.10
103.17
103.26
103.40
103.56
103.76
103.96
104.15
104.36
104.58
104.82
105.04
105.25
105.41
105.51
105.56
105.56
105.53
105.48
105.42
105.36
105.29
105.23
105.23
105.30
105.44
105.62
105.82
105.97
106.05
106.05
105.99
105.90
105.71
105.41
105.03
104.59
104.31
104.23
104.37
104.67
105.05
105.37
105.58
105.64
105.59
105.47
105.31
105.13
104.94
104.76
104.59
104.44
104.31
104.21
104.12
104.05
103.92
103.72
103.43
103.09
102.75
102.52
102.44
102.52
102.71
102.96
103.25
103.54
103.83
104.09
104.32
104.55
104.77
104.99
105.20
105.39
105.48
105.44
105.29
105.06
104.79
104.53
104.31
104.13
104.01
103.94
103.94
104.00
104.09
104.20
104.30
104.36
104.39
104.39
104.36
104.33
104.29
104.24
104.20
104.16
104.12
104.09
104.06
104.04
104.02
104.03
104.08
104.16
104.26
104.38
104.41
104.34
104.17
103.93
103.66
103.52
103.54
103.74
104.05
104.43
104.72
104.89
104.91
104.82
104.66
104.46
104.24
104.02
103.81
103.62
103.45
103.31
103.20
103.11
103.04
103.04
103.12
103.28
103.48
103.73
104.01
104.31
104.62
104.91
105.14
105.31
105.41
105.46
105.47
105.48
105.50
105.54
105.59
105.65
105.61
105.43
105.13
104.75
104.34
103.97
103.70
103.52
103.42
103.38
103.36
103.34
103.31
103.27
103.23
103.18
103.15
103.11
103.08
103.05
103.06
103.10
103.18
103.28
103.38
103.57
103.85
104.21
104.61
105.02
105.36
105.60
105.74
105.80
105.85
105.92
106.03
106.16
106.29
106.40
106.46
106.48
106.47
106.44
106.37
106.26
106.11
105.95
105.79
105.66
105.57
105.53
105.53
105.56
105.57
105.56
105.53
105.47
105.41
105.37
105.37
105.39
105.45
105.51
105.53
105.49
105.38
105.23
105.06
104.94
104.88
104.90
104.97
105.08
105.12
105.08
104.94
104.74
104.50
104.28
104.10
103.97
103.88
103.85
103.87
103.95
104.06
104.19
104.30
104.37
104.40
104.40
104.38
104.37
104.38
104.43
104.49
104.56
104.58
104.53
104.42
104.27
104.09
103.93
103.82
103.74
103.70
103.69
103.81
104.06
104.45
104.91
105.40
105.85
106.25
106.56
106.81
106.99
107.04
106.95
106.73
106.43
106.09
105.71
105.32
104.92
104.53
104.18
103.87
103.61
103.39
103.22
103.09
103.04
103.09
103.22
103.41
103.66
103.94
104.25
104.56
104.85
105.09
105.27
105.38
105.44
105.45
105.39
105.24
105.02
104.75
104.47
104.23
104.03
103.89
103.79
103.74
103.72
103.71
103.73
103.75
103.78
103.84
103.93
104.05
104.19
104.33
104.51
104.75
105.03
105.34
105.64
105.82
105.85
105.72
105.48
105.18
104.90
104.69
104.56
104.49
104.47
104.51
104.60
104.74
104.91
105.06
105.17
105.24
105.28
105.29
105.23
105.09
104.89
104.64
104.38
104.18
104.05
104.02
104.04
104.11
104.21
104.32
104.43
104.54
104.64
104.68
104.64
104.53
104.37
104.18
103.99
103.80
103.62
103.47
103.33
103.28
103.30
103.41
103.57
103.76
103.96
104.15
104.33
104.50
104.64
104.78
104.94
105.10
105.26
105.42
105.48
105.43
105.26
105.02
104.75
104.49
104.27
104.10
103.98
103.97
104.09
104.33
104.64
104.98
105.25
105.41
105.45
105.40
105.29
105.19
105.15
105.16
105.21
105.29
105.33
105.31
105.23
105.11
104.96
104.89
104.91
105.04
105.23
105.46
105.63
105.69
105.65
105.53
105.37
105.23
105.15
105.14
105.18
105.25
105.23
105.10
104.84
104.51
104.14
103.88
103.75
103.78
103.92
104.13
104.43
104.81
105.24
105.69
106.05
106.29
106.38
106.38
106.30
106.15
105.94
105.69
105.43
105.17
104.95
104.78
104.68
104.62
104.60
104.61
104.64
104.68
104.72
104.77
104.84
104.94
105.06
105.20
105.34
105.45
105.51
105.53
105.51
105.47
105.39
105.28
105.13
104.96
104.80
104.64
104.49
104.36
104.25
104.16
104.06
103.95
103.82
103.69
103.56
103.49
103.49
103.58
103.71
103.88
104.05
104.23
104.39
104.53
104.74
105.02
105.38
105.77
106.16
106.53
106.87
107.17
107.42
107.63
107.77
107.84
107.84
107.80
107.73
107.61
107.46
107.27
107.07
106.88
106.64
106.36
106.03
105.70
105.37
105.07
104.80
104.57
104.38
104.22
104.16
104.18
104.30
104.47
104.67
104.83
104.92
104.94
104.90
104.83
104.76
104.71
104.69
104.69
104.71
104.68
104.60
104.46
104.28
104.12
103.98
103.89
103.83
103.79
103.83
103.95
104.14
104.38
104.63
104.88
105.11
105.32
105.51
105.66
105.71
105.64
105.45
105.18
104.88
104.57
104.26
103.99
103.74
103.52
103.29
103.03
102.74
102.45
102.16
102.04
102.09
102.34
102.71
103.14
103.57
103.96
104.29
104.56
104.77
104.88
104.88
104.78
104.62
104.42
104.25
104.15
104.12
104.15
104.16
104.14
104.06
103.95
103.82
103.71
103.64
103.60
103.60
103.62
103.71
103.87
104.09
104.35
104.62
104.80
104.88
104.83
104.69
104.51
104.22
103.83
103.35
102.84
102.33
101.93
101.66
101.55
101.54
101.62
101.80
102.07
102.42
102.80
103.18
103.52
103.80
104.00
104.15
104.24
104.32
104.40
104.48
104.57
104.66
104.71
104.72
104.69
104.63
104.53
104.39
104.22
104.03
103.85
103.81
103.93
104.24
104.66
105.13
105.50
105.74
105.81
105.77
105.64
105.52
105.43
105.40
105.41
105.45
105.43
105.32
105.12
104.87
104.59
104.37
104.22
104.15
104.15
104.20
104.30
104.45
104.64
104.84
105.04
105.29
105.58
105.92
106.26
106.60
106.85
107.01
107.07
107.06
106.99
106.78
106.43
105.95
105.41
104.84
104.34
103.95
103.68
103.51
103.44
103.46
103.56
103.70
103.87
104.00
104.06
104.05
103.98
103.89
103.82
103.82
103.87
103.97
104.10
104.26
104.46
104.67
104.90
105.11
105.34
105.57
105.81
106.04
106.26
106.42
106.52
106.57
106.57
106.54
106.52
106.52
106.54
106.58
106.63
106.66
106.66
106.62
106.56
106.49
106.28
105.92
105.40
104.80
104.18
103.60
103.10
102.69
102.36
102.17
102.10
102.16
102.29
102.48
102.72
103.00
103.30
103.60
103.89
104.12
104.29
104.39
104.45
104.46
104.47
104.49
104.54
104.59
104.65
104.68
104.69
104.65
104.59
104.52
104.46
104.44
104.46
104.50
104.55
104.61
104.68
104.74
104.80
104.85
104.95
105.10
105.30
105.54
105.78
105.91
105.90
105.74
105.48
105.16
104.85
104.58
104.35
104.18
104.04
103.97
103.97
104.02
104.11
104.22
104.33
104.45
104.57
104.67
104.78
104.92
105.07
105.22
105.37
105.46
105.47
105.40
105.27
105.11
105.03
105.03
105.14
105.31
105.53
105.70
105.81
105.85
105.83
105.77
105.68
105.59
105.49
105.40
105.31
105.26
105.25
105.28
105.34
105.42
105.51
105.59
105.68
105.75
105.82
105.87
105.92
105.96
105.98
106.00
105.99
105.94
105.86
105.75
105.61
105.44
105.24
105.04
104.84
104.63
104.41
104.18
103.95
103.74
103.61
103.57
103.61
103.72
103.86
104.02
104.19
104.34
104.49
104.62
104.68
104.66
104.55
104.40
104.21
104.07
104.00
104.00
104.05
104.14
104.27
104.45
104.65
104.87
105.08
105.25
105.37
105.43
105.46
105.45
105.44
105.46
105.50
105.55
105.61
105.65
105.65
105.62
105.57
105.50
105.42
105.35
105.28
105.21
105.16
105.11
105.07
105.04
105.01
104.97
104.90
104.80
104.69
104.58
104.47
104.36
104.27
104.19
104.13
104.16
104.29
104.52
104.82
105.15
105.42
105.62
105.72
105.76
105.74
105.72
105.70
105.71
105.73
105.75
105.76
105.74
105.68
105.61
105.52
105.46
105.43
105.44
105.48
105.54
105.49
105.33
105.03
104.67
104.27
103.95
103.74
103.66
103.67
103.81
104.05
104.37
104.74
105.12
105.49
105.82
106.12
106.38
106.59
106.66
106.56
106.30
105.94
105.54
105.17
104.87
104.68
104.55
104.49
104.45
104.41
104.36
104.30
104.25
104.25
104.32
104.46
104.64
104.83
105.01
105.14
105.23
105.28
105.30
105.30
105.28
105.25
105.22
105.18
105.12
105.03
104.92
104.78
104.65
104.55
104.49
104.47
104.49
104.50
104.50
104.47
104.42
104.37
104.34
104.34
104.37
104.43
104.50
104.61
104.74
104.90
105.07
105.24
105.35
105.38
105.32
105.22
105.08
105.03
105.10
105.30
105.59
105.92
106.16
106.26
106.21
106.06
105.84
105.67
105.58
105.60
105.68
105.81
105.89
105.88
105.77
105.60
105.40
105.21
105.05
104.93
104.86
104.81
104.84
104.95
105.14
105.37
105.62
105.87
106.10
106.31
106.50
106.58
106.53
106.37
106.12
105.84
105.57
105.34
105.15
105.02
104.92
104.83
104.74
104.63
104.53
104.42
104.33
104.24
104.17
104.11
104.06
104.08
104.17
104.33
104.53
104.75
104.97
105.18
105.37
105.54
105.68
105.80
105.89
105.96
106.01
106.05
106.04
106.00
105.91
105.80
105.69
105.51
105.28
105.00
104.70
104.39
104.21
104.18
104.31
104.54
104.76
104.91
104.97
104.95
104.89
104.78
104.62
104.41
104.20
103.98
103.78
103.60
103.43
103.30
103.19
103.05
102.86
102.64
102.39
102.14
102.02
102.03
102.20
102.47
102.80
103.17
103.56
103.97
104.37
104.73
105.06
105.33
105.56
105.75
105.89
105.92
105.82
105.60
105.31
104.98
104.67
104.40
104.20
104.04
103.93
103.93
104.06
104.31
104.63
104.95
105.24
105.49
105.69
105.85
105.97
106.05
106.11
106.14
106.16
106.13
106.07
105.97
105.84
105.71
105.64
105.63
105.70
105.81
105.96
106.09
106.19
106.25
106.28
106.28
106.22
106.08
105.87
105.63
105.37
105.17
105.04
105.01
105.04
105.11
105.21
105.32
105.43
105.54
105.64
105.68
105.64
105.53
105.37
105.18
104.99
104.80
104.62
104.47
104.33
104.22
104.13
104.06
104.01
103.97
103.95
103.93
103.93
103.93
103.90
103.85
103.77
103.67
103.57
103.46
103.37
103.28
103.20
103.14
103.19
103.38
103.71
104.11
104.55
104.88
105.06
105.08
104.98
104.81
104.64
104.52
104.46
104.45
104.47
104.45
104.40
104.28
104.13
103.97
103.85
103.81
103.84
103.92
104.04
104.15
104.23
104.27
104.29
104.28
104.24
104.15
104.03
103.89
103.86
103.94
104.17
104.48
104.83
105.16
105.46
105.69
105.87
106.01
106.15
106.33
106.54
106.77
106.99
107.07
106.97
106.69
106.30
105.85
105.46
105.18
105.02
104.96
104.98
105.02
105.06
105.08
105.10
105.10
105.10
105.09
105.08
105.07
105.06
105.02
104.95
104.85
104.74
104.62
104.53
104.48
104.47
104.49
104.53
104.62
104.73
104.88
105.05
105.22
105.32
105.35
105.30
105.19
105.06
104.90
104.75
104.60
104.46
104.26
103.99
103.64
103.25
102.86
102.56
102.39
102.36
102.43
102.55
102.78
103.08
103.44
103.84
104.23
104.52
104.68
104.70
104.63
104.49
104.34
104.20
104.09
104.02
103.96
103.92
103.90
103.89
103.89
103.89
103.90
103.91
103.93
103.94
103.95
103.91
103.80
103.63
103.43
103.21
103.15
103.29
103.63
104.11
104.57
104.96
105.23
105.41
105.52
105.51
105.39
105.19
104.92
104.64
104.32
103.99
103.65
103.33
103.03
102.87
102.87
103.04
103.32
103.66
103.99
104.29
104.54
104.74
104.90
104.93
104.84
104.62
104.33
104.00
103.71
103.50
103.38
103.33
103.33
103.42
103.59
103.84
104.13
104.44
104.68
104.84
104.91
104.91
104.86
104.80
104.76
104.75
104.75
104.77
104.79
104.82
104.84
104.87
104.87
104.84
104.77
104.68
104.58
104.48
104.39
104.30
104.22
104.15
104.13
104.14
104.20
104.28
104.37
104.45
104.49
104.49
104.47
104.43
104.35
104.23
104.09
103.93
103.76
103.61
103.47
103.35
103.24
103.15
103.09
103.03
102.99
102.97
102.95
102.99
103.11
103.28
103.50
103.73
104.02
104.35
104.72
105.11
105.48
105.74
105.87
105.86
105.75
105.61
105.47
105.34
105.23
105.15
105.10
105.11
105.16
105.24
105.34
105.39
105.38
105.29
105.17
105.02
104.91
104.87
104.90
104.98
105.09
105.19
105.26
105.30
105.31
105.30
105.20
104.99
104.69
104.34
103.96
103.68
103.51
103.47
103.52
103.64
103.82
104.05
104.32
104.59
104.86
105.08
105.25
105.35
105.40
105.42
105.41
105.38
105.34
105.29
105.16
104.94
104.63
104.27
103.90
103.56
103.29
103.07
102.92
102.82
102.81
102.90
103.07
103.29
103.54
103.74
103.86
103.91
103.89
103.83
103.74
103.64
103.54
103.43
103.34
103.33
103.43
103.64
103.91
104.21
104.49
104.73
104.91
105.04
105.13
105.08
104.88
104.53
104.10
103.63
103.30
103.14
103.18
103.36
103.63
103.84
103.94
103.90
103.78
103.60
103.41
103.24
103.11
103.02
103.03
103.16
103.40
103.70
104.04
104.41
104.79
105.18
105.55
105.88
106.15
106.35
106.46
106.52
106.53
106.49
106.39
106.24
106.08
105.90
105.76
105.66
105.60
105.59
105.60
105.52
105.33
105.02
104.64
104.24
103.99
103.95
104.14
104.48
104.91
105.29
105.59
105.76
105.84
105.85
105.82
105.75
105.66
105.56
105.46
105.40
105.37
105.38
105.43
105.38
105.22
104.94
104.58
104.19
103.80
103.44
103.10
102.81
102.56
102.41
102.36
102.41
102.54
102.70
102.97
103.33
103.78
104.26
104.75
105.16
105.46
105.65
105.75
105.78
105.68
105.45
105.10
104.70
104.27
103.95
103.79
103.79
103.91
104.11
104.29
104.43
104.51
104.53
104.52
104.51
104.52
104.55
104.60
104.65
104.65
104.59
104.47
104.30
104.19
104.17
104.26
104.41
104.60
104.81
105.02
105.22
105.40
105.56
105.72
105.89
106.07
106.24
106.40
106.47
106.42
106.26
106.03
105.76
105.36
104.86
104.24
103.58
102.93
102.50
102.35
102.49
102.83
103.29
103.71
104.01
104.17
104.22
104.19
104.11
103.99
103.85
103.71
103.57
103.45
103.34
103.24
103.16
103.09
103.04
103.00
102.98
102.96
102.95
103.00
103.11
103.29
103.51
103.75
103.97
104.19
104.39
104.55
104.64
104.64
104.56
104.41
104.24
104.13
104.11
104.20
104.36
104.56
104.77
104.99
105.20
105.38
105.55
105.63
105.63
105.55
105.40
105.23
105.04
104.85
104.67
104.51
104.37
104.28
104.24
104.26
104.31
104.38
104.49
104.63
104.81
104.99
105.18
105.30
105.34
105.30
105.20
105.06
104.91
104.76
104.61
104.47
104.33
104.16
103.99
103.81
103.65
103.58
103.62
103.77
104.00
104.27
104.52
104.73
104.90
105.02
105.11
105.16
105.19
105.20
105.19
105.18
105.24
105.39
105.64
105.94
106.25
106.49
106.62
106.62
106.53
106.39
106.19
105.95
105.67
105.39
105.12
104.95
104.90
104.98
105.14
105.35
105.59
105.83
106.06
106.28
106.46
106.57
106.59
106.52
106.38
106.22
105.96
105.60
105.16
104.68
104.28
104.00
103.86
103.82
103.85
103.94
104.06
104.19
104.33
104.46
104.58
104.69
104.78
104.85
104.92
105.02
105.17
105.37
105.60
105.83
106.01
106.10
106.11
106.06
105.96
105.87
105.80
105.76
105.75
105.75
105.71
105.62
105.47
105.29
105.09
104.92
104.79
104.71
104.67
104.66
104.75
104.95
105.25
105.61
105.99
106.23
106.29
106.16
105.90
105.58
105.27
104.98
104.72
104.51
104.30
104.10
103.90
103.71
103.54
103.42
103.35
103.34
103.37
103.42
103.51
103.65
103.81
103.99
104.17
104.31
104.41
104.46
104.46
104.45
104.43
104.44
104.48
104.53
104.60
104.69
104.81
104.96
105.12
105.28
105.40
105.48
105.51
105.50
105.47
105.37
105.20
104.96
104.69
104.41
104.19
104.06
104.01
104.03
104.10
104.19
104.30
104.42
104.53
104.63
104.72
104.80
104.87
104.92
104.91
104.83
104.67
104.47
104.25
103.98
103.66
103.29
102.91
102.54
102.20
101.89
101.63
101.42
101.24
101.16
101.18
101.28
101.45
101.65
101.92
102.24
102.62
103.01
103.39
103.76
104.14
104.50
104.83
105.13
105.38
105.59
105.76
105.89
105.99
106.03
106.02
105.96
105.86
105.75
105.66
105.60
105.58
105.59
105.61
105.65
105.70
105.75
105.80
105.81
105.80
105.74
105.66
105.57
105.51
105.47
105.48
105.51
105.56
105.56
105.51
105.39
105.23
105.05
104.79
104.45
104.02
103.56
103.10
102.75
102.53
102.45
102.48
102.58
102.76
102.98
103.25
103.53
103.81
104.04
104.21
104.32
104.38
104.40
104.37
104.29
104.16
104.01
103.85
103.74
103.71
103.76
103.86
104.01
104.22
104.45
104.70
104.95
105.12
105.21
105.21
105.14
105.03
104.96
104.93
104.97
105.05
105.16
105.31
105.49
105.70
105.91
106.12
106.31
106.49
106.63
106.76
106.86
106.77
106.49
105.99
105.38
104.72
104.13
103.68
103.37
103.20
103.11
103.08
103.06
103.04
103.03
103.02
103.12
103.34
103.69
104.12
104.57
104.88
105.01
104.94
104.74
104.45
104.11
103.77
103.43
103.12
102.97
103.02
103.26
103.63
104.07
104.49
104.83
105.08
105.25
105.35
105.36
105.26
105.07
104.83
104.56
104.29
104.03
103.79
103.58
103.41
103.21
102.98
102.71
102.43
102.16
101.96
101.85
101.83
101.88
101.98
102.05
102.07
102.02
101.94
101.83
101.79
101.83
101.99
102.20
102.44
102.73
103.03
103.35
103.66
103.95
104.19
104.35
104.45
104.49
104.50
104.48
104.43
104.38
104.32
104.27
104.21
104.16
104.12
104.08
104.13
104.28
104.53
104.84
105.17
105.39
105.47
105.40
105.22
104.97
104.67
104.33
103.96
103.60
103.26
103.01
102.86
102.82
102.85
102.93
103.02
103.10
103.15
103.17
103.18
103.23
103.33
103.49
103.69
103.89
104.07
104.20
104.29
104.33
104.34
104.36
104.39
104.45
104.52
104.62
104.75
104.91
105.08
105.24
105.38
105.46
105.50
105.50
105.47
105.48
105.54
105.66
105.81
105.99
106.11
106.16
106.14
106.06
105.95
105.85
105.77
105.73
105.71
105.72
105.71
105.68
105.62
105.55
105.47
105.39
105.31
105.24
105.17
105.12
105.10
105.13
105.19
105.28
105.38
105.40
105.33
105.15
104.91
104.65
104.42
104.27
104.20
104.20
104.24
104.33
104.48
104.66
104.86
105.03
105.16
105.25
105.29
105.31
105.33
105.37
105.43
105.50
105.58
105.60
105.56
105.45
105.29
105.11
104.95
104.83
104.76
104.72
104.70
104.66
104.56
104.41
104.23
104.04
103.98
104.09
104.38
104.77
105.22
105.68
106.13
106.54
106.91
107.23
107.46
107.62
107.69
107.71
107.68
107.57
107.39
107.13
106.83
106.53
106.26
106.04
105.89
105.79
105.70
105.62
105.52
105.43
105.34
105.34
105.45
105.65
105.92
106.23
106.45
106.57
106.57
106.49
106.35
106.13
105.83
105.47
105.09
104.71
104.40
104.20
104.09
104.07
104.10
104.15
104.18
104.20
104.20
104.19
104.12
103.98
103.78
103.54
103.30
103.08
102.91
102.80
102.73
102.69
102.79
103.03
103.42
103.87
104.36
104.77
105.05
105.19
105.22
105.18
105.12
105.05
105.01
104.97
104.98
105.02
105.10
105.21
105.33
105.42
105.47
105.49
105.47
105.43
105.36
105.24
105.10
104.94
104.78
104.59
104.39
104.18
103.97
103.77
103.64
103.59
103.64
103.74
103.88
104.01
104.12
104.18
104.22
104.24
104.26
104.30
104.37
104.45
104.54
104.62
104.70
104.77
104.84
104.89
105.01
105.22
105.51
105.85
106.20
106.49
106.69
106.80
106.83
106.75
106.58
106.32
106.02
105.69
105.35
105.00
104.64
104.31
104.00
103.79
103.68
103.67
103.73
103.85
103.96
104.06
104.12
104.16
104.18
104.21
104.26
104.33
104.42
104.51
104.60
104.69
104.77
104.83
104.89
104.90
104.88
104.82
104.73
104.63
104.58
104.59
104.68
104.81
104.96
105.10
105.20
105.27
105.30
105.30
105.26
105.18
105.06
104.92
104.77
104.76
104.91
105.24
105.67
105.98
106.13
106.06
105.85
105.55
105.29
105.10
105.01
105.01
105.06
105.17
105.33
105.53
105.75
105.98
106.19
106.38
106.54
106.68
106.80
106.76
106.54
106.15
105.65
105.11
104.61
104.21
103.91
103.71
103.58
103.49
103.41
103.33
103.26
103.20
103.20
103.27
103.41
103.59
103.79
103.95
104.03
104.04
103.98
103.89
103.78
103.66
103.54
103.43
103.41
103.49
103.69
103.94
104.23
104.48
104.65
104.74
104.76
104.73
104.76
104.85
105.03
105.27
105.52
105.73
105.86
105.90
105.89
105.83
105.74
105.64
105.54
105.44