Initializing VL53L0X...
Initialize interrupt routine.
Interrupt is ready!
Stop count: 2000.00
1.42
4.46
9.18
14.84
20.84
26.76
32.32
37.29
41.57
45.13
48.00
50.24
51.95
53.21
54.07
54.62
54.90
54.95
54.82
54.59
54.28
53.92
53.52
53.11
52.71
52.34
52.00
51.72
51.48
51.28
51.13
51.05
51.02
51.06
51.14
51.24
51.29
51.29
51.22
51.10
50.97
50.90
50.92
51.05
51.24
51.47
51.77
52.12
52.52
52.94
53.34
53.68
53.95
54.14
54.27
54.34
54.38
54.38
54.36
54.33
54.24
54.08
53.86
53.60
53.34
53.13
53.01
52.98
53.01
53.08
53.11
53.05
52.90
52.69
52.46
52.19
51.89
51.59
51.29
51.01
50.73
50.46
50.19
49.94
49.71
49.54
49.43
49.39
49.39
49.42
49.58
49.88
50.31
50.80
51.32
51.80
52.22
52.55
52.80
53.00
53.08
53.05
52.92
52.73
52.50
52.34
52.28
52.32
52.45
52.54
52.56
52.49
52.36
52.20
51.99
51.76
51.50
51.24
50.99
50.84
50.81
50.91
51.09
51.32
51.57
51.82
52.06
52.28
52.47
52.68
52.93
53.22
53.51
53.80
53.98
54.05
53.98
53.83
53.63
53.45
53.33
53.28
53.28
53.33
53.31
53.22
53.03
52.79
52.53
52.27
52.01
51.78
51.58
51.40
51.18
50.89
50.54
50.15
49.82
49.57
49.42
49.34
49.33
49.43
49.65
49.99
50.38
50.80
51.24
51.68
52.11
52.52
52.88
53.14
53.29
53.32
53.28
53.18
53.12
53.15
53.26
53.44
53.64
53.86
54.07
54.27
54.45
54.60
54.68
54.67
54.57
54.42
54.24
53.99
53.69
53.33
52.95
52.58
52.30
52.10
52.02
52.01
52.06
52.17
52.33
52.53
52.75
52.92
53.02
53.03
52.98
52.90
52.82
52.76
52.73
52.72
52.73
52.75
52.78
52.81
52.85
52.88
52.85
52.76
52.60
52.41
52.20
52.09
52.12
52.29
52.56
52.87
53.08
53.12
52.99
52.73
52.41
52.13
51.94
51.87
51.88
51.94
52.05
52.17
52.30
52.43
52.55
52.79
53.17
53.70
54.30
54.91
55.43
55.81
56.03
56.13
56.04
55.75
55.30
54.75
54.17
53.67
53.30
53.08
52.97
52.95
52.91
52.82
52.66
52.46
52.24
52.10
52.07
52.14
52.30
52.50
52.66
52.77
52.80
52.79
52.73
52.68
52.65
52.64
52.66
52.69
52.70
52.68
52.64
52.57
52.49
52.46
52.50
52.60
52.75
52.92
53.05
53.11
53.09
53.02
52.91
52.82
52.75
52.71
52.70
52.66
52.56
52.42
52.24
52.04
51.91
51.84
51.86
51.93
52.04
52.22
52.47
52.78
53.11
53.45
53.71
53.89
53.96
53.96
53.91
53.83
53.73
53.61
53.50
53.40
53.33
53.31
53.32
53.37
53.44
53.41
53.26
52.98
52.63
52.24
51.95
51.81
51.83
51.95
52.15
52.42
52.73
53.07
53.41
53.73
54.00
54.20
54.33
54.40
54.38
54.26
54.06
53.81
53.54
53.26
53.00
52.77
52.56
52.39
52.24
52.13
52.04
51.98
51.94
51.94
51.98
52.07
52.18
52.30
52.39
52.45
52.47
52.46
52.42
52.38
52.32
52.27
52.22
52.17
52.21
52.34
52.58
52.87
53.19
53.41
53.48
53.40
53.22
52.97
52.69
52.41
52.13
51.88
51.65
51.49
51.38
51.35
51.35
51.39
51.43
51.44
51.43
51.40
51.35
51.30
51.25
51.20
51.16
51.17
51.25
51.40
51.59
51.80
51.96
52.04
52.05
51.99
51.90
51.82
51.76
51.72
51.72
51.73
51.67
51.53
51.29
51.00
50.69
50.49
50.43
50.53
50.73
50.99
51.33
51.74
52.20
52.68
53.13
53.47
53.67
53.72
53.66
53.54
53.39
53.25
53.14
53.06
53.00
52.90
52.76
52.56
52.34
52.15
51.99
51.87
51.80
51.76
51.75
51.75
51.77
51.79
51.82
51.77
51.62
51.38
51.09
50.77
50.53
50.40
50.40
50.48
50.62
50.76
50.89
50.99
51.05
51.10
51.23
51.47
51.83
52.25
52.69
53.07
53.36
53.54
53.64
53.68
53.61
53.45
53.21
52.92
52.62
52.32
52.04
51.79
51.57
51.38
51.26
51.20
51.20
51.25
51.34
51.49
51.67
51.87
52.07
52.20
52.26
52.23
52.15
52.03
52.00
52.08
52.29
52.59
52.93
53.14
53.19
53.05
52.79
52.46
52.20
52.07
52.07
52.18
52.36
52.46
52.45
52.32
52.10
51.83
51.65
51.60
51.69
51.88
52.13
52.32
52.42
52.42
52.34
52.21
52.11
52.06
52.08
52.14
52.23
52.25
52.19
52.02
51.80
51.58
51.38
51.21
51.09
51.00
50.96
50.98
51.04
51.14
51.25
51.43
51.66
51.95
52.26
52.57
52.81
52.96
53.02
53.00
52.94
52.84
52.73
52.61
52.50
52.39
52.27
52.13
51.97
51.81
51.65
51.61
51.71
51.96
52.29
52.67
52.90
52.94
52.75
52.42
52.00
51.55
51.10
50.67
50.28
49.94
49.75
49.75
49.91
50.20
50.52
50.84
51.12
51.37
51.57
51.69
51.70
51.63
51.48
51.30
51.14
51.00
50.90
50.84
50.80
50.79
50.79
50.80
50.82
50.84
50.95
51.14
51.43
51.78
52.13
52.40
52.56
52.58
52.52
52.39
52.25
52.13
52.03
51.97
51.92
51.98
52.13
52.40
52.72
53.07
53.37
53.58
53.70
53.74
53.74
53.74
53.79
53.89
54.02
54.16
54.20
54.10
53.87
53.56
53.26
53.00
52.83
52.71
52.64
52.62
52.62
52.64
52.68
52.72
52.65
52.47
52.15
51.76
51.34
51.00
50.78
50.68
50.69
50.76
50.91
51.11
51.35
51.61
51.86
52.13
52.40
52.68
52.94
53.18
53.32
53.33
53.21
53.01
52.76
52.47
52.14
51.80
51.46
51.15
50.92
50.79
50.77
50.82
50.91
51.04
51.18
51.32
51.46
51.58
51.69
51.78
51.86
51.92
51.94
51.92
51.85
51.76
51.66
51.52
51.36
51.17
50.98
50.79
50.70
50.71
50.85
51.06
51.31
51.55
51.75
51.91
52.02
52.10
52.21
52.35
52.54
52.75
52.96
53.11
53.19
53.17
53.10
52.99
52.92
52.90
52.94
53.03
53.14
53.11
52.89
52.47
51.95
51.36
50.91
50.64
50.57
50.66
50.81
51.00
51.19
51.36
51.51
51.70
51.93
52.20
52.49
52.77
52.95
53.01
52.95
52.80
52.60
52.48
52.48
52.61
52.83
53.10
53.32
53.43
53.44
53.37
53.24
53.09
52.92
52.76
52.60
52.46
52.34
52.23
52.14
52.08
52.03
52.04
52.13
52.29
52.50
52.72
52.92
53.08
53.18
53.25
53.28
53.26
53.19
53.08
52.95
52.80
52.66
52.52
52.40
52.29
52.17
52.04
51.89
51.74
51.59
51.51
51.51
51.59
51.72
51.88
52.02
52.14
52.21
52.25
52.26
52.29
52.33
52.39
52.47
52.55
52.66
52.80
52.95
53.12
53.28
53.38
53.41
53.35
53.23
53.09
52.90
52.68
52.44
52.19
51.95
51.82
51.80
51.90
52.09
52.32
52.57
52.82
53.06
53.28
53.39
53.38
53.25
53.04
52.78
52.55
52.39
52.32
52.30
52.32
52.35
52.36
52.35
52.33
52.29
52.28
52.29
52.34
52.41
52.49
52.44
52.23
51.86
51.40
50.89
50.43
50.06
49.80
49.63
49.52
49.56
49.73
50.02
50.38
50.78
51.17
51.55
51.89
52.19
52.44
52.65
52.81
52.93
53.03
53.09
53.13
53.15
53.15
53.15
53.14
53.13
53.11
53.09
53.07
53.00
52.87
52.68
52.46
52.23
51.97
51.70
51.42
51.14
50.89
50.72
50.64
50.66
50.74
50.87
50.99
51.09
51.16
51.19
51.21
51.29
51.45
51.70
52.00
52.31
52.57
52.75
52.83
52.85
52.81
52.69
52.49
52.21
51.90
51.58
51.33
51.16
51.08
51.08
51.13
51.29
51.56
51.93
52.36
52.80
53.17
53.45
53.62
53.71
53.73
53.71
53.65
53.58
53.50
53.39
53.25
53.09
52.91
52.74
52.58
52.44
52.32
52.21
52.13
52.09
52.10
52.15
52.24
52.33
52.39
52.37
52.29
52.17
52.02
51.91
51.87
51.90
51.98
52.09
52.19
52.26
52.30
52.31
52.30
52.30
52.33
52.38
52.46
52.53
52.56
52.52
52.42
52.26
52.09
51.94
51.82
51.75
51.71
51.70
51.71
51.73
51.76
51.79
51.85
51.94
52.06
52.20
52.34
52.44
52.50
52.52
52.51
52.47
52.42
52.36
52.30
52.24
52.19
52.09
51.93
51.72
51.48
51.23
50.99
50.77
50.57
50.41
50.27
50.18
50.15
50.18
50.24
50.32
50.47
50.68
50.96
51.26
51.56
51.77
51.86
51.83
51.71
51.53
51.40
51.36
51.42
51.54
51.71
51.89
52.08
52.26
52.43
52.52
52.53
52.46
52.33
52.17
52.05
51.98
51.99
52.06
52.15
52.26
52.38
52.49
52.60
52.70
52.78
52.85
52.91
52.96
52.99
52.96
52.86
52.69
52.48
52.26
52.09
51.99
51.97
52.02
52.10
52.15
52.16
52.10
52.00
51.87
51.79
51.77
51.83
51.93
52.05
52.17
52.25
52.30
52.31
52.31
52.26
52.17
52.05
51.91
51.70
51.45
51.13
50.80
50.47
50.27
50.22
50.33
50.55
50.84
51.10
51.31
51.44
51.50
51.52
51.45
51.30
51.07
50.80
50.51
50.29
50.14
50.08
50.09
50.14
50.25
50.41
50.61
50.82
51.03
51.23
51.41
51.57
51.70
51.81
51.85
51.80
51.67
51.49
51.28
51.04
50.78
50.50
50.22
49.96
49.76
49.61
49.53
49.50
49.50
49.53
49.58
49.63
49.69
49.83
50.05
50.37
50.73
51.11
51.47
51.81
52.11
52.36
52.58
52.67
52.63
52.47
52.22
51.93
51.56
51.15
50.69
50.22
49.77
49.45
49.26
49.22
49.29
49.43
49.59
49.73
49.85
49.93
50.00
50.07
50.16
50.27
50.38
50.49
50.63
50.78
50.95
51.13
51.30
51.46
51.60
51.71
51.81
51.89
51.98
52.08
52.20
52.33
52.46
52.57
52.68
52.77
52.84
52.91
52.95
52.99
53.02
53.03
53.02
52.96
52.88
52.77
52.65
52.59
52.59
52.67
52.80
52.95
53.06
53.10
53.08
53.00
52.90
52.75
52.56
52.35
52.13
51.91
51.69
51.45
51.21
50.97
50.76
50.48
50.15
49.74
49.31
48.89
48.57
48.38
48.34
48.40
48.52
48.72
48.96
49.24
49.53
49.81
50.07
50.31
50.51
50.67
50.78
50.83
50.82
50.77
50.69
50.62
50.59
50.58
50.60
50.64
50.76
50.98
51.29
51.66
52.04
52.31
52.42
52.37
52.21
51.98
51.80
51.69
51.68
51.75
51.86
52.03
52.24
52.48
52.73
52.97
53.17
53.31
53.40
53.44
53.44
53.39
53.30
53.16
53.00
52.84
52.71
52.62
52.57
52.57
52.61
52.70
52.84
52.99
53.16
53.24
53.21
53.08
52.87
52.63
52.48
52.45
52.57
52.78
53.05
53.29
53.47
53.57
53.61
53.60
53.51
53.34
53.10
52.82
52.52
52.23
51.96
51.72
51.52
51.35
51.21
51.10
51.02
50.96
50.92
50.92
50.97
51.06
51.17
51.29
51.42
51.54
51.64
51.74
51.82
51.86
51.85
51.80
51.73
51.69
51.70
51.78
51.90
52.05
52.17
52.26
52.31
52.33
52.33
52.36
52.44
52.59
52.76
52.95
53.06
53.06
52.96
52.78
52.56
52.35
52.17
52.03
51.94
51.87
51.83
51.82
51.81
51.82
51.84
51.80
51.71
51.55
51.36
51.15
51.05
51.09
51.26
51.54
51.86
52.09
52.20
52.15
52.01
51.80
51.56
51.30
51.06
50.83
50.62
50.39
50.13
49.83
49.52
49.41
49.54
49.92
50.46
51.08
51.70
52.27
52.76
53.17
53.50
53.68
53.70
53.58
53.35
53.06
52.78
52.53
52.32
52.16
52.04
51.90
51.72
51.51
51.28
51.05
50.91
50.89
50.98
51.16
51.38
51.59
51.78
51.92
52.03
52.10
52.11
52.08
52.00
51.89
51.76
51.66
51.60
51.57
51.58
51.60
51.64
51.69
51.74
51.79
51.78
51.71
51.56
51.38
51.18
51.05
51.03
51.12
51.28
51.49
51.66
51.77
51.81
51.79
51.74
51.66
51.57
51.48
51.39
51.30
51.23
51.16
51.11
51.06
51.03
51.06
51.15
51.32
51.53
51.75
51.97
52.19
52.38
52.54
52.69
52.80
52.89
52.96
53.02
53.05
53.05
53.00
52.91
52.81
52.69
52.59
52.54
52.52
52.53
52.60
52.70
52.85
53.01
53.17
53.31
53.40
53.44
53.45
53.43
53.34
53.18
52.95
52.68
52.41
52.14
51.89
51.67
51.48
51.32
51.21
51.17
51.19
51.24
51.32
51.38
51.42
51.42
51.40
51.37
51.35
51.36
51.40
51.46
51.53
51.58
51.60
51.58
51.53
51.47
51.38
51.25
51.10
50.93
50.76
50.66
50.63
50.68
50.79
50.93
51.03
51.08
51.05
50.97
50.84
50.66
50.45
50.22
50.00
49.74
49.43
49.09
48.74
48.40
48.19
48.14
48.26
48.49
48.79
49.17
49.61
50.10
50.60
51.08
51.44
51.65
51.71
51.67
51.54
51.45
51.43
51.50
51.63
51.80
51.90
51.90
51.81
51.64
51.44
51.28
51.17
51.14
51.17
51.23
51.21
51.08
50.82
50.49
50.12
49.81
49.57
49.42
49.35
49.42
49.62
49.94
50.32
50.74
51.10
51.37
51.54
51.63
51.66
51.65
51.60
51.54
51.47
51.39
51.34
51.33
51.36
51.41
51.48
51.64
51.89
52.23
52.61
53.01
53.37
53.67
53.90
54.06
54.17
54.16
54.03
53.77
53.44
53.08
52.69
52.29
51.88
51.50
51.15
50.84
50.58
50.37
50.20
50.07
49.98
49.91
49.87
49.85
49.95
50.18
50.55
50.99
51.46
51.87
52.20
52.41
52.54
52.60
52.56
52.42
52.19
51.92
51.62
51.35
51.13
50.97
50.86
50.79
50.78
50.82
50.92
51.04
51.18
51.21
51.12
50.88
50.57
50.21
49.89
49.65
49.50
49.42
49.39
49.44
49.53
49.68
49.86
50.04
50.22
50.39
50.54
50.67
50.78
50.86
50.93
50.99
51.02
51.05
51.04
50.99
50.90
50.79
50.72
50.72
50.78
50.89
51.03
51.15
51.24
51.29
51.31
51.31
51.26
51.18
51.05
50.91
50.76
50.64
50.57
50.54
50.54
50.57
50.66
50.83
51.06
51.32
51.60
51.79
51.87
51.82
51.69
51.51
51.27
51.00
50.70
50.40
50.12
49.91
49.80
49.78
49.84
49.94
50.01
50.04
50.00
49.92
49.81
49.75
49.74
49.81
49.92
50.10
50.36
50.69
51.04
51.39
51.61
51.68
51.59
51.39
51.12
50.87
50.67
50.55
50.49
50.48
50.52
50.62
50.76
50.93
51.10
51.24
51.34
51.40
51.41
51.40
51.37
51.33
51.28
51.24
51.19
51.26
51.45
51.77
52.17
52.60
52.93
53.10
53.12
53.01
52.83
52.61
52.36
52.12
51.89
51.68
51.47
51.26
51.04
50.84
50.75
50.81
51.03
51.34
51.70
51.99
52.18
52.26
52.24
52.16
52.05
51.91
51.76
51.62
51.49
51.31
51.10
50.83
50.55
50.27
50.14
50.18
50.42
50.78
51.20
51.57
51.83
51.97
52.02
52.00
51.91
51.75
51.55
51.32
51.10
50.90
50.76
50.67
50.63
50.62
50.69
50.83
51.05
51.30
51.57
51.70
51.67
51.44
51.10
50.70
50.32
50.02
49.80
49.66
49.63
49.72
49.89
50.13
50.40
50.70
51.02
51.35
51.67
51.96
52.14
52.20
52.12
51.95
51.72
51.53
51.39
51.33
51.32
51.35
51.32
51.22
51.03
50.79
50.53
50.29
50.09
49.95
49.85
49.79
49.84
50.00
50.28
50.61
50.98
51.37
51.77
52.17
52.55
52.89
53.11
53.19
53.13
52.97
52.76
52.57
52.43
52.36
52.35
52.38
52.43
52.50
52.57
52.64
52.64
52.53
52.32
52.05
51.75
51.50
51.32
51.24
51.22
51.24
51.33
51.47
51.65
51.84
52.04
52.15
52.16
52.04
51.85
51.62
51.43
51.29
51.24
51.24
51.28
51.35
51.43
51.52
51.61
51.69
51.74
51.74
51.71
51.65
51.57
51.48
51.40
51.32
51.24
51.18
51.12
51.08
51.04
51.02
51.00
50.98
50.97
50.97
50.97
50.94
50.89
50.80
50.70
50.59
50.48
50.38
50.29
50.21
50.14
50.17
50.30
50.53
50.83
51.15
51.40
51.54
51.55
51.48
51.35
51.21
51.09
51.00
50.94
50.90
50.88
50.87
50.87
50.87
50.89
50.90
50.92
50.93
50.95
50.96
51.00
51.06
51.16
51.27
51.39
51.51
51.61
51.71
51.79
51.86
51.84
51.71
51.47
51.18
50.96
50.86
50.91
51.05
51.26
51.47
51.66
51.81
51.92
52.01
52.10
52.19
52.30
52.42
52.53
52.58
52.55
52.46
52.31
52.14
51.93
51.69
51.44
51.18
50.94
50.72
50.52
50.36
50.23
50.12
50.10
50.15
50.29
50.48
50.69
50.88
51.04
51.14
51.21
51.25
51.23
51.17
51.06
50.93
50.79
50.75
50.85
51.09
51.41
51.69
51.89
51.98
52.00
51.95
52.01
52.19
52.52
52.94
53.40
53.80
54.12
54.34
54.48
54.55
54.54
54.47
54.34
54.17
54.00
53.71
53.31
52.81
52.25
51.68
51.25
50.98
50.91
50.96
51.11
51.27
51.39
51.45
51.47
51.46
51.43
51.38
51.33
51.27
51.22
51.20
51.21
51.27
51.34
51.43
51.52
51.61
51.70
51.77
51.81
51.81
51.76
51.69
51.60
51.48
51.33
51.15
50.97
50.79
50.70
50.72
50.85
51.07
51.32
51.58
51.84
52.09
52.31
52.50
52.66
52.79
52.90
52.97
53.03
53.09
53.17
53.27
53.38
53.49
53.49
53.35
53.08
52.72
52.33
51.95
51.63
51.36
51.16
51.01
50.93
50.92
50.97
51.06
51.17
51.35
51.59
51.88
52.20
52.53
52.75
52.85
52.83
52.71
52.54
52.33
52.12
51.91
51.71
51.57
51.47
51.43
51.44
51.47
51.52
51.58
51.65
51.71
51.77
51.80
51.79
51.74
51.67
51.58
51.54
51.57
51.66
51.80
51.96
52.04
52.04
51.92
51.74
51.52
51.34
51.22
51.18
51.19
51.24
51.32
51.41
51.51
51.60
51.69
51.74
51.75
51.71
51.65
51.57
51.46
51.32
51.15
50.97
50.81
50.71
50.64
50.62
50.62
50.67
50.76
50.90
51.05
51.20
51.33
51.41
51.45
51.45
51.43
51.39
51.34
51.29
51.24
51.19
51.14
51.11
51.07
51.05
51.02
51.03
51.08
51.16
51.26
51.37
51.54
51.76
52.03
52.33
52.63
52.80
52.83
52.70
52.46
52.16
51.84
51.51
51.20
50.92
50.68
50.44
50.21
49.99
49.78
49.59
49.42
49.29
49.17
49.09
49.05
49.06
49.12
49.20
49.31
49.50
49.78
50.15
50.56
50.98
51.35
51.66
51.90
52.07
52.18
52.26
52.29
52.30
52.29
52.27
52.27
52.29
52.35
52.42
52.50
52.40
52.08
51.53
50.85
50.11
49.54
49.19
49.09
49.18
49.39
49.71
50.09
50.51
50.94
51.36
51.70
51.98
52.17
52.30
52.37
52.38
52.32
52.21
52.07
51.88
51.67
51.43
51.18
50.95
50.79
50.71
50.73
50.81
50.93
51.01
51.05
51.02
50.94
50.83
50.77
50.76
50.83
50.93
51.06
51.26
51.52
51.83
52.16
52.50
52.78
53.01
53.17
53.27
53.33
53.27
53.09
52.81
52.45
52.08
51.78
51.60
51.55
51.59
51.69
51.78
51.83
51.82
51.77
51.69
51.63
51.59
51.58
51.60
51.64
51.68
51.73
51.78
51.82
51.81
51.73
51.58
51.40
51.19
51.03
50.95
50.95
51.00
51.09
51.26
51.50
51.80
52.12
52.45
52.66
52.72
52.61
52.40
52.12
51.89
51.75
51.72
51.77
51.86
51.94
51.97
51.94
51.87
51.77
51.66
51.55
51.44
51.34
51.26
51.15
51.03
50.89
50.75
50.61
50.56
50.61
50.78
51.01
51.25
51.48
51.66
51.81
51.93
51.98
51.98
51.93
51.84
51.74
51.65
51.60
51.58
51.59
51.62
51.66
51.71
51.75
51.80
51.85
51.80
51.67
51.43
51.13
50.81
50.51
50.26
50.07
49.94
49.85
49.82
49.85
49.93
50.04
50.18
50.37
50.61
50.91
51.24
51.56
51.83
52.05
52.19
52.29
52.34
52.33
52.26
52.15
52.01
51.86
51.73
51.64
51.60
51.59
51.58
51.56
51.51
51.45
51.38
51.34
51.34
51.37
51.42
51.49
51.54
51.56
51.54
51.50
51.45
51.44
51.49
51.60
51.76
51.94
52.14
52.37
52.62
52.87
53.10
53.29
53.42
53.48
53.51
53.49
53.49
53.49
53.53
53.58
53.63
53.61
53.50
53.28
53.01
52.71
52.47
52.30
52.21
52.20
52.23
52.24
52.21
52.12
52.00
51.91
51.89
51.93
52.01
52.12
52.17
52.13
51.98
51.77
51.53
51.31
51.12
50.99
50.89
50.83
50.80
50.78
50.79
50.80
50.82
50.92
51.12
51.41
51.76
52.12
52.39
52.55
52.57
52.51
52.38
52.22
52.04
51.86
51.69
51.53
51.36
51.19
51.00
50.82
50.64
50.57
50.61
50.76
50.99
51.25
51.45
51.56
51.55
51.46
51.31
51.25
51.30
51.48
51.74
52.04
52.36
52.67
52.96
53.22
53.36
53.37
53.26
53.05
52.80
52.58
52.42
52.34
52.32
52.34
52.37
52.38
52.36
52.34
52.30
52.26
52.21
52.17
52.13
52.10
52.02
51.88
51.68
51.45
51.21
51.14
51.27
51.62
52.09
52.63
53.14
53.57
53.89
54.12
54.28
54.27
54.08
53.74
53.29
52.81
52.37
52.02
51.77
51.61
51.57
51.64
51.82
52.07
52.34
52.59
52.80
52.96
53.08
53.15
53.17
53.13
53.05
52.93
52.80
52.67
52.54
52.42
52.31
52.22
52.09
51.91
51.69
51.44
51.19
50.98
50.82
50.71
50.66
50.63
50.67
50.75
50.87
51.01
51.17
51.32
51.47
51.60
51.71
51.80
51.88
51.94
51.98
52.02
52.04
52.05
52.06
52.06
52.06
52.03
51.96
51.87
51.75
51.63
51.52
51.41
51.31
51.22
51.15
51.14
51.21
51.36
51.55
51.76
52.00
52.26
52.53
52.81
53.06
53.16
53.07
52.79
52.39
51.93
51.53
51.24
51.07
51.00
51.01
51.07
51.16
51.27
51.38
51.49
51.57
51.61
51.61
51.57
51.52
51.50
51.55
51.65
51.80
51.97
52.14
52.31
52.46
52.60
52.72
52.71
52.56
52.26
51.88
51.51
51.20
50.97
50.81
50.71
50.71
50.80
50.98
51.22
51.48
51.75
52.00
52.23
52.43
52.60
52.72
52.77
52.77
52.73
52.66
52.58
52.49
52.40
52.31
52.24
52.12
51.95
51.73
51.48
51.22
51.01
50.84
50.74
50.67
50.65
50.65
50.67
50.70
50.74
50.78
50.79
50.77
50.72
50.64
50.55
50.41
50.20
49.94
49.66
49.45
49.34
49.36
49.46
49.61
49.79
49.98
50.17
50.35
50.51
50.59
50.59
50.51
50.37
50.20
50.12
50.17
50.35
50.62
50.94
51.27
51.59
51.90
52.17
52.40
52.52
52.51
52.36
52.14
51.86
51.52
51.12
50.67
50.21
49.77
49.40
49.10
48.89
48.74
48.65
48.67
48.77
48.96
49.21
49.48
49.72
49.92
50.06
50.16
50.22
50.30
50.42
50.59
50.79
50.96
51.10
51.19
51.24
51.27
51.27
51.26
51.24
51.21
51.18
51.15
51.12
51.09
51.07
51.05
51.00
50.93
50.83
50.72
50.60
50.51
50.46
50.46
50.48
50.53
50.58
50.65
50.71
50.77
50.82
50.87
50.91
50.94
50.97
50.99
51.03
51.10
51.19
51.30
51.42
51.42
51.30
51.03
50.68
50.30
49.93
49.61
49.35
49.15
49.06
49.07
49.18
49.36
49.57
49.76
49.93
50.05
50.13
50.18
50.20
50.21
50.20
50.19
50.17
50.20
50.29
50.44
50.63
50.84
51.00
51.08
51.08
51.02
50.92
50.81
50.68
50.56
50.44
50.34
50.27
50.25
50.28
50.33
50.41
50.57
50.83
51.18
51.58
51.99
52.35
52.66
52.89
53.06
53.17
53.24
53.28
53.29
53.28
53.29
53.32
53.38
53.45
53.53
53.56
53.52
53.41
53.26
53.09
52.91
52.74
52.57
52.43
52.31
52.18
52.04
51.88
51.73
51.58
51.53
51.58
51.75
51.98
52.26
52.44
52.49
52.39
52.19
51.93
51.73
51.62
51.61
51.68
51.80
51.95
52.11
52.27
52.42
52.56
52.70
52.86
53.03
53.21
53.37
53.41
53.31
53.06
52.73
52.34
52.03
51.82
51.74
51.75
51.88
52.11
52.42
52.78
53.15
53.40
53.50
53.44
53.27
53.02
52.77
52.54
52.35
52.20
52.08
51.97
51.85
51.72
51.59
51.47
51.36
51.26
51.18
51.12
51.06
51.02
50.99
50.97
50.96
50.95
50.98
51.04
51.13
51.24
51.36
51.50
51.67
51.86
52.05
52.24
52.38
52.48
52.52
52.52
52.49
52.34
52.05
51.64
51.15
50.72
50.40
50.20
50.11
50.09
50.12
50.19
50.29
50.39
50.50
50.62
50.77
50.94
51.12
51.29
51.39
51.42
51.36
51.25
51.10
51.05
51.11
51.31
51.60
51.93
52.21
52.43
52.56
52.62
52.63
52.55
52.38
52.14
51.85
51.55
51.26
50.99
50.75
50.54
50.36
50.30
50.36
50.54
50.80
51.10
51.44
51.80
52.17
52.53
52.86
53.15
53.40
53.61
53.77
53.79
53.66
53.37
52.99
52.56
52.20
51.96
51.84
51.82
51.87
51.91
51.92
51.87
51.79
51.70
51.57
51.40
51.21
51.02
50.82
50.67
50.57
50.52
50.51
50.53
50.52
50.45
50.33
50.17
50.00
49.85
49.74
49.68
49.65
49.65
49.72
49.87
50.09
50.34
50.61
50.84
51.03
51.16
51.24
51.28
51.33
51.38
51.45
51.53
51.66
51.85
52.10
52.38
52.66
52.87
53.00
53.04
53.01
52.94
52.84
52.72
52.60
52.48
52.38
52.28
52.20
52.13
52.08
52.03
51.98
51.90
51.79
51.68
51.56
51.42
51.26
51.08
50.90
50.72
50.61
50.58
50.64
50.75
50.90
51.03
51.14
51.20
51.24
51.25
51.19
51.06
50.86
50.62
50.36
50.19
50.13
50.18
50.32
50.48
50.63
50.76
50.86
50.94
51.00
51.04
51.06
51.08
51.09
51.11
51.17
51.25
51.34
51.45
51.58
51.73
51.90
52.09
52.26
52.45
52.65
52.87
53.08
53.27
53.37
53.35
53.21
53.00
52.74
52.49
52.28
52.12
51.99
51.91
51.75
51.49
51.12
50.69
50.25
49.93
49.76
49.76
49.88
50.08
50.27
50.41
50.49
50.52
50.51
50.53
50.60
50.72
50.87
51.01
51.13
51.20
51.24
51.25
51.25
51.23
51.21
51.18
51.15
51.10
51.01
50.90
50.77
50.64
50.62
50.74
50.99
51.33
51.71
52.05
52.30
52.47
52.56
52.59
52.59
52.55
52.49
52.43
52.36
52.27
52.15
52.00
51.85
51.69
51.55
51.42
51.30
51.21
51.13
51.09
51.10
51.16
51.24
51.34
51.45
51.55
51.65
51.73
51.73
51.62
51.40
51.12
50.81
50.60
50.53
50.62
50.80
51.05
51.27
51.44
51.54
51.57
51.57
51.51
51.40
51.25
51.08
50.90
50.72
50.56
50.42
50.30
50.20
50.20
50.30
50.52
50.81
51.13
51.45
51.76
52.04
52.29
52.51
52.63
52.65
52.58
52.45
52.28
52.14
52.07
52.06
52.11
52.19
52.29
52.40
52.51
52.61
52.70
52.76
52.77
52.73
52.67
52.48
52.17
51.72
51.21
50.68
50.27
50.03
49.96
50.02
50.17
50.40
50.69
51.01
51.34
51.67
51.96
52.23
52.45
52.64
52.79
52.93
53.08
53.23
53.38
53.51
53.58
53.57
53.48
53.34
53.16
53.01
52.89
52.81
52.76
52.74
52.69
52.59
52.43
52.25
52.05
51.88
51.76
51.68
51.65
51.64
51.66
51.69
51.72
51.76
51.75
51.68
51.53
51.35
51.15
50.98
50.84
50.76
50.71
50.69
50.78
50.97
51.26
51.62
51.99
52.28
52.46
52.50
52.45
52.34
52.24
52.19
52.20
52.24
52.32
52.40
52.50
52.59
52.68
52.75
52.77
52.71
52.58
52.40
52.20
52.03
51.89
51.80
51.74
51.72
51.66
51.56
51.41
51.23
51.03
50.87
50.75
50.67
50.64
50.72
50.91
51.20
51.56
51.94
52.24
52.42
52.47
52.43
52.32
52.13
51.85
51.50
51.12
50.74
50.44
50.23
50.12
50.09
50.12
50.22
50.37
50.56
50.77
50.98
51.16
51.29
51.36
51.40
51.40
51.38
51.34
51.30
51.26
51.21
51.19
51.21
51.27
51.34
51.43
51.53
51.62
51.70
51.78
51.84
51.87
51.85
51.80
51.72
51.62
51.49
51.34
51.16
50.97
50.81
50.70
50.64
50.61
50.61
50.64
50.67
50.71
50.76
50.80
50.82
50.80
50.74
50.66
50.57
50.48
50.39
50.30
50.23
50.16
50.19
50.31
50.55
50.84
51.16
51.41
51.54
51.56
51.48
51.35
51.19
51.01
50.83
50.66
50.50
50.37
50.26
50.16
50.09
50.03
49.99
49.96
49.94
49.93
49.93
50.07
50.36
50.81
51.35
51.79
52.07
52.16
52.10
51.95
51.74
51.50
51.25
51.01
50.79
50.59
50.42
50.28
50.16
50.07
50.09
50.21
50.45
50.75
51.08
51.37
51.57
51.68
51.73
51.72
51.78
51.94
52.22
52.56
52.93
53.20
53.32
53.28
53.13
52.91
52.63
52.30
51.95
51.60
51.27
51.00
50.79
50.66
50.59
50.56
50.53
50.50
50.45
50.39
50.33
50.30
50.30
50.33
50.40
50.47
50.55
50.63
50.71
50.78
50.92
51.14
51.45
51.80
52.17
52.47
52.68
52.79
52.83
52.81
52.81
52.84
52.93
53.05
53.18
53.26
53.28
53.23
53.12
52.99
52.84
52.69
52.55
52.43
52.31
52.24
52.22
52.25
52.31
52.39
52.39
52.31
52.13
51.89
51.62
51.34
51.08
50.84
50.62
50.44
50.28
50.16
50.07
50.00
49.92
49.83
49.73
49.61
49.50
49.48
49.55
49.74
49.99
50.27
50.51
50.67
50.75
50.77
50.74
50.68
50.60
50.51
50.42
50.34
50.32
50.36
50.48
50.65
50.84
50.98
51.05
51.04
50.99
50.89
50.78
50.66
50.54
50.42
50.32
50.23
50.16
50.10
50.05
50.01
49.93
49.80
49.61
49.39
49.17
49.02
48.99
49.07
49.24
49.44
49.73
50.07
50.47
50.88
51.29
51.66
52.00
52.28
52.52
52.69
52.78
52.81
52.78
52.72
52.59
52.38
52.11
51.81
51.50
51.25
51.10
51.04
51.04
51.10
51.19
51.29
51.40
51.51
51.62
51.71
51.79
51.86
51.91
51.96
52.02
52.10
52.20
52.32
52.44
52.41
52.23
51.88
51.42
50.92
50.52
50.26
50.18
50.21
50.33
50.46
50.54
50.57
50.57
50.53
50.48
50.41
50.35
50.28
50.30
50.42
50.64
50.92
51.23
51.51
51.75
51.93
52.06
52.15
52.15
52.06
51.89
51.67
51.42
51.18
50.94
50.72
50.53
50.37
50.24
50.13
50.05
49.99
49.95
50.06
50.33
50.77
51.31
51.88
52.34
52.64
52.77
52.76
52.66
52.51
52.32
52.11
51.91
51.72
51.57
51.48
51.44
51.45
51.48
51.53
51.59
51.65
51.72
51.75
51.75
51.70
51.64
51.56
51.50
51.47
51.48
51.51
51.56
51.54
51.43
51.22
50.96
50.67
50.48
50.43
50.54
50.74
51.00
51.24
51.42
51.53
51.57
51.57
51.62
51.74
51.95
52.20
52.48
52.75
53.01
53.24
53.45
53.62
53.71
53.71
53.61
53.46
53.28
53.11
52.97
52.87
52.81
52.78
52.74
52.69
52.62
52.53
52.47
52.44
52.45
52.49
52.54
52.60
52.67
52.73
52.79
52.84
52.78
52.59
52.26
51.86
51.42
51.12
51.00
51.07
51.28
51.57
51.85
52.08
52.24
52.34
52.39
52.38
52.31
52.19
52.04
51.88
51.75
51.66
51.61
51.60
51.62
51.59
51.52
51.38
51.21
51.03
50.93
50.93
51.04
51.22
51.44
51.65
51.84
51.97
52.07
52.10
52.09
52.01
51.91
51.79
51.71
51.70
51.77
51.88
52.01
52.08
52.06
51.93
51.74
51.51
51.35
51.29
51.34
51.46
51.62
51.74
51.76
51.68
51.54
51.36
51.24
51.21
51.28
51.42
51.61
51.73
51.77
51.70
51.56
51.38
51.20
51.06
50.95
50.88
50.84
50.92
51.15
51.51
51.95
52.42
52.86
53.25
53.56
53.80
53.98
54.02
53.93
53.72
53.42
53.11
52.81
52.57
52.36
52.20
52.00
51.73
51.40
51.04
50.68
50.42
50.28
50.27
50.36
50.51
50.75
51.06
51.44
51.84
52.24
52.58
52.86
53.06
53.20
53.29
53.36
53.43
53.51
53.59
53.67
53.72
53.73
53.69
53.63
53.56
53.42
53.22
52.96
52.68
52.39
52.19
52.11
52.15
52.28
52.47
52.62
52.72
52.76
52.74
52.74
52.79
52.88
53.01
53.15
53.24
53.26
53.21
53.11
52.98
52.79
52.53
52.21
51.87
51.53
51.26
51.09
51.02
51.02
51.07
51.16
51.27
51.38
51.49
51.60
51.69
51.78
51.85
51.91
51.95
51.99
52.01
52.03
52.04
52.04
52.07
52.13
52.21
52.32
52.42
52.42
52.29
52.03
51.68
51.29
51.03
50.94
51.04
51.27
51.55
51.83
52.10
52.33
52.53
52.64
52.66
52.58
52.44
52.27
52.13
52.06
52.05
52.10
52.18
52.34
52.56
52.85
53.17
53.49
53.74
53.90
53.97
53.96
53.91
53.85
53.80
53.78
53.77
53.78
53.77
53.74
53.68
53.60
53.51
53.34
53.08
52.74
52.35
51.95
51.60
51.30
51.08
50.92
50.81
50.82
50.96
51.22
51.56
51.92
52.20
52.38
52.43
52.39
52.36
52.39
52.50
52.66
52.84
52.97
53.04
53.04
52.98
52.88
52.77
52.65
52.53
52.42
52.32
52.23
52.16
52.10
52.05
52.01
52.01
52.05
52.13
52.23
52.35
52.43
52.48
52.49
52.47
52.44
52.41
52.41
52.45
52.50
52.56
52.58
52.53
52.41
52.26
52.08
51.87
51.64
51.39
51.14
50.90
50.74
50.67
50.69
50.78
50.90
51.05
51.20
51.35
51.49
51.64
51.81
51.99
52.17
52.34
52.36
52.21
51.88
51.44
50.95
50.53
50.22
50.04
49.97
49.97
50.14
50.46
50.93
51.47
52.05
52.52
52.87
53.07
53.15
53.14
53.08
52.98
52.85
52.72
52.59
52.52
52.52
52.60
52.73
52.89
52.96
52.90
52.70
52.42
52.09
51.70
51.25
50.76
50.27
49.81
49.52
49.44
49.57
49.85
50.23
50.69
51.19
51.69
52.17
52.54
52.81
52.95
52.99
52.97
52.83
52.56
52.18
51.75
51.30
50.91
50.62
50.43
50.34
50.30
50.34
50.45
50.60
50.78
50.98
51.12
51.18
51.16
51.08
50.97
50.84
50.71
50.58
50.45
50.34
50.24
50.16
50.10
50.05
50.01
50.06
50.22
50.47
50.79
51.13
51.49
51.87
52.24
52.60
52.90
53.13
53.28
53.38
53.42
53.40
53.33
53.20
53.05
52.89
52.76
52.66
52.62
52.60
52.61
52.56
52.43
52.21
51.93
51.64
51.40
51.23
51.16
51.15
51.19
51.26
51.35
51.45
51.55
51.64
51.67
51.63
51.51
51.35
51.17
50.97
50.79
50.61
50.46
50.33
50.14
49.88
49.54
49.17
48.79
48.51
48.36
48.33
48.41
48.54
48.80
49.16
49.62
50.12
50.55
50.86
51.03
51.09
51.08
51.04
51.00
50.97
50.95
50.94
50.96
51.02
51.11
51.22
51.34
51.52
51.74
52.02
52.33
52.63
52.83
52.92
52.87
52.74
52.56
52.32
52.04
51.74
51.43
51.14
50.96
50.90
50.97
51.12
51.33
51.54
51.73
51.87
51.98
52.06
52.11
52.14
52.15
52.15
52.15
52.19
52.28
52.45
52.64
52.74
52.72
52.56
52.31
52.02
51.81
51.72
51.79
51.95
52.17
52.32
52.35
52.25
52.06
51.81
51.60
51.44
51.36
51.34
51.36
51.46
51.64
51.90
52.18
52.48
52.67
52.71
52.59
52.37
52.09
51.83
51.64
51.52
51.46
51.45
51.50
51.60
51.74
51.91
52.09
52.26
52.42
52.57
52.69
52.79
52.85
52.86
52.82
52.74
52.65
52.56
52.46
52.36
52.28
52.18
52.06
51.92
51.77
51.62
51.52
51.45
51.44
51.46
51.50
51.56
51.62
51.68
51.75
51.80
51.85
51.90
51.93
51.96
51.98
51.97
51.93
51.85
51.74
51.63
51.55
51.50
51.49
51.51
51.55
51.53
51.41
51.20
50.94
50.65
50.49
50.50
50.70
51.01
51.39
51.79
52.20
52.57
52.92
53.21
53.44
53.58
53.65
53.67
53.59
53.42
53.18
52.89
52.59
52.26
51.93
51.59
51.27
50.97
50.85
50.92
51.18
51.57
52.03
52.40
52.64
52.72
52.69
52.57
52.41
52.21
52.02
51.82
51.64
51.51
51.43
51.40
51.42
51.46
51.49
51.50
51.48
51.44
51.39
51.33
51.27
51.22
51.17
51.12
51.14
51.22
51.38
51.57
51.78
51.97
52.12
52.21
52.27
52.32
52.38
52.45
52.54
52.62
52.67
52.68
52.66
52.60
52.53
52.45
52.38
52.30
52.23
52.17
52.04
51.82
51.52
51.18
50.82
50.58
50.48
50.55
50.73
50.98
51.23
51.46
51.66
51.81
51.93
51.96
51.90
51.76
51.57
51.35
51.13
50.91
50.71
50.53
50.37
50.30
50.31
50.41
50.56
50.75
50.95
51.14
51.32
51.49
51.63
51.75
51.84
51.92
51.98
51.94
51.80
51.55
51.23
50.90
50.64
50.49
50.47
50.53
50.66
50.79
50.91
50.99
51.06
51.10
51.12
51.13
51.13
51.12
51.11
51.07
51.00
50.89
50.77
50.65
50.60
50.66
50.83
51.06
51.33
51.55
51.70
51.77
51.78
51.74
51.65
51.51
51.33
51.14
50.94
50.80
50.75
50.77
50.86
50.98
51.09
51.18
51.23
51.25
51.28
51.33
51.40
51.48
51.56
51.62
51.64
51.62
51.57
51.50
51.49
51.53
51.64
51.78
51.95
52.07
52.13
52.11
52.03
51.92
51.80
51.67
51.54
51.42
51.32
51.28
51.32
51.44
51.60
51.79
51.99
52.18
52.36
52.52
52.66
52.75
52.78
52.76
52.71
52.64
52.68
52.88
53.24
53.69
54.18
54.55
54.73
54.72
54.56
54.31
53.99
53.62
53.22
52.82
52.44
52.10
51.80
51.55
51.34
51.23
51.23
51.31
51.47
51.65
51.81
51.89
51.91
51.87
51.80
51.78
51.85
52.02
52.24
52.48
52.61
52.57
52.35
52.01
51.62
51.36
51.30
51.45
51.75
52.13
52.44
52.64
52.69
52.63
52.51
52.31
52.07
51.78
51.49
51.20
50.96
50.79
50.67
50.61
50.59
50.57
50.54
50.49
50.42
50.41
50.46
50.58
50.74
50.91
51.10
51.27
51.44
51.58
51.70
51.83
51.97
52.12
52.28
52.42
52.50
52.51
52.43
52.30
52.13
51.96
51.79
51.62
51.48
51.35
51.32
51.40
51.60
51.86
52.17
52.47
52.77
53.05
53.29
53.50
53.56
53.47
53.22
52.88
52.48
52.18
52.01
52.00
52.09
52.27
52.45
52.62
52.77
52.88
52.93
52.94
52.89
52.81
52.71
52.66
52.66
52.74
52.86
53.01
53.11
53.15
53.11
53.03
52.92
52.89
52.99
53.22
53.53
53.88
54.13
54.24
54.21
54.06
53.85
53.65
53.51
53.44
53.41
53.43
53.44
53.44
53.42
53.38
53.33
53.18
52.89
52.49
52.02
51.53
51.13
50.86
50.73
50.70
50.76
50.89
51.08
51.31
51.57
51.83
51.96
51.95
51.79
51.52
51.31
51.20
51.21
51.32
51.49
51.71
51.98
52.27
52.57
52.85
53.01
53.01
52.85
52.59
52.26
51.91
51.57
51.24
50.95
50.69
50.47
50.29
50.15
50.05
49.97
49.97
50.05
50.22
50.42
50.65
50.94
51.28
51.66
52.05
52.43
52.68
52.76
52.67
52.46
52.18
51.95
51.81
51.77
51.81
51.90
52.05
52.24
52.48
52.72
52.96
53.18
53.38
53.55
53.70
53.76
53.74
53.63
53.47
53.28
53.05
52.79
52.51
52.24
51.98
51.80
51.71
51.72
51.79
51.91
51.99
52.03
52.00
51.92
51.82
51.68
51.50
51.30
51.09
50.88
50.71
50.60
50.54
50.53
50.54
50.57
50.62
50.67
50.73
50.78
50.86
50.96
51.08
51.22
51.36
51.46
51.52
51.54
51.52
51.48
51.45
51.45
51.48
51.52
51.58
51.65
51.71
51.77
51.82
51.87
51.91
51.94
51.97
51.99
52.03
52.10
52.19
52.30
52.42
52.53
52.63
52.72
52.80
52.87
52.87
52.80
52.65
52.46
52.25
51.98
51.66
51.29
50.91
50.54
50.26
50.07
49.99
49.98
50.03
50.10
50.15
50.18
50.19
50.18
50.20
50.24
50.31
50.39
50.48
50.63
50.83
51.09
51.37
51.58
51.68
51.66
51.55
51.40
51.24
51.11
51.01
50.93
50.89
50.86
50.85
50.85
50.86
50.87
50.89
50.91
50.92
50.94
50.95
50.97
50.98
50.99
50.99
51.00
51.03
51.09
51.18
51.29
51.40
51.51
51.62
51.71
51.79
51.86
51.94
52.04
52.16
52.29
52.42
52.49
52.48
52.40
52.27
52.11
51.94
51.76
51.60
51.46
51.31
51.14
50.97
50.79
50.63
50.56
50.60
50.76
50.99
51.26
51.57
51.90
52.24
52.58
52.89
53.06
53.07
52.91
52.65
52.32
52.02
51.78
51.63
51.54
51.50
51.45
51.36
51.22
51.07
50.90
50.78
50.74
50.78
50.87
51.00
51.09
51.12
51.08
50.99
50.88
50.70
50.46
50.16
49.83
49.50
49.27
49.16
49.19
49.30
49.47
49.70
49.97
50.26
50.56
50.83
51.03
51.17
51.26
51.31
51.36
51.41
51.48
51.55
51.63
51.70
51.77
51.83
51.88
51.92
51.96
51.98
52.00
52.01
52.02
52.00
51.95
51.86
51.75
51.63
51.54
51.49
51.48
51.51
51.55
51.60
51.66
51.72
51.78
51.83
51.82
51.74
51.60
51.41
51.20
51.02
50.88
50.78
50.73
50.71
50.73
50.81
50.92
51.06
51.26
51.52
51.83
52.17
52.50
52.63
52.51
52.13
51.60
50.97
50.40
49.94
49.62
49.42
49.31
49.29
49.36
49.50
49.67
49.86
50.01
50.08
50.07
50.01
49.91
49.88
49.92
50.07
50.27
50.51
50.73
50.91
51.04
51.13
51.19
51.13
50.97
50.70
50.36
50.00
49.72
49.55
49.51
49.56
49.68
49.80
49.91
49.99
50.05
50.09
50.22
50.46
50.81
51.23
51.60
51.86
52.00
52.04
52.01
51.97
51.93
51.90
51.89
51.88
51.83
51.73
51.56
51.36
51.15
50.99
50.91
50.91
50.97
51.06
51.23
51.47
51.78
52.11
52.44
52.73
52.96
53.13
53.24
53.30
53.38
53.50
53.66
53.85
54.04
54.17
54.23
54.20
54.12
54.00
53.81
53.56
53.24
52.90
52.56
52.32
52.20
52.21
52.31
52.42
52.50
52.53
52.53
52.49
52.44
52.38
52.32
52.26
52.21
52.10
51.94
51.73
51.49
51.24
51.08
51.03
51.10
51.25
51.45
51.59
51.64
51.60
51.48
51.31
51.10
50.86
50.58
50.31
50.04
49.86
49.76
49.76
49.83
49.93
50.15
50.46
50.87
51.33
51.79
52.15
52.38
52.47
52.45
52.36
52.20
51.98
51.73
51.45
51.18
50.93
50.70
50.51
50.34
50.26
50.27
50.37
50.53
50.72
50.94
51.20
51.48
51.75
52.01
52.19
52.28
52.28
52.20
52.09
52.06
52.14
52.35
52.64
52.97
53.25
53.47
53.59
53.65
53.65
53.57
53.40
53.15
52.86
52.56
52.24
51.91
51.57
51.25
50.96
50.71
50.49
50.31
50.17
50.06
50.09
50.27
50.59
51.00
51.44
51.87
52.24
52.54
52.77
52.87
52.82
52.64
52.37
52.06
51.78
51.57
51.45
51.39
51.38
51.38
51.38
51.35
51.32
51.27
51.20
51.10
50.97
50.83
50.69
50.60
50.59
50.66
50.78
50.93
51.06
51.17
51.23
51.26
51.27
51.26
51.24
51.22
51.19
51.16
51.21
51.35
51.59
51.89
52.21
52.40
52.42
52.25
51.95
51.59
51.28
51.06
50.95
50.93
50.98
51.04
51.09
51.12
51.14
51.14
51.14
51.13
51.11
51.10
51.08
51.06
51.05
51.04
51.03
51.12
51.35
51.70
52.12
52.57
52.93
53.18
53.29
53.30
53.23
53.12
52.99
52.84
52.69
52.55
52.44
52.39
52.38
52.41
52.46
52.50
52.52
52.50
52.46
52.41
52.27
52.04
51.71
51.34
50.95
50.66
50.48
50.44
50.50
50.61
50.80
51.03
51.30
51.58
51.82
52.02
52.15
52.24
52.29
52.31
52.30
52.28
52.26
52.22
52.16
52.07
51.95
51.81
51.67
51.59
51.59
51.66
51.78
51.93
52.09
52.25
52.41
52.55
52.67
52.72
52.69
52.58
52.41
52.23
52.08
52.00
52.00
52.05
52.14
52.19
52.19
52.13
52.02
51.90
51.87
51.96
52.19
52.50
52.85
53.18
53.47
53.70
53.88
54.01
54.05
54.00
53.85
53.65
53.39
53.10
52.78
52.46
52.16
51.86
51.57
51.27
51.00
50.76
50.63
50.62
50.74
50.95
51.21
51.43
51.59
51.67
51.69
51.66
51.61
51.54
51.47
51.39
51.31
51.24
51.18
51.13
51.08
51.05
51.05
51.08
51.16
51.26
51.36
51.50
51.66
51.85
52.04
52.23
52.34
52.38
52.33
52.23
52.09
51.96
51.86
51.80
51.76
51.75
51.76
51.77
51.80
51.83
51.83
51.80
51.73
51.65
51.56
51.54
51.62
51.81
52.05
52.33
52.53
52.63
52.62
52.52
52.37
52.24
52.17
52.16
52.20
52.27
52.33
52.37
52.38
52.36
52.33
52.24
52.08
51.86
51.61
51.34
51.11
50.93
50.81
50.73
50.69
50.66
50.61
50.54
50.47
50.39
50.39
50.50
50.70
50.97
51.16
51.23
51.16
50.99
50.77
50.55
50.35
50.19
50.07
49.98
49.89
49.80
49.69
49.57
49.46
49.39
49.35
49.37
49.41
49.47
49.57
49.70
49.86
50.03
50.21
50.35
50.44
50.48
50.48
50.46
50.47
50.53
50.66
50.81
50.99
51.14
51.25
51.31
51.34
51.34
51.30
51.21
51.09
50.94
50.79
50.77
50.92
51.24
51.67
52.15
52.58
52.93
53.18
53.35
53.39
53.32
53.15
52.91
52.65
52.34
52.02
51.68
51.36
51.06
50.82
50.65
50.55
50.50
50.49
50.49
50.47
50.44
50.39
50.33
50.28
50.22
50.17
50.13
50.09
50.14
50.29
50.53
50.84
51.17
51.47
51.73
51.92
52.06
52.15
52.24
52.32
52.42
52.52
52.61
52.73
52.86
53.02
53.18
53.34
53.48
53.61
53.72
53.82
53.81
53.70
53.47
53.18
52.86
52.51
52.15
51.78
51.42
51.10
50.86
50.73
50.71
50.76
50.87
51.00
51.15
51.29
51.44
51.57
51.71
51.86
52.03
52.20
52.36
52.43
52.39
52.23
52.00
51.73
51.56
51.52
51.62
51.82
52.07
52.41
52.81
53.26
53.72
54.17
54.36
54.27
53.87
53.27
52.57
51.92
51.37
50.97
50.69
50.51
50.54
50.79
51.24
51.81
52.25
52.48
52.45
52.25
51.93
51.66
51.49
51.45
51.50
51.62
51.70
51.70
51.61
51.46
51.28
51.17
51.14
51.23
51.38
51.57
51.81
52.08
52.37
52.67
52.94
53.14
53.24
53.25
53.19
53.08
52.89
52.63
52.31
51.96
51.61
51.34
51.15
51.07
51.06
51.10
51.18
51.28
51.39
51.49
51.60
51.69
51.77
51.84
51.90
51.95
51.98
52.01
52.02
52.03
52.07
52.13
52.21
52.32
52.43
52.53
52.63
52.72
52.80
52.87
52.84
52.71
52.47
52.17
51.85
51.55
51.30
51.10
50.96
50.87
50.81
50.77
50.76
50.77
50.78
50.91
51.17
51.55
52.01
52.48
52.85
53.06
53.09
53.01
52.84
52.65
52.47
52.32
52.19
52.10
52.08
52.14
52.28
52.48
52.66
52.83
52.95
53.04
53.10
53.14
53.16
53.16
53.16
53.14
53.13
53.11
53.09
53.07
53.06
52.96
52.78
52.50
52.17
51.83
51.54
51.34
51.23
51.20
51.21
51.32
51.52
51.78
52.09
52.41
52.66
52.83
52.90
52.91
52.86
52.78
52.69
52.58
52.48
52.38
52.26
52.13
51.97
51.81
51.66
51.48
51.30
51.10
50.90
50.71
50.57
50.48
50.44
50.45
50.45
50.45
50.42
50.38
50.33
50.30
50.31
50.35
50.41
50.49
50.57
50.65
50.72
50.79
50.85
50.87
50.85
50.79
50.71
50.62
50.54
50.50
50.50
50.53
50.57
50.70
50.93
51.26
51.63
52.02
52.32
52.50
52.54
52.49
52.38
52.25
52.13
52.04
51.98
51.94
51.94
51.98
52.06
52.17
52.29
52.47
52.70
52.99
53.29
53.49
53.55
53.46
53.26
53.00
52.71
52.42
52.14
51.88
51.65
51.46
51.30
51.17
51.07
51.00
50.97
51.00
51.07
51.17
51.28
51.35
51.35
51.27
51.16
51.01
50.86
50.70
50.56
50.42
50.31
50.26
50.30
50.42
50.58
50.77
50.92
51.00
51.00
50.95
50.86
50.78
50.73
50.70
50.70
50.71
50.76
50.85
50.98
51.12
51.27
51.33
51.29
51.13
50.91
50.71
50.56
50.47
50.44
50.45
50.54
50.71
50.95
51.22
51.51
51.72
51.81
51.77
51.65
51.48
51.28
51.08
50.87
50.68
50.51
50.42
50.41
50.49
50.63
50.80
50.98
51.16
51.34
51.49
51.63
51.69
51.67
51.57
51.41
51.23
51.06
50.92
50.83
50.78
50.75
50.80
50.93
51.12
51.36
51.62
51.84
52.02
52.15
52.23
52.22
52.12
51.94
51.71
51.45
51.22
51.04
50.91
50.82
50.77
50.66
50.49
50.23
49.93
49.62
49.45
49.45
49.64
49.96
50.34
50.78
51.24
51.71
52.17
52.58
52.92
53.18
53.35
53.45
53.50
53.48
53.40
53.27
53.11
52.94
52.77
52.61
52.46
52.34
52.23
52.12
51.99
51.85
51.70
51.57
51.47
51.41
51.40
51.43
51.48
51.54
51.61
51.68
51.74
51.78
51.77
51.73
51.66
51.57
51.54
51.56
51.66
51.80
51.96
52.10
52.21
52.27
52.30
52.31
52.24
52.10
51.89
51.64
51.38
51.12
50.88
50.67
50.48
50.32
50.28
50.35
50.54
50.81
51.11
51.35
51.48
51.49
51.42
51.30
51.19
51.14
51.14
51.19
51.27
51.42
51.63
51.91
52.22
52.53
52.77
52.92
52.98
52.97
52.99
53.07
53.23
53.44
53.67
53.85
53.95
53.98
53.94
53.86
53.77
53.66
53.54
53.44
53.34
53.17
52.92
52.59
52.22
51.85
51.51
51.23
51.03
50.88
50.79
50.78
50.87
51.05
51.28
51.53
51.73
51.86
51.90
51.89
51.83
51.80
51.81
51.88
52.00
52.13
52.27
52.40
52.53
52.65
52.74
52.88
53.06
53.29
53.55
53.70
53.71
53.57
53.34
53.05
52.77
52.51
52.31
52.15
52.03
52.00
52.05
52.20
52.39
52.62
52.74
52.74
52.59
52.34
52.05
51.76
51.50
51.29
51.13
51.01
50.90
50.79
50.67
50.55
50.43
50.33
50.24
50.16
50.10
50.05
50.12
50.33
50.66
51.08
51.53
51.89
52.14
52.25
52.27
52.21
52.10
51.97
51.82
51.68
51.54
51.39
51.22
51.04
50.85
50.79
50.86
51.07
51.38
51.74
52.03
52.22
52.29
52.26
52.18
52.03
51.83
51.60
51.35
51.10
50.92
50.82
50.82
50.88
50.98
51.08
51.16
51.21
51.23
51.23
51.19
51.12
51.00
50.87
50.73
50.70
50.80
51.05
51.37
51.74
52.10
52.41
52.65
52.85
52.99
53.14
53.32
53.54
53.77
54.00
54.13
54.15
54.05
53.87
53.67
53.48
53.32
53.19
53.09
52.99
52.88
52.76
52.63
52.50
52.36
52.21
52.03
51.85
51.68
51.61
51.64
51.79
52.02
52.28
52.45
52.49
52.38
52.18
51.93
51.64
51.36
51.08
50.83
50.62
50.48
50.44
50.50
50.62
50.78
51.03
51.38
51.82
52.30
52.78
53.15
53.39
53.49
53.48
53.39
53.28
53.17
53.09
53.03
52.98
52.95
52.93
52.92
52.92
52.95
53.01
53.11
53.22
53.35
53.49
53.67
53.86
54.05
54.24
54.20
53.89
53.31
52.56
51.74
50.99
50.38
49.92
49.61
49.41
49.30
49.26
49.28
49.32
49.39
49.47
49.56
49.64
49.72
49.79
49.93
50.15
50.46
50.81
51.17
51.53
51.85
52.14
52.39
52.60
52.68
52.64
52.47
52.22
51.92
51.64
51.39
51.20
51.05
50.95
50.88
50.83
50.81
50.81
50.79
50.75
50.68
50.59
50.50
50.44
50.41
50.42
50.46
50.52
50.66
50.90
51.24
51.62
52.01
52.37
52.67
52.89
53.06
53.17
53.21
53.19
53.11
53.00
52.86
52.80
52.84
52.98
53.19
53.43
53.57
53.59
53.47
53.25
52.97
52.73
52.55
52.44
52.40
52.40
52.38
52.32
52.21
52.06
51.93
51.83
51.77
51.74
51.73
51.71
51.67
51.61
51.54
51.45
51.40
51.38
51.40
51.44
51.51
51.58
51.65
51.72
51.78
51.84
51.86
51.84
51.78
51.70
51.61
51.48
51.33
51.15
50.96
50.78
50.61
50.46
50.33
50.22
50.13
50.17
50.35
50.67
51.07
51.51
51.84
52.03
52.05
51.96
51.79
51.63
51.51
51.45
51.44
51.46
51.48
51.48
51.45
51.41
51.36
51.30
51.25
51.20
51.15
51.19
51.33
51.57
51.86
52.19
52.40
52.48
52.40
52.22
51.97
51.77
51.66
51.65
51.72
51.83
51.95
52.05
52.11
52.15
52.17
52.12
52.00
51.81
51.58
51.33
51.09
50.86
50.65
50.47
50.32
50.28
50.35
50.55
50.82
51.12
51.41
51.65
51.84
51.99
52.09
52.15
52.19
52.21
52.21
52.20
52.18
52.16
52.13
52.11
52.06
51.98
51.87
51.75
51.63
51.53
51.48
51.47
51.49
51.53
51.59
51.65
51.71
51.77
51.82
51.89
51.99
52.11
52.25
52.38
52.56
52.79
53.07
53.37
53.66
53.78
53.69
53.38
52.92
52.39
51.87
51.39
50.98
50.64
50.36
50.21
50.16
50.23
50.38
50.56
50.75
50.90
51.01
51.09
51.14
51.20
51.26
51.35
51.45
51.54
51.63
51.72
51.79
51.86
51.88
51.86
51.81
51.72
51.63
51.58
51.59
51.68
51.81
51.97
52.10
52.21
52.27
52.30
52.30
52.24
52.10
51.89
51.64
51.38
51.20
51.13
51.19
51.32
51.50
51.71
51.93
52.13
52.33
52.50
52.62
52.68
52.69
52.66
52.60
52.53
52.45
52.37
52.30
52.23
52.17
52.12
52.07
52.04
51.96
51.83
51.64
51.42
51.18
50.96
50.75
50.56
50.40
50.27
50.21
50.24
50.36
50.53
50.72
50.96
51.22
51.49
51.77
52.03
52.21
52.29
52.29
52.21
52.10
51.93
51.72
51.49
51.24
51.00
50.89
50.92
51.11
51.40
51.73
52.04
52.28
52.43
52.52
52.55
52.54
52.51
52.45
52.39
52.33
52.24
52.13
51.99
51.84
51.68
51.54
51.41
51.30
51.21
51.10
50.98
50.85
50.71
50.57
50.53
50.59
50.76
51.00
51.27
51.53
51.75
51.92
52.04
52.12
52.23
52.37
52.56
52.76
52.98
53.13
53.20
53.18
53.11
53.00
52.82
52.56
52.25
51.91
51.57
51.22
50.87
50.52
50.20
49.91
49.68
49.53
49.45
49.42
49.43
49.57
49.86
50.28
50.77
51.29
51.77
52.19
52.52
52.78
52.93
52.95
52.86
52.70
52.49
52.32
52.22
52.18
52.20
52.26
52.31
52.34
52.35
52.33
52.30
52.22
52.06
51.84
51.59
51.33
51.18
51.18
51.32
51.57
51.87
52.17
52.44
52.65
52.83
52.95
53.02
53.03
52.97
52.89
52.78
52.63
52.46
52.26
52.05
51.85
51.63
51.41
51.18
50.95
50.74
50.58
50.48
50.44
50.44
50.47
50.54
50.66
50.81
50.98
51.13
51.24
51.31
51.33
51.34
51.29
51.21
51.08
50.94
50.79
50.72
50.75
50.90
51.11
51.36
51.65
51.96
52.29
52.62
52.92
53.02
52.91
52.57
52.09
51.53
51.03
50.64
50.38
50.24
50.18
50.15
50.14
50.12
50.10
50.09
50.09
50.14
50.21
50.31
50.41
50.49
50.53
50.53
50.50
50.46
50.43
50.42
50.45
50.50
50.53
50.54
50.52
50.48
50.42
50.49
50.72
51.10
51.58
52.10
52.51
52.77
52.86
52.82
52.70
52.58
52.48
52.45
52.45
52.48
52.53
52.59
52.66
52.72
52.78
52.75
52.63
52.40
52.11
51.79
51.53
51.35
51.25
51.22
51.25
51.38
51.63
51.99
52.39
52.82
53.10
53.20
53.10
52.86
52.54
52.24
51.98
51.81
51.69
51.63
51.60
51.61
51.63
51.67
51.74
51.84
51.98
52.12
52.28
52.39
52.47
52.50
52.49
52.46
52.44
52.44
52.47
52.52
52.58
52.62
52.63
52.60
52.55
52.48
52.46
52.51
52.62
52.77
52.94
53.09
53.20
53.27
53.31
53.31
53.25
53.11
52.90
52.65
52.39
52.16
51.97
51.84
51.76
51.72
51.70
51.71
51.73
51.75
51.79
51.82
51.86
51.89
51.91
51.99
52.13
52.32
52.55
52.78
53.01
53.23
53.42
53.59
53.72
53.83
53.92
53.99
54.03
54.06
54.08
54.09
54.09
54.09
54.08
53.96
53.72
53.36
52.92
52.46
52.03
51.66
51.37
51.14
50.98
50.94
51.04
51.27
51.57
51.92
52.22
52.44
52.57
52.64
52.65
52.62
52.57
52.50
52.43
52.35
52.33
52.38
52.51
52.67
52.86
53.02
53.15
53.23
53.28
53.29
53.29
53.27
53.24
53.21
53.18
53.14
53.11
53.09
53.06
53.07
53.11
53.19
53.28
53.39
53.36
53.18
52.82
52.37
51.88
51.40
50.98
50.63
50.35
50.14
49.98
49.87
49.80
49.77
49.75
49.78
49.85
49.97
50.10
50.24
50.41
50.60
50.80
51.01
51.21
51.34
51.39
51.34
51.24
51.10
51.00
50.96
50.98
51.05
51.15
51.32
51.56
51.85
52.17
52.36
52.38
52.22
51.93
51.57
51.26
51.04
50.94
50.93
50.98
51.04
51.09
51.12
51.14
51.14
51.17
51.21
51.29
51.38
51.47
51.62
51.83
52.09
52.37
52.66
52.82
52.84
52.70
52.46
52.16
51.91
51.76
51.72
51.76
51.85
51.90
51.87
51.75
51.57
51.36
51.17
51.01
50.90
50.83
50.79
50.74
50.69
50.61
50.52
50.41
50.26
50.10
49.92
49.75
49.69
49.78
50.01
50.33
50.70
51.16
51.70
52.31
52.94
53.54
54.06
54.50
54.83
55.07
55.23
55.25
55.14
54.89
54.56
54.19
53.84
53.54
53.30
53.11
52.98
52.80
52.57
52.27
51.94
51.61
51.36
51.24
51.25
51.35
51.51
51.59
51.57
51.41
51.17
50.89
50.67
50.55
50.54
50.61
50.74
50.86
50.98
51.05
51.11
51.16
51.24
51.33
51.43
51.53
51.57
51.54
51.44
51.29
51.12
51.02
51.01
51.12
51.29
51.50
51.70
51.87
52.00
52.09
52.15
52.21
52.28
52.36
52.46
52.56
52.59
52.56
52.46
52.30
52.13
51.94
51.76
51.60
51.45
51.32
51.32
51.46
51.75
52.13
52.55
52.92
53.21
53.40
53.51
53.57
53.49
53.29
52.98
52.60
52.25
51.96
51.76
51.64
51.57
51.59
51.72
51.92
52.18
52.46
52.68
52.83
52.88
52.88
52.83
52.77
52.74
52.72
52.73
52.75
52.77
52.80
52.84
52.87
52.90
52.87
52.78
52.62
52.42
52.20
52.04
51.95
51.95
52.00
52.09
52.17
52.24
52.27
52.28
52.27
52.30
52.39
52.53
52.72
52.91
53.05
53.12
53.11
53.05
52.94
52.87
52.86
52.91
53.00
53.07
53.08
53.04
52.95
52.84
52.63
52.34
51.95
51.52
51.09
50.80
50.71
50.82
51.07
51.40
51.69
51.89
51.99
52.01
51.96
51.83
51.61
51.32
50.99
50.65
50.43
50.36
50.46
50.66
50.92
51.17
51.36
51.47
51.52
51.53
51.57
51.64
51.76
51.91
52.08
52.16
52.15
52.02
51.83
51.59
51.39
51.26
51.21
51.21
51.18
51.08
50.90
50.67
50.42
50.25
50.18
50.23
50.36
50.54
50.77
51.04
51.33
51.62
51.90
52.16
52.38
52.57
52.73
52.85
52.89
52.85
52.72
52.53
52.32
52.10
51.89
51.70
51.52
51.37
51.22
51.06
50.89
50.73
50.57
50.49
50.48
50.56
50.69
50.85
51.08
51.37
51.71
52.08
52.43
52.74
52.98
53.15
53.27
53.33
53.30
53.19
52.99
52.75
52.48
52.22
51.97
51.74
51.54
51.45
51.49
51.64
51.88
52.16
52.35
52.41
52.32
52.13
51.89
51.65
51.43
51.25
51.11
51.01
50.96
50.97
51.04
51.13
51.24
51.34
51.40
51.42
51.41
51.38
51.32
51.21
51.08
50.92
50.77
50.67
50.64
50.70
50.81
50.95
51.08
51.17
51.23
51.26
51.27
51.26
51.24
51.21
51.18
51.12
51.04
50.92
50.79
50.66
50.61
50.66
50.82
51.05
51.32
51.57
51.78
51.94
52.05
52.13
52.07
51.87
51.52
51.08
50.61
50.25
50.04
49.99
50.07
50.23
50.43
50.66
50.89
51.11
51.31
51.44
51.48
51.42
51.31
51.16
51.02
50.91
50.83
50.79
50.77
50.80
50.87
50.98
51.11
51.25
51.41
51.60
51.80
52.01
52.21
52.34
52.38
52.34
52.24
52.21
52.28
52.48
52.75
53.07
53.31
53.45
53.47
53.40
53.28
53.13
52.96
52.79
52.63
52.49
52.39
52.33
52.33
52.37
52.43
52.42
52.32
52.13
51.88
51.61
51.36
51.15
51.00
50.89
50.82
50.81
50.85
50.94
51.06
51.19
51.33
51.46
51.58
51.69
51.78
51.81
51.75
51.62
51.44
51.24
51.06
50.91
50.82
50.76
50.73
50.75
50.82
50.93
51.07
51.21
51.36
51.49
51.61
51.72
51.75
51.71
51.59
51.42
51.23
51.08
51.00
50.99
51.04
51.13
51.18
51.19
51.12
51.02
50.89
50.78
50.70
50.66
50.65
50.67
50.75
50.89
51.11
51.37
51.63
51.89
52.13
52.34
52.53
52.69
52.73
52.66
52.46
52.20
51.89
51.66
51.52
51.51
51.58
51.70
51.86
52.03
52.20
52.37
52.46
52.48
52.41
52.28
52.13
52.04
52.04
52.15
52.32
52.53
52.65
52.65
52.50
52.27
51.98
51.76
51.62
51.60
51.67
51.78
51.87
51.92
51.90
51.84
51.75
51.65
51.54
51.44
51.34
51.26
51.16
51.04
50.90
50.76
50.61
50.43
50.19
49.91
49.61
49.32
49.12
49.04
49.09
49.23
49.42
49.69
50.03
50.43
50.84
51.25
51.66
52.05
52.43
52.78
53.02
53.11
53.06
52.92
52.72
52.48
52.24
52.00
51.78
51.59
51.42
51.28
51.17
51.08
51.01
50.96
50.93
50.92
50.91
50.91
50.96
51.09
51.27
51.50
51.74
51.94
52.11
52.21
52.28
52.31
52.26
52.13
51.93
51.68
51.42
51.24
51.17
51.22
51.34
51.52
51.73
51.94
52.14
52.33
52.50
52.65
52.77
52.86
52.94
52.97
52.95
52.89
52.79
52.69
52.55
52.38
52.19
52.00
51.80
51.71
51.72
51.85
52.06
52.31
52.55
52.75
52.91
53.02
53.10
53.13
53.09
53.01
52.90
52.78
52.73
52.78
52.93
53.14
53.40
53.66
53.91
54.15
54.36
54.54
54.62
54.57
54.39
54.15
53.86
53.56
53.26
52.99
52.74
52.53
52.36
52.21
52.10
52.02
51.96
51.95
51.98
52.06
52.16
52.26
52.32
52.35
52.35
52.33
52.33
52.35
52.40
52.46
52.54
52.64
52.77
52.93
53.10
53.27
53.37
53.39
53.34
53.23
53.08
52.84
52.51
52.09
51.63
51.17
50.81
50.58
50.49
50.52
50.61
50.80
51.08
51.44
51.82
52.20
52.54
52.82
53.02
53.16
53.25
53.30
53.32
53.32
53.30
53.27
53.21
53.11
52.99
52.84
52.75
52.73
52.78
52.88
53.01
53.13
53.22
53.27
53.29
53.29
53.25
53.16
53.04
52.90
52.76
52.59
52.40
52.19
51.98
51.78
51.65
51.61
51.65
51.75
51.89
51.99
52.04
52.02
51.95
51.85
51.81
51.86
52.01
52.23
52.47
52.67
52.80
52.85
52.84
52.78
52.73
52.70
52.69
52.70
52.72
52.75
52.79
52.82
52.86
52.89
52.92
52.94
52.96
52.98
52.94
52.83
52.66
52.45
52.23
52.00
51.79
51.60
51.44
51.30
51.13
50.93
50.68
50.42
50.16
49.97
49.86
49.85
49.90
50.00
50.12
50.25
50.38
50.51
50.62
50.75
50.89
51.05
51.21
51.37
51.54
51.72
51.92
52.11
52.30
52.39
52.36
52.21
51.99
51.73
51.51
51.36
51.28
51.27
51.30
51.35
51.43
51.51
51.60
51.68
51.72
51.73
51.70
51.64
51.61
51.65
51.74
51.87
52.03
52.19
52.34
52.49
52.61
52.72
52.79
52.81
52.78
52.71
52.63
52.54
52.45
52.36
52.28
52.20
52.22
52.34
52.57
52.86
53.18
53.47
53.72
53.91
54.04
54.14
54.09
53.89
53.54
53.11
52.64
52.20
51.81
51.49
51.25
51.06
50.90
50.75
50.61
50.48
50.36
50.28
50.25
50.27
50.33
50.37
50.40
50.40
50.37
50.34
50.32
50.33
50.37
50.44
50.51
50.73
51.09
51.61
52.20
52.83
53.38
53.82
54.15
54.36
54.50
54.46
54.25
53.87
53.40
52.89
52.46
52.14
51.97
51.90
51.91
51.92
51.91
51.85
51.77
51.67
51.56
51.45
51.36
51.27
51.19
51.10
50.99
50.87
50.73
50.59
50.47
50.35
50.26
50.17
50.11
50.11
50.18
50.33
50.53
50.74
50.96
51.17
51.36
51.53
51.67
51.79
51.88
51.95
52.01
52.02
51.98
51.91
51.80
51.69
51.52
51.29
51.01
50.71
50.40
50.14
49.93
49.79
49.71
49.66
49.73
49.91
50.20
50.56
50.94
51.28
51.58
51.81
51.98
52.10
52.16
52.14
52.08
51.97
51.84
51.68
51.49
51.28
51.06
50.86
50.69
50.58
50.52
50.51
50.60
50.81
51.13
51.51
51.90
52.24
52.49
52.64
52.71
52.72
52.69
52.63
52.56
52.47
52.39
52.31
52.24
52.18
52.12
52.08
52.02
51.93
51.82
51.70
51.58
51.54
51.61
51.78
52.02
52.30
52.42
52.35
52.07
51.65
51.17
50.68
50.24
49.87
49.56
49.31
49.20
49.23
49.40
49.66
49.97
50.24
50.44
50.56
50.61
50.62
50.61
50.62
50.64
50.68
50.67
50.60
50.46
50.29
50.10
49.96
49.89
49.91
49.97
50.07
50.25
50.49
50.79
51.12
51.46
51.77
52.06
52.31
52.52
52.70
52.78
52.77
52.67
52.51
52.32
52.09
51.83
51.55
51.27
51.00
50.84
50.81
50.90
51.08
51.30
51.55
51.81
52.05
52.27
52.46
52.65
52.84
53.04
53.23
53.40
53.45
53.35
53.10
52.76
52.38
52.01
51.68
51.42
51.21
51.05
50.94
50.86
50.82
50.79
50.84
50.97
51.16
51.40
51.65
51.84
51.96
51.99
51.96
51.89
51.81
51.76
51.74
51.73
51.74
51.79
51.88
52.00
52.14
52.28
52.39
52.46
52.49
52.48
52.45
52.43
52.43
52.46
52.52
52.58
52.67
52.79
52.94
53.11
53.27
53.34
53.30
53.16
52.94
52.68
52.41
52.15
51.90
51.68
51.52
51.41
51.37
51.38
51.41
51.44
51.46
51.44
51.40
51.36
51.39
51.51
51.72
52.00
52.30
52.49
52.55
52.45
52.25
51.99
51.81
51.75
51.82
51.99
52.22
52.42
52.56
52.63
52.65
52.63
52.60
52.60
52.61
52.64
52.68
52.65
52.52
52.30
52.02
51.72
51.41
51.12
50.86
50.63
50.44
50.28
50.15
50.05
49.98
49.93
49.90
49.89
49.88
49.88
49.92
49.99
50.09
50.21
50.34
50.49
50.66
50.85
51.05
51.24
51.41
51.56
51.69
51.80
51.89
51.90
51.83
51.69
51.50
51.28
51.09
50.94
50.84
50.77
50.74
50.78
50.91
51.10
51.34
51.60
51.86
52.10
52.31
52.50
52.66
52.73
52.72
52.62
52.46
52.28
52.16
52.13
52.21
52.36
52.56
52.72
52.82
52.85
52.82
52.70
52.50
52.23
51.92
51.60
51.29
51.00
50.75
50.53
50.35
50.26
50.26
50.35
50.51
50.69
51.00
51.43
51.98
52.57
53.18
53.64
53.93
54.04
54.00
53.86
53.67
53.45
53.21
52.98
52.77
52.55
52.33
52.10
51.89
51.69
51.54
51.44
51.41
51.41
51.45
51.53
51.65
51.81
51.98
52.16
52.30
52.40
52.45
52.45
52.44
52.45
52.52
52.65
52.81
52.99
53.16
53.33
53.49
53.62
53.58
53.33
52.87
52.29
51.65
51.14
50.82
50.71
50.75
50.90
51.12
51.38
51.64
51.90
52.14
52.33
52.45
52.52
52.54
52.52
52.45
52.34
52.19
52.03
51.85
51.77
51.79
51.92
52.12
52.36
52.59
52.79
52.94
53.05
53.12
53.14
53.10
53.02
52.91
52.78
52.68
52.61
52.58
52.58
52.61
52.64
52.69
52.74
52.79
52.75
52.62
52.39
52.10
51.78
51.47
51.17
50.89
50.65
50.45
50.31
50.24
50.23
50.26
50.32
50.40
50.49
50.58
50.67
50.74
50.81
50.87
50.92
50.95
50.98
51.00
51.02
51.03
51.03
51.03
50.98
50.86
50.68
50.46
50.23
50.06
49.96
49.95
49.99
50.08
50.14
50.14
50.09
49.99
49.87
49.79
49.77
49.83
49.93
50.05
50.19
50.34
50.47
50.59
50.62
50.54
50.35
50.09
49.79
49.63
49.62
49.80
50.09
50.46
50.85
51.23
51.60
51.93
52.22
52.47
52.67
52.82
52.94
53.03
53.04
52.96
52.80
52.59
52.36
52.13
51.90
51.70
51.52
51.36
51.26
51.22
51.23
51.27
51.35
51.41
51.44
51.44
51.42
51.38
51.36
51.36
51.40
51.46
51.53
51.61
51.68
51.75
51.81
51.86
51.91
51.94
51.97
51.99
52.01
52.02
52.03
52.03
52.03
52.05
52.11
52.20
52.30
52.41
52.38
52.20
51.85
51.39
50.89
50.44
50.07
49.81
49.64
49.54
49.52
49.57
49.68
49.83
50.00
50.17
50.33
50.48
50.62
50.73
50.83
50.90
50.96
51.00
51.03
51.10
51.23
51.41
51.63
51.85
52.04
52.18
52.28
52.33
52.29
52.17
51.97
51.72
51.46
51.25
51.11
51.07
51.09
51.15
51.26
51.42
51.62
51.83
52.04
52.19
52.25
52.23
52.15
52.03
51.87
51.67
51.44
51.20
50.97
50.75
50.56
50.40
50.26
50.15
50.10
50.09
50.14
50.21
50.31
50.47
50.69
50.96
51.27
51.57
51.81
51.96
52.01
52.00
51.93
51.81
51.64
51.43
51.21
50.99
50.79
50.60
50.44
50.30
50.21
50.18
50.20
50.26
50.34
50.46
50.61
50.79
50.98
51.17
51.27
51.25
51.12
50.92
50.67
50.49
50.40
50.43
50.53
50.68
50.80
50.87
50.87
50.83
50.75
50.66
50.56
50.46
50.36
50.28
50.23
50.22
50.26
50.33
50.41
50.50
50.59
50.67
50.75
50.82
50.87
50.92
50.96
50.98
51.01
50.99
50.94
50.86
50.75
50.64
50.55
50.50
50.49
50.51
50.55
50.61
50.66
50.72
50.78
50.86
50.96
51.09
51.22
51.36
51.47
51.53
51.54
51.52
51.48
51.43
51.37
51.30
51.24
51.19
51.17
51.18
51.24
51.32
51.41
51.45
51.43
51.34
51.20
51.04
50.93
50.88
50.91
50.98
51.09
51.24
51.43
51.64
51.86
52.08
52.28
52.46
52.62
52.75
52.85
52.88
52.82
52.69
52.50
52.32
52.16
52.04
51.95
51.90
51.91
52.01
52.19
52.41
52.64
52.80
52.86
52.80
52.66
52.48
52.32
52.22
52.19
52.22
52.27
52.33
52.36
52.36
52.35
52.32
52.25
52.15
52.02
51.88
51.73
51.61
51.54
51.51
51.51
51.55
51.59
51.65
51.70
51.76
51.81
51.86
51.90
51.93
51.96
51.98
51.94
51.84
51.67
51.46
51.24
51.07
50.97
50.96
51.00
51.06
51.12
51.15
51.16
51.16
51.13
51.05
50.95
50.82
50.69
50.64
50.69
50.85
51.08
51.34
51.59
51.79
51.95
52.06
52.14
52.16
52.12
52.04
51.92
51.79
51.63
51.45
51.24
51.03
50.82
50.74
50.81
51.02
51.34
51.69
51.99
52.18
52.26
52.24
52.16
52.05
51.91
51.76
51.62
51.49
51.45
51.52
51.70
51.95
52.23
52.55
52.90
53.25
53.59
53.82
53.93
53.90
53.78
53.60
53.39
53.16
52.95
52.74
52.56
52.43
52.35
52.34
52.36
52.41
52.45
52.47
52.45
52.42
52.38
52.27
52.10
51.87
51.61
51.34
51.21
51.26
51.49
51.84
52.26
52.67
53.04
53.35
53.61
53.80
53.90
53.89
53.79
53.62
53.41
53.14
52.81
52.42
52.03
51.64
51.31
51.04
50.86
50.73
50.69
50.71
50.80
50.92
51.07
51.14
51.12
50.99
50.79
50.55
50.44
50.48
50.70
51.03
51.42
51.78
52.07
52.27
52.39
52.46
52.53
52.64
52.79
52.95
53.13
53.29
53.45
53.59
53.71
53.81
53.81
53.70
53.47
53.19
52.87
52.52
52.15
51.78
51.43
51.10
50.81
50.57
50.37
50.21
50.08
50.02
50.01
50.06
50.14
50.25
50.42
50.64
50.93
51.24
51.53
51.77
51.95
52.07
52.16
52.19
52.15
52.07
51.95
51.82
51.68
51.55
51.43
51.32
51.23
51.18
51.17
51.21
51.28
51.37
51.39
51.31
51.13
50.89
50.63
50.54
50.67
51.06
51.59
52.19
52.72
53.10
53.31
53.38
53.36
53.33
53.31
53.34
53.40
53.47
53.44
53.29
53.00
52.65
52.25
51.89
51.57
51.31
51.12
51.00
50.96
50.99
51.06
51.16
51.22
51.23
51.17
51.06
50.93
50.87
50.90
51.03
51.23
51.47
51.66
51.78
51.83
51.82
51.77
51.72
51.68
51.68
51.69
51.71
51.77
51.87
51.99
52.14
52.28
52.40
52.47
52.49
52.49
52.45
52.35
52.18
51.95
51.68
51.40
51.18
51.05
51.01
51.03
51.10
51.19
51.30
51.42
51.53
51.63
51.75
51.89
52.04
52.20
52.30
52.33
52.28
52.18
52.04
51.92
51.82
51.76
51.73
51.73
51.71
51.68
51.62
51.54
51.46
51.40
51.38
51.40
51.45
51.51
51.63
51.82
52.06
52.34
52.62
52.79
52.81
52.67
52.43
52.14
51.87
51.66
51.53
51.47
51.45
51.44
51.43
51.39
51.35
51.30
51.33
51.45
51.67
51.95
52.26
52.49
52.61
52.60
52.52
52.38
52.18
51.93
51.66
51.38
51.11
50.86
50.64
50.45
50.30
50.25
50.33
50.52
50.79
51.10
51.33
51.47
51.48
51.42
51.29
51.19
51.14
51.14
51.19
51.27
51.37
51.47
51.57
51.66
51.74
51.73
51.62
51.40
51.12
50.81
50.55
50.36
50.27
50.24
50.26
50.29
50.31
50.30
50.28
50.25
50.22
50.18
50.15
50.12
50.09
50.12
50.21
50.37
50.57
50.82
51.09
51.38
51.68
51.95
52.15
52.25
52.26
52.19
52.08
51.90
51.64
51.31
50.96
50.61
50.34
50.15
50.06
50.06
50.10
50.20
50.36
50.56
50.77
50.99
51.22
51.47
51.72
51.97
52.19
52.40
52.57
52.72
52.83
52.92
52.94
52.87
52.72
52.53
52.31
52.09
51.87
51.68
51.50
51.35
51.26
51.22
51.23
51.28
51.35
51.41
51.45
51.44
51.42
51.35
51.25
51.11
50.95
50.79
50.63
50.49
50.36
50.26
50.17
50.12
50.12
50.17
50.25
50.35
50.45
50.55
50.64
50.73
50.80
50.86
50.92
50.96
50.99
51.01
51.13
51.37
51.73
52.16
52.61
52.98
53.22
53.32
53.33
53.26
53.12
52.92
52.67
52.42
52.16
51.94
51.78
51.68
51.63
51.61
51.62
51.64
51.68
51.72
51.77
51.81
51.85
51.89
51.92
51.97
52.05
52.16
52.28
52.40
52.49
52.54
52.55
52.52
52.48
52.37
52.19
51.95
51.68
51.39
51.12
50.87
50.65
50.46
50.30
50.18
50.08
50.00
49.95
49.92
49.95
50.06
50.24
50.46
50.69
50.93
51.15
51.35
51.53
51.68
51.80
51.89
51.97
52.02
52.05
52.05
52.00
51.92
51.81
51.69
51.57
51.45
51.35
51.26
51.15
51.03
50.89
50.74
50.60
50.50
50.44
50.42
50.45
50.49
50.55
50.62
50.68
50.75
50.80
50.88
50.98
51.11
51.24
51.38
51.48
51.54
51.55
51.53
51.49
51.40
51.28
51.13
50.96
50.80
50.58
50.32
50.01
49.69
49.37
49.10
48.90
48.76
48.67
48.63
48.73
48.97
49.36
49.82
50.32
50.83
51.35
51.86
52.33
52.74
53.02
53.15
53.13
53.00
52.85
52.73
52.66
52.63
52.63
52.59
52.51
52.37
52.20
52.02
51.83
51.66
51.50
51.37
51.25
51.16
51.08
51.03
50.99
50.96
50.97
51.02
51.10
51.21
51.33
51.45
51.56
51.66
51.75
51.83
51.92
52.03
52.15
52.29
52.42
52.46
52.40
52.23
51.99
51.72
51.46
51.24
51.08
50.96
50.87
50.85
50.88
50.96
51.08
51.18
51.25
51.29
51.30
51.30
51.33
51.41
51.56
51.74
51.93
52.01
51.97
51.77
51.49
51.16
50.95
50.89
51.02
51.27
51.59
51.86
52.05
52.12
52.12
52.05
52.00
51.99
52.04
52.13
52.23
52.35
52.47
52.57
52.67
52.76
52.81
52.81
52.77
52.70
52.61
52.47
52.26
51.99
51.70
51.40
51.23
51.20
51.33
51.56
51.86
52.10
52.25
52.29
52.24
52.17
52.10
52.05
52.01
51.98
51.90
51.78
51.60
51.38
51.16
50.91
50.65
50.38
50.12
49.87
49.68
49.55
49.48
49.46
49.48
49.52
49.57
49.63
49.69
49.75
49.86
50.02
50.24
50.49
50.75
50.97
51.13
51.25
51.31
51.34
51.29
51.16
50.95
50.70
50.43
50.17
49.92
49.70
49.51
49.35
49.29
49.36
49.55
49.81
50.11
50.37
50.56
50.66
50.70
50.82
51.06
51.44
51.90
52.38
52.84
53.23
53.55
53.79
53.98
54.05
54.02
53.90
53.70
53.48
53.16
52.76
52.27
51.76
51.25
50.85
50.60
50.49
50.50
50.59
50.75
50.97
51.23
51.51
51.79
51.99
52.11
52.13
52.09
52.00
51.91
51.84
51.80
51.78
51.78
51.74
51.64
51.49
51.30
51.10
51.03
51.13
51.41
51.79
52.13
52.35
52.44
52.43
52.34
52.18
51.96
51.71
51.44
51.17
50.87
50.53
50.16
49.78
49.42
49.23
49.23
49.43
49.76
50.16
50.63
51.12
51.62
52.09
52.53
52.86
53.07
53.16
53.17
53.11
52.95
52.71
52.40
52.05
51.70
51.41
51.22
51.12
51.10
51.14
51.15
51.13
51.05
50.94
50.82
50.79
50.89
51.13
51.44
51.81
52.09
52.28
52.34
52.31
52.25
52.18
52.12
52.07
52.03
51.95
51.82
51.63
51.40
51.17
51.00
50.91
50.90
50.96
51.05
51.19
51.38
51.59
51.82
52.04
52.17
52.18
52.07
51.89
51.65
51.48
51.41
51.44
51.54
51.69
51.87
52.05
52.23
52.40
52.55
52.60
52.53
52.35
52.10
51.81
51.54
51.30
51.12
50.99
50.90
50.79
50.64
50.45
50.24
50.21
50.41
50.84
51.42
52.08
52.58
52.88
52.93
52.82
52.58
52.31
52.03
51.78
51.57
51.38
51.26
51.20
51.21
51.25
51.32
51.38
51.41
51.42
51.39
51.36
51.39
51.52
51.74
52.01
52.31
52.56
52.73
52.81
52.82
52.79
52.72
52.63
52.54
52.45
52.36
52.27
52.20
52.14
52.09
52.05
51.99
51.91
51.81
51.69
51.57
51.46
51.35
51.26
51.18
51.20
51.32
51.55
51.84
52.16
52.40
52.53
52.55
52.47
52.34
52.23
52.17
52.17
52.22
52.29
52.27
52.14
51.88
51.54
51.17
50.82
50.52
50.28
50.09
49.96
49.98
50.15
50.48
50.89
51.35
51.79
52.17
52.49
52.73
52.92
52.98
52.90
52.68
52.39
52.06
51.80
51.64
51.60
51.65
51.75
51.84
51.88
51.87
51.81
51.72
51.63
51.52
51.42
51.33
51.22
51.09
50.95
50.79
50.64
50.53
50.46
50.44
50.46
50.50
50.58
50.70
50.85
51.02
51.19
51.36
51.50
51.64
51.75
51.84
51.94
52.05
52.18
52.31
52.45
52.49
52.42
52.25
52.01
51.73
51.47
51.25
51.08
50.96
50.88
50.80
50.71
50.62
50.51
50.42
50.38
50.41
50.52
50.68
50.85
51.04
51.22
51.39
51.54
51.67
51.78
51.87
51.94
51.99
52.00
51.97
51.89
51.79
51.68
51.62
51.62
51.70
51.82
51.97
52.08
52.12
52.09
52.01
51.90
51.83
51.82
51.87
51.97
52.09
52.20
52.28
52.32
52.33
52.32
52.27
52.18
52.05
51.91
51.76
51.64
51.56
51.53
51.53
51.56
51.66
51.82
52.06
52.32
52.60
52.73
52.70
52.47
52.13
51.72
51.32
50.95
50.64
50.39
50.30
50.38
50.63
50.99
51.40
51.75
51.99
52.11
52.13
52.08
51.97
51.80
51.58
51.34
51.10
50.96
50.93
51.01
51.18
51.40
51.58
51.70
51.75
51.75
51.70
51.61
51.47
51.29
51.10
50.91
50.78
50.72
50.75
50.84
50.97
51.11
51.26
51.40
51.53
51.65
51.70
51.67
51.56
51.40
51.21
51.09
51.07
51.16
51.32
51.45
51.49
51.45
51.34
51.19
51.02
50.85
50.68
50.53
50.40
50.31
50.27
50.28
50.33
50.39
50.40
50.31
50.12
49.88
49.61
49.44
49.41
49.52
49.73
50.00
50.22
50.34
50.36
50.30
50.19
50.21
50.39
50.77
51.26
51.81
52.20
52.38
52.33
52.12
51.80
51.48
51.21
51.00
50.86
50.77
50.77
50.86
51.04
51.27
51.52
51.67
51.69
51.56
51.33
51.10
50.90
50.77
50.69
50.65
50.67
50.74
50.86
51.00
51.15
51.33
51.53
51.75
51.97
52.18
52.35
52.46
52.51
52.52
52.50
52.51
52.57
52.69
52.84
53.01
53.13
53.18
53.15
53.07
52.96
52.85
52.77
52.73
52.71
52.72
52.79
52.93
53.14
53.39
53.65
53.82
53.88
53.83
53.69
53.51
53.21
52.83
52.35
51.84
51.35
50.93
50.58
50.30
50.09
50.02
50.09
50.30
50.58
50.91
51.23
51.51
51.73
51.90
52.02
52.05
51.99
51.84
51.64
51.41
51.17
50.95
50.74
50.55
50.39
50.25
50.15
50.07
50.00
49.96
49.99
50.08
50.26
50.47
50.70
50.96
51.24
51.52
51.80
52.07
52.27
52.41
52.49
52.52
52.51
52.45
52.35
52.20
52.03
51.86
51.72
51.63
51.58
51.57
51.53
51.45
51.31
51.15
50.97
50.80
50.63
50.48
50.35
50.24
50.18
50.16
50.20
50.26
50.35
50.39
50.38
50.29
50.16
50.01
49.90
49.86
49.89
49.97
50.08
50.21
50.34
50.47
50.59
50.69
50.81
50.94
51.09
51.24
51.39
51.53
51.65
51.75
51.84
51.91
51.96
52.00
52.03
52.04
52.05
52.06
52.06
52.06
52.05
52.04
52.06
52.11
52.20
52.30
52.35
52.35
52.27
52.15
52.00
51.90
51.86
51.89
51.97
52.09
52.21
52.35
52.47
52.59
52.69
52.70
52.61
52.40
52.12
51.82
51.64
51.63
51.80
52.09
52.45
52.79
53.06
53.25
53.37
53.43
53.40
53.27
53.07
52.81
52.53
52.23
51.91
51.59
51.28
50.99
50.73
50.52
50.34
50.19
50.08
50.00
49.94
49.90
49.88
49.93
50.04
50.23
50.45
50.69
50.88
50.99
51.01
50.97
50.90
50.82
50.76
50.74
50.73
50.74
50.82
50.96
51.17
51.41
51.67
51.89
52.07
52.19
52.26
52.30
52.28
52.22
52.11
51.97
51.82
51.59
51.28
50.89
50.46
50.02
49.72
49.57
49.60
49.75
49.97
50.19
50.35
50.45
50.49
50.50
50.50
50.52
50.55
50.60
50.66
50.69
50.69
50.65
50.59
50.59
50.69
50.87
51.12
51.39
51.64
51.85
52.00
52.11
52.18
52.22
52.24
52.23
52.22
52.20
52.17
52.15
52.12
52.09
52.07
52.02
51.95
51.85
51.73
51.61
51.49
51.38
51.29
51.20
51.13
51.13
51.20
51.35
51.54
51.75
51.94
52.09
52.19
52.25
52.28
52.23
52.10
51.90
51.66
51.40
51.12
50.82
50.51
50.22
49.97
49.79
49.67
49.61
49.58
49.64
49.78
50.00
50.26
50.53
50.78
50.97
51.11
51.20
51.26
51.20
51.03
50.75
50.40
50.03
49.77
49.66
49.70
49.85
50.07
50.36
50.69
51.04
51.39
51.73
51.97
52.12
52.17
52.13
52.05
52.02
52.06
52.19
52.38
52.60
52.72
52.72
52.57
52.32
52.03
51.74
51.49
51.28
51.12
51.01
50.84
50.62
50.32
49.99
49.67
49.40
49.19
49.04
48.92
48.88
48.89
48.96
49.06
49.18
49.37
49.61
49.91
50.23
50.55
50.88
51.21
51.53
51.84
52.12
52.31
52.40
52.38
52.30
52.17
51.99
51.78
51.53
51.27
51.03
50.85
50.76
50.77
50.84
50.95
51.05
51.14
51.19
51.22
51.23
51.17
51.03
50.83
50.59
50.34
50.15
50.03
50.00
50.03
50.10
50.20
50.32
50.43
50.54
50.73
50.99
51.33
51.72
52.11
52.35
52.41
52.27
51.99
51.64
51.33
51.11
51.01
50.98
51.02
51.13
51.29
51.49
51.72
51.94
52.13
52.27
52.35
52.39
52.40
52.35
52.26
52.13
51.98
51.82
51.64
51.44
51.22
51.00
50.80
50.69
50.70
50.83
51.03
51.28
51.50
51.65
51.72
51.73
51.70
51.69
51.73
51.83
51.96
52.02
52.00
51.88
51.69
51.47
51.24
51.01
50.79
50.60
50.43
50.32
50.26
50.26
50.30
50.37
50.42
50.45
50.44
50.42
50.37
50.33
50.27
50.22
50.18
50.13
50.18
50.32
50.56
50.86
51.18
51.43
51.56
51.58
51.50
51.37
51.28
51.27
51.36
51.50
51.69
51.89
52.09
52.27
52.45
52.59
52.61
52.49
52.21
51.85
51.44
51.03
50.63
50.26
49.93
49.71
49.60
49.59
49.66
49.78
49.96
50.18
50.43
50.69
50.94
51.12
51.22
51.22
51.15
51.04
50.97
50.94
50.98
51.06
51.17
51.21
51.16
51.01
50.79
50.55
50.40
50.38
50.51
50.73
51.01
51.23
51.36
51.38
51.32
51.20
51.17
51.24
51.44
51.71
52.03
52.27
52.42
52.44
52.39
52.27
52.12
51.96
51.79
51.63
51.51
51.44
51.42
51.44
51.48
51.51
51.52
51.50
51.45
51.40
51.34
51.28
51.22
51.17
51.13
51.17
51.31
51.55
51.85
52.18
52.45
52.64
52.74
52.77
52.76
52.67
52.54
52.37
52.17
51.97
51.81
51.69
51.62
51.59
51.60
51.59
51.57
51.53
51.47
51.40
51.39
51.44
51.55
51.71
51.89
52.00
52.01
51.91
51.73
51.52
51.29
51.06
50.84
50.64
50.47
50.32
50.20
50.11
50.04
50.09
50.28
50.62
51.03
51.48
51.85
52.11
52.22
52.24
52.19
52.09
51.96
51.82
51.67
51.54
51.39
51.22
51.04
50.86
50.68
50.58
50.55
50.61
50.73
50.88
50.99
51.04
51.02
50.95
50.86
50.74
50.62
50.50
50.39
50.30
50.24
50.23
50.26
50.32
50.40
50.57
50.83
51.18
51.58
51.99
52.30
52.49
52.54
52.50
52.41
52.32
52.24
52.16
52.11
52.06
52.02
52.00
51.98
51.97
51.91
51.79
51.61
51.40
51.18
51.01
50.92
50.92
50.97
51.06
51.23
51.47
51.77
52.11
52.44
52.70
52.88
52.95
52.95
52.90
52.85
52.80
52.78
52.78
52.79
52.73
52.58
52.34
52.04
51.73
51.44
51.20
51.02
50.90
50.82
50.71
50.58
50.40
50.20
50.05
49.96
49.96
50.02
50.11
50.16
50.17
50.11
50.01
49.89
49.86
49.95
50.18
50.49
50.85
51.15
51.39
51.53
51.60
51.62
51.50
51.22
50.80
50.30
49.78
49.42
49.28
49.39
49.65
50.01
50.35
50.61
50.75
50.82
50.82
50.85
50.95
51.13
51.36
51.60
51.85
52.09
52.30
52.49
52.64
52.69
52.63
52.44
52.17
51.87
51.56
51.26
50.98
50.74
50.58
50.51
50.55
50.65
50.80
50.93
51.05
51.13
51.17
51.20
51.18
51.11
51.01
50.88
50.75
50.64
50.57
50.54
50.55
50.58
50.65
50.75
50.90
51.05
51.22
51.32
51.35
51.29
51.19
51.05
50.90
50.74
50.59
50.46
50.34
50.21
50.07
49.91
49.75
49.60
49.54
49.60
49.76
49.99
50.27
50.49
50.66
50.73
50.75
50.72
50.66
50.58
50.50
50.41
50.36
50.34
50.36
50.41
50.48
50.58
50.71
50.88
51.05
51.22
51.36
51.45
51.49
51.49
51.46
51.42
51.37
51.31
51.26
51.20
51.21
51.28
51.42
51.61
51.81
51.94
51.96
51.88
51.71
51.51
51.34
51.23
51.19
51.21
51.26
51.29
51.26
51.18
51.05
50.91
50.74
50.54
50.31
50.08
49.87
49.72
49.66
49.69
49.78
49.91
50.06
50.21
50.36
50.50
50.65
50.82
51.00
51.17
51.34
51.42
51.38
51.23
51.00
50.73
50.40
50.01
49.58
49.14
48.72
48.49
48.49
48.73
49.13
49.61
50.08
50.48
50.80
51.02
51.18
51.34
51.51
51.71
51.92
52.12
52.28
52.40
52.45
52.47
52.46
52.34
52.12
51.80
51.43
51.04
50.71
50.46
50.32
50.26
50.26
50.27
50.27
50.26
50.24
50.24
50.27
50.32
50.40
50.49
50.63
50.83
51.08
51.36
51.65
51.92
52.17
52.39
52.57
52.73
52.79
52.77
52.66
52.50
52.30
52.07
51.81
51.53
51.25
50.99
50.75
50.55
50.37
50.23
50.12
50.01
49.89
49.76
49.63
49.50
49.49
49.62
49.89
50.25
50.64
51.13
51.69
52.31
52.94
53.55
54.03
54.35
54.50
54.52
54.38
54.09
53.66
53.17
52.65
52.15
51.68
51.27
50.91
50.60
50.44
50.42
50.55
50.77
51.04
51.28
51.46
51.57
51.61
51.60
51.57
51.52
51.45
51.38
51.31
51.27
51.27
51.31
51.37
51.45
51.48
51.45
51.35
51.21
51.05
50.87
50.71
50.55
50.42
50.30
50.22
50.20
50.23
50.29
50.37
50.46
50.55
50.64
50.72
50.79
50.91
51.07
51.29
51.54
51.73
51.86
51.90
51.88
51.82
51.82
51.89
52.05
52.27
52.52
52.69
52.76
52.71
52.59
52.42
52.17
51.85
51.48
51.08
50.69
50.49
50.51
50.76
51.17
51.66
52.04
52.27
52.31
52.21
52.03
51.82
51.61
51.43
51.29
51.17
51.08
51.01
50.96
50.93
50.91
50.90
50.90
50.91
50.91
50.92
50.88
50.78
50.61
50.41
50.19
50.00
49.85
49.76
49.71
49.68
49.69
49.70
49.73
49.77
49.80
49.84
49.87
49.90
49.93
49.98
50.05
50.16
50.28
50.40
50.49
50.54
50.54
50.52
50.48
50.45
50.44
50.47
50.51
50.57
50.66
50.79
50.94
51.10
51.26
51.36
51.38
51.33
51.22
51.07
50.92
50.76
50.60
50.47
50.34
50.21
50.07
49.91
49.75
49.60
49.49
49.43
49.41
49.43
49.50
49.62
49.78
49.95
50.13
50.27
50.37
50.42
50.44
50.42
50.44
50.51
50.64
50.81
50.98
51.08
51.08
50.97
50.78
50.56
50.32
50.08
49.85
49.65
49.47
49.35
49.29
49.28
49.31
49.37
49.53
49.78
50.13
50.53
50.94
51.26
51.46
51.52
51.48
51.37
51.28
51.22
51.23
51.27
51.34
51.37
51.34
51.26
51.13
50.97
50.87
50.83
50.87
50.95
51.01
51.03
50.99
50.90
50.80
50.73
50.73
50.79
50.90
51.04
51.24
51.50
51.82
52.16
52.49
52.70
52.76
52.65
52.43
52.15
51.92
51.77
51.73
51.78
51.87
51.97
52.06
52.11
52.15
52.16
52.14
52.07
51.97
51.85
51.72
51.56
51.38
51.18
50.97
50.78
50.63
50.53
50.48
50.48
50.51
50.58
50.69
50.84
51.00
51.12
51.17
51.14
51.06
50.95
50.90
50.93
51.07
51.27
51.50
51.72
51.90
52.03
52.12
52.18
52.21
52.22
52.21
52.20
52.18
52.21
52.30
52.45
52.64
52.85
53.00
53.08
53.08
53.02
52.92
52.78
52.60
52.39
52.16
51.94
51.82
51.81
51.92
52.11
52.34
52.51
52.59
52.56
52.46
52.31
52.13
51.95
51.77
51.60
51.45
51.38
51.39
51.48
51.62
51.72
51.73
51.65
51.50
51.32
51.12
50.92
50.74
50.56
50.41
50.29
50.18
50.10
50.03
49.99
49.98
50.02
50.10
50.20
50.32
50.41
50.46
50.48
50.46
50.42
50.48
50.66
50.96
51.34
51.74
52.04
52.19
52.18
52.06
51.86
51.65
51.45
51.29
51.16
51.07
51.05
51.11
51.26
51.45
51.67
51.90
52.11
52.31
52.49
52.61
52.68
52.69
52.66
52.61
52.54
52.46
52.38
52.30
52.23
52.17
52.12
52.08
52.04
52.02
51.97
51.90
51.80
51.69
51.58
51.46
51.36
51.27
51.19
51.13
51.10
51.12
51.18
51.26
51.36
51.38
51.31
51.14
50.90
50.64
50.44
50.35
50.37
50.48
50.63
50.76
50.83
50.84
50.80
50.73
50.64
50.55
50.45
50.36
50.28
50.18
50.06
49.92
49.77
49.65
49.57
49.54
49.55
49.57
49.64
49.75
49.89
50.05
50.21
50.39
50.59
50.81
51.02
51.23
51.36
51.40
51.36
51.26
51.12
50.99
50.88
50.82
50.78
50.76
50.87
51.12
51.50
51.95
52.43
52.80
53.01
53.05
52.97
52.81
52.58
52.29
51.96
51.63
51.31
51.01
50.75
50.53
50.35
50.20
50.14
50.17
50.29
50.46
50.67
50.85
51.01
51.11
51.18
51.22
51.24
51.23
51.22
51.20
51.20
51.23
51.29
51.37
51.46
51.56
51.64
51.73
51.80
51.86
51.93
52.03
52.15
52.28
52.41
52.53
52.64
52.74
52.82
52.89
52.94
52.98
53.01
53.03
53.04
52.94
52.71
52.36
51.93
51.47
51.10
50.84
50.73
50.71
50.77
50.88
51.02
51.16
51.31
51.45
51.53
51.52
51.44
51.30
51.17
51.05
50.96
50.90
50.87
50.82
50.76
50.68
50.58
50.48
50.44
50.47
50.57
50.72
50.89
51.02
51.08
51.06
51.00
50.90
50.75
50.57
50.36
50.14
49.92
49.75
49.63
49.56
49.54
49.55
49.61
49.71
49.85
50.01
50.17
50.36
50.56
50.78
51.00
51.21
51.40
51.56
51.70
51.81
51.90
51.97
52.02
52.05
52.07
52.08
52.06
52.00
51.90
51.79
51.69
51.63
51.60
51.61
51.63
51.64
51.63
51.58
51.52
51.45
51.40
51.39
51.41
51.46
51.52
51.51
51.41
51.21
50.95
50.66
50.46
50.35
50.37
50.47
50.62
50.80
50.99
51.17
51.35
51.51
51.56
51.51
51.33
51.09
50.80
50.53
50.30
50.13
49.99
49.90
49.92
50.06
50.32
50.64
50.99
51.26
51.43
51.47
51.42
51.36
51.33
51.34
51.38
51.45
51.44
51.35
51.15
50.91
50.63
50.45
50.42
50.53
50.74
51.00
51.24
51.43
51.53
51.58
51.58
51.57
51.58
51.61
51.65
51.70
51.69
51.62
51.49
51.32
51.13
50.98
50.91
50.92
50.98
51.08
51.15
51.16
51.10
51.01
50.89
50.89
51.04
51.36
51.78
52.24
52.58
52.75
52.72
52.55
52.30
51.97
51.60
51.20
50.80
50.45
50.17
49.96
49.82
49.73
49.73
49.83
50.01
50.25
50.51
50.77
51.02
51.24
51.44
51.61
51.75
51.86
51.95
52.01
52.05
52.00
51.84
51.58
51.26
50.91
50.54
50.16
49.78
49.41
49.08
48.84
48.71
48.69
48.75
48.85
48.99
49.13
49.28
49.43
49.56
49.70
49.86
50.03
50.20
50.36
50.54
50.72
50.92
51.12
51.31
51.42
51.45
51.39
51.28
51.19
51.14
51.15
51.20
51.28
51.27
51.14
50.88
50.55
50.17
49.93
49.86
49.98
50.22
50.54
50.89
51.26
51.60
51.92
52.20
52.36
52.38
52.28
52.08
51.83
51.58
51.36
51.19
51.06
50.97
50.88
50.78
50.67
50.56
50.45
50.27
50.01
49.66
49.28
48.89
48.57
48.34
48.21
48.17
48.18
48.45
48.98
49.79
50.74
51.52
52.05
52.25
52.22
52.03
51.78
51.54
51.35
51.19
51.07
51.01
51.01
51.06
51.14
51.25
51.42
51.65
51.93
52.24
52.56
52.82
53.04
53.18
53.27
53.33
53.37
53.42
53.49
53.56
53.64
53.66
53.61
53.49
53.32
53.14
52.95
52.76
52.59
52.44
52.31
52.26
52.29
52.40
52.56
52.75
52.85
52.82
52.64
52.38
52.07
51.79
51.58
51.46
51.40
51.37
51.34
51.30
51.25
51.21
51.19
51.21
51.27
51.35
51.44
51.55
51.70
51.88
52.06
52.23
52.32
52.30
52.16
51.94
51.69
51.48
51.33
51.26
51.25
51.28
51.32
51.34
51.34
51.32
51.29
51.25
51.21
51.17
51.13
51.10
51.05
50.97
50.86
50.74
50.61
50.52
50.46
50.46
50.48
50.52
50.58
50.64
50.70
50.76
50.82
50.84
50.82
50.77
50.69
50.49
50.16
49.71
49.20
48.66
48.31
48.18
48.29
48.57
48.94
49.43
49.98
50.58
51.19
51.77
52.23
52.58
52.79
52.89
52.92
52.94
52.98
53.07
53.18
53.30
53.37
53.37
53.30
53.18
53.03
52.82
52.55
52.22
51.87
51.53
51.31
51.25
51.36
51.57
51.85
52.03
52.06
51.91
51.66
51.34
50.99
50.64
50.30
50.00
49.73
49.51
49.32
49.17
49.06
49.03
49.09
49.23
49.43
49.65
49.82
49.93
49.95
49.92
49.84
49.80
49.81
49.88
49.98
50.11
50.28
50.47
50.69
50.91
51.13
51.22
51.16
50.95
50.65
50.30
50.03
49.90
49.92
50.04
50.23
50.54
50.96
51.46
52.01
52.55
52.95
53.18
53.23
53.14
52.97
52.71
52.40
52.06
51.70
51.37
51.06
50.78
50.55
50.36
50.23
50.17
50.17
50.21
50.29
50.43
50.64
50.92
51.22
51.53
51.93
52.43
53.02
53.65
54.27
54.69
54.87
54.78
54.52
54.15
53.78
53.45
53.19
53.00
52.87
52.76
52.65
52.54
52.44