76.69
76.67
76.63
76.56
76.51
76.49
76.50
76.54
76.59
76.56
76.45
76.24
75.97
75.81
75.81
75.97
76.25
76.59
76.85
76.99
76.98
76.87
76.69
76.50
76.33
76.19
76.08
76.00
75.95
75.91
75.89
75.88
75.88
75.89
75.90
75.91
75.93
75.94
75.90
75.80
75.63
75.42
75.20
75.04
74.95
74.94
74.99
75.08
75.14
75.15
75.09
74.99
74.87
74.77
74.69
74.66
74.65
74.66
74.74
74.90
75.11
75.37
75.63
75.84
75.96
76.00
75.97
75.93
75.89
75.86
75.86
75.86
75.87
75.88
75.90
75.91
75.93
75.92
75.87
75.80
75.70
75.59
75.52
75.47
75.47
75.50
75.54
75.57
75.58
75.55
75.50
75.44
75.40
75.39
75.42
75.47
75.53
75.57
75.58
75.56
75.52
75.46
75.44
75.49
75.61
75.76
75.93
76.17
76.45
76.79
77.15
77.49
77.77
77.94
78.01
78.01
77.95
77.84
77.67
77.46
77.24
77.02
76.81
76.62
76.45
76.31
76.17
76.02
75.86
75.70
75.56
75.45
75.39
75.38
75.41
75.46
75.47
75.43
75.32
75.17
75.01
74.95
75.01
75.22
75.51
75.85
76.17
76.46
76.69
76.87
77.00
77.09
77.15
77.18
77.20
77.20
77.08
76.83
76.45
76.00
75.53
75.14
74.87
74.75
74.73
74.78
74.83
74.84
74.81
74.74
74.66
74.56
74.46
74.37
74.29
74.27
74.32
74.44
74.61
74.81
74.98
75.12
75.21
75.26
75.28
75.17
74.93
74.55
74.09
73.61
73.29
73.18
73.31
73.60
73.98
74.39
74.77
75.10
75.39
75.62
75.88
76.19
76.56
76.94
77.33
77.55
77.58
77.42
77.12
76.74
76.28
75.75
75.18
74.61
74.07
73.77
73.75
74.01
74.46
75.02
75.52
75.89
76.11
76.20
76.17
76.05
75.86
75.62
75.37
75.17
75.05
75.02
75.05
75.12
75.22
75.33
75.44
75.55
75.65
75.76
75.90
76.05
76.21
76.36
76.37
76.21
75.87
75.43
74.93
74.38
73.78
73.16
72.55
72.00
71.68
71.66
71.92
72.38
72.95
73.53
74.09
74.58
75.01
75.35
75.63
75.85
76.01
76.12
76.19
76.23
76.24
76.24
76.23
76.21
76.13
75.98
75.78
75.54
75.29
75.04
74.82
74.61
74.44
74.35
74.34
74.43
74.57
74.75
74.81
74.71
74.45
74.08
73.65
73.37
73.29
73.43
73.72
74.10
74.49
74.86
75.18
75.45
75.67
75.73
75.63
75.36
75.00
74.58
74.29
74.16
74.22
74.41
74.68
74.94
75.16
75.30
75.38
75.42
75.48
75.57
75.71
75.88
76.06
76.24
76.40
76.55
76.67
76.78
76.87
76.93
76.98
77.02
76.99
76.89
76.72
76.51
76.28
76.05
75.83
75.64
75.47
75.32
75.17
75.02
74.86
74.70
74.55
74.50
74.56
74.73
74.97
75.24
75.48
75.64
75.73
75.74
75.72
75.63
75.50
75.33
75.14
74.94
74.81
74.75
74.78
74.86
74.98
75.12
75.26
75.40
75.53
75.65
75.70
75.67
75.55
75.39
75.21
75.06
74.99
74.99
75.04
75.13
75.21
75.27
75.30
75.30
75.34
75.43
75.58
75.76
75.95
76.03
75.98
75.79
75.50
75.17
74.90
74.73
74.68
74.71
74.81
74.91
75.00
75.06
75.10
75.13
75.22
75.39
75.65
75.95
76.28
76.57
76.81
76.99
77.12
77.20
77.30
77.44
77.61
77.81
78.01
78.10
78.05
77.85
77.56
77.22
76.86
76.51
76.19
75.89
75.64
75.35
75.01
74.61
74.18
73.83
73.56
73.39
73.31
73.29
73.45
73.79
74.30
74.92
75.56
76.12
76.55
76.81
76.96
77.01
76.96
76.84
76.66
76.44
76.21
75.93
75.60
75.24
74.86
74.50
74.29
74.29
74.48
74.80
75.20
75.49
75.63
75.59
75.42
75.17
74.91
74.66
74.46
74.29
74.15
74.10
74.14
74.27
74.45
74.66
74.85
75.01
75.12
75.19
75.23
75.19
75.07
74.88
74.64
74.42
74.22
74.07
73.97
73.89
73.87
73.91
73.99
74.10
74.23
74.44
74.73
75.12
75.54
75.97
76.35
76.66
76.90
77.08
77.19
77.26
77.30
77.31
77.30
77.28
77.25
77.21
77.18
77.14
77.11
76.97
76.72
76.34
75.90
75.44
75.06
74.81
74.69
74.68
74.75
74.86
75.00
75.15
75.30
75.44
75.52
75.52
75.44
75.30
75.14
74.94
74.71
74.45
74.20
73.98
73.82
73.71
73.65
73.63
73.61
73.57
73.52
73.45
73.38
73.28
73.16
73.01
72.86
72.70
72.77
73.09
73.69
74.45
75.27
76.08
76.81
77.44
77.97
78.39
78.64
78.72
78.62
78.42
78.14
77.84
77.52
77.22
76.95
76.70
76.49
76.32
76.18
76.08
76.00
75.89
75.74
75.54
75.32
75.09
74.85
74.59
74.33
74.07
73.84
73.76
73.86
74.16
74.57
74.99
75.36
75.66
75.89
76.05
76.16
76.23
76.27
76.28
76.27
76.20
76.06
75.85
75.60
75.35
75.09
74.86
74.65
74.46
74.31
74.27
74.34
74.54
74.81
75.11
75.43
75.73
76.01
76.26
76.48
76.60
76.63
76.56
76.43
76.27
76.05
75.81
75.54
75.27
75.01
74.83
74.74
74.74
74.81
74.93
75.06
75.21
75.35
75.49
75.61
75.66
75.64
75.53
75.38
75.22
75.09
74.99
74.92
74.88
74.80
74.67
74.50
74.29
74.08
73.96
73.94
74.03
74.21
74.42
74.69
74.98
75.30
75.61
75.90
76.06
76.06
75.89
75.62
75.30
75.02
74.84
74.78
74.80
74.88
74.91
74.88
74.75
74.57
74.36
74.21
74.17
74.24
74.38
74.57
74.77
74.98
75.19
75.37
75.53
75.65
75.70
75.71
75.67
75.61
75.51
75.37
75.20
75.02
74.81
74.58
74.33
74.09
73.86
73.76
73.81
74.02
74.32
74.68
75.00
75.25
75.41
75.50
75.54
75.54
75.51
75.46
75.40
75.34
75.30
75.30
75.34
75.40
75.48
75.58
75.72
75.88
76.06
76.23
76.37
76.46
76.49
76.49
76.47
76.40
76.29
76.14
75.98
75.81
75.68
75.59
75.55
75.54
75.56
75.63
75.73
75.88
76.04
76.20
76.30
76.33
76.28
76.18
76.02
75.81
75.57
75.31
75.06
74.86
74.71
74.62
74.58
74.57
74.62
74.71
74.84
75.00
75.16
75.24
75.21
75.08
74.87
74.63
74.42
74.28
74.22
74.22
74.27
74.41
74.67
75.03
75.44
75.86
76.27
76.65
76.99
77.28
77.52
77.67
77.70
77.64
77.51
77.33
77.11
76.86
76.58
76.30
76.04
75.77
75.50
75.23
74.98
74.83
74.80
74.90
75.08
75.31
75.56
75.81
76.05
76.27
76.46
76.55
76.51
76.35
76.11
75.83
75.57
75.33
75.15
75.02
74.93
74.89
74.91
74.98
75.09
75.21
75.29
75.30
75.23
75.12
74.99
74.84
74.69
74.55
74.42
74.31
74.29
74.39
74.59
74.87
75.17
75.38
75.45
75.36
75.18
74.94
74.69
74.46
74.28
74.14
74.03
74.01
74.07
74.22
74.42
74.64
74.87
75.09
75.30
75.48
75.60
75.67
75.69
75.66
75.61
75.48
75.29
75.03
74.74
74.45
74.27
74.24
74.36
74.59
74.88
75.20
75.51
75.82
76.09
76.33
76.46
76.45
76.32
76.10
75.84
75.63
75.52
75.53
75.61
75.74
75.84
75.90
75.89
75.84
75.75
75.68
75.64
75.62
75.63
75.66
75.64
75.57
75.44
75.27
75.08
74.92
74.79
74.72
74.68
74.70
74.77
74.88
75.02
75.17
75.32
75.46
75.59
75.70
75.79
75.79
75.68
75.46
75.17
74.86
74.64
74.56
74.64
74.82
75.06
75.36
75.70
76.06
76.41
76.75
77.02
77.23
77.36
77.43
77.46
77.37
77.17
76.86
76.49
76.10
75.69
75.27
74.85
74.46
74.11
73.91
73.88
74.03
74.29
74.62
74.92
75.17
75.33
75.43
75.47
75.50
75.54
75.59
75.65
75.70
75.76
75.81
75.86
75.90
75.94
75.96
75.98
76.00
76.01
75.99
75.94
75.85
75.74
75.63
75.43
75.15
74.79
74.39
73.98
73.63
73.39
73.25
73.19
73.19
73.29
73.48
73.75
74.05
74.37
74.63
74.80
74.88
74.89
74.85
74.91
75.10
75.44
75.87
76.34
76.65
76.76
76.63
76.34
75.97
75.62
75.36
75.21
75.15
75.15
75.17
75.19
75.19
75.18
75.20
75.23
75.30
75.38
75.48
75.60
75.74
75.91
76.09
76.26
76.42
76.56
76.69
76.79
76.87
76.99
77.16
77.37
77.61
77.85
77.97
77.95
77.78
77.51
77.19
76.90
76.68
76.54
76.46
76.44
76.45
76.49
76.55
76.61
76.67
76.68
76.63
76.50
76.33
76.14
75.95
75.76
75.59
75.44
75.31
75.23
75.20
75.22
75.28
75.36
75.45
75.54
75.63
75.71
75.73
75.68
75.55
75.38
75.19
74.99
74.80
74.62
74.46
74.33
74.24
74.21
74.23
74.28
74.36
74.50
74.71
74.97
75.27
75.57
75.83
76.03
76.17
76.26
76.31
76.30
76.24
76.13
75.99
75.84
75.77
75.80
75.94
76.15
76.39
76.65
76.90
77.14
77.35
77.53
77.60
77.56
77.39
77.14
76.85
76.58
76.34
76.16
76.02
75.92
75.78
75.57
75.29
74.96
74.69
74.48
74.37
74.32
74.32
74.39
74.51
74.67
74.86
75.05
75.20
75.32
75.38
75.40
75.40
75.32
75.17
74.95
74.69
74.41
74.17
73.98
73.85
73.77
73.72
73.75
73.87
74.07
74.31
74.57
74.80
74.99
75.12
75.20
75.25
75.30
75.36
75.43
75.52
75.60
75.71
75.84
75.99
76.15
76.31
76.35
76.26
76.01
75.68
75.39
75.17
75.07
75.04
75.08
75.04
74.91
74.66
74.35
74.00
73.73
73.57
73.53
73.58
73.70
73.84
74.01
74.18
74.34
74.49
74.60
74.65
74.65
74.62
74.57
74.47
74.34
74.17
74.00
73.82
73.68
73.58
73.54
73.53
73.55
73.62
73.72
73.86
74.03
74.19
74.40
74.66
74.97
75.30
75.61
75.94
76.26
76.58
76.88
77.15
77.31
77.33
77.22
77.03
76.84
76.69
76.60
76.56
76.55
76.52
76.44
76.31
76.15
75.97
75.80
75.63
75.48
75.35
75.24
75.15
75.08
75.03
74.99
74.96
74.94
74.93
74.93
74.93
74.94
74.89
74.78
74.61
74.41
74.19
74.05
74.02
74.10
74.26
74.47
74.72
75.00
75.31
75.62
75.90
76.11
76.22
76.24
76.18
76.08
75.95
75.81
75.66
75.53
75.41
75.27
75.12
74.96
74.79
74.63
74.49
74.36
74.25
74.16
74.14
74.20
74.34
74.53
74.74
74.92
75.07
75.17
75.23
75.26
75.30
75.35
75.41
75.49
75.58
75.66
75.73
75.80
75.86
75.90
75.97
76.06
76.17
76.29
76.42
76.53
76.64
76.74
76.82
76.88
76.94
76.98
77.01
77.03
77.04
76.97
76.80
76.53
76.20
75.86
75.52
75.20
74.91
74.66
74.45
74.36
74.39
74.56
74.81
75.07
75.32
75.53
75.70
75.84
75.89
75.85
75.72
75.54
75.33
75.14
74.99
74.88
74.81
74.77
74.76
74.76
74.78
74.80
74.82
74.85
74.88
74.90
74.93
74.95
74.99
75.06
75.16
75.28
75.40
75.46
75.45
75.37
75.24
75.08
74.94
74.83
74.76
74.73
74.72
74.70
74.66
74.60
74.53
74.44
74.39
74.37
74.39
74.44
74.50
74.55
74.56
74.54
74.50
74.55
74.72
75.01
75.37
75.77
76.08
76.29
76.36
76.34
76.26
76.13
75.98
75.82
75.67
75.52
75.47
75.54
75.71
75.95
76.24
76.45
76.56
76.55
76.46
76.33
76.16
75.98
75.80
75.63
75.48
75.38
75.32
75.32
75.36
75.42
75.51
75.65
75.82
76.00
76.18
76.27
76.25
76.12
75.91
75.66
75.48
75.40
75.42
75.52
75.67
75.82
75.95
76.04
76.11
76.14
76.16
76.17
76.16
76.15
76.11
76.03
75.92
75.80
75.67
75.57
75.50
75.49
75.51
75.54
75.57
75.57
75.54
75.49
75.43
75.39
75.38
75.41
75.46
75.52
75.57
75.58
75.56
75.52
75.46
75.42
75.41
75.43
75.48
75.54
75.53
75.43
75.22
74.96
74.67
74.44
74.27
74.20
74.19
74.22
74.37
74.63
74.99
75.40
75.83
76.17
76.38
76.46
76.43
76.36
76.28
76.21
76.15
76.10
76.11
76.20
76.35
76.55
76.76
76.93
77.02
77.03
76.98
76.89
76.73
76.50
76.20
75.88
75.55
75.29
75.12
75.05
75.05
75.10
75.18
75.28
75.39
75.50
75.61
75.81
76.12
76.54
77.03
77.52
77.87
78.03
77.98
77.78
77.50
77.24
77.06
76.99
76.99
77.05
77.06
76.99
76.84
76.64
76.41
76.14
75.86
75.56
75.27
74.97
74.66
74.36
74.08
73.82
73.68
73.66
73.78
73.97
74.22
74.49
74.76
75.01
75.24
75.45
75.62
75.76
75.87
75.96
76.02
76.03
76.00
75.93
75.82
75.71
75.59
75.48
75.37
75.28
75.19
75.26
75.49
75.90
76.40
76.95
77.36
77.59
77.61
77.48
77.27
76.99
76.69
76.39
76.11
75.85
75.67
75.60
75.62
75.71
75.84
75.99
76.15
76.31
76.46
76.49
76.37
76.11
75.76
75.37
75.07
74.92
74.92
75.03
75.21
75.36
75.43
75.40
75.30
75.17
75.06
75.01
75.03
75.10
75.19
75.24
75.24
75.18
75.07
74.93
74.87
74.90
75.03
75.23
75.46
75.66
75.78
75.83
75.82
75.77
75.66
75.51
75.33
75.13
74.93
74.76
74.65
74.59
74.56
74.57
74.63
74.73
74.86
75.02
75.16
75.26
75.31
75.34
75.33
75.34
75.37
75.42
75.49
75.56
75.64
75.71
75.78
75.84
75.89
75.90
75.88
75.81
75.72
75.62
75.49
75.33
75.15
74.96
74.78
74.69
74.71
74.85
75.06
75.31
75.52
75.67
75.74
75.75
75.71
75.60
75.40
75.14
74.84
74.53
74.29
74.13
74.06
74.07
74.12
74.23
74.39
74.59
74.80
75.01
75.22
75.40
75.56
75.70
75.84
75.98
76.14
76.29
76.44
76.57
76.69
76.79
76.87
76.93
76.98
77.01
77.04
77.05
77.06
77.06
77.06
77.05
77.05
77.04
77.01
76.94
76.85
76.74
76.62
76.45
76.23
75.95
75.65
75.36
75.18
75.16
75.29
75.53
75.83
76.08
76.23
76.27
76.24
76.14
75.99
75.79
75.55
75.31
75.06
74.91
74.88
74.97
75.14
75.36
75.55
75.68
75.74
75.73
75.72
75.71
75.72
75.74
75.77
75.78
75.75
75.70
75.62
75.53
75.42
75.27
75.10
74.93
74.75
74.62
74.53
74.49
74.49
74.52
74.54
74.54
74.51
74.46
74.40
74.39
74.44
74.56
74.73
74.91
75.07
75.19
75.26
75.30
75.31
75.30
75.28
75.25
75.21
75.18
75.17
75.20
75.26
75.34
75.43
75.47
75.45
75.36
75.22
75.06
74.89
74.72
74.57
74.43
74.33
74.29
74.30
74.34
74.41
74.51
74.65
74.82
75.00
75.18
75.33
75.42
75.47
75.47
75.45
75.47
75.53
75.66
75.82
75.99
76.11
76.17
76.14
76.06
75.95
75.85
75.77
75.73
75.72
75.72
75.76
75.85
75.97
76.11
76.25
76.34
76.36
76.30
76.19
76.04
75.89
75.73
75.58
75.45
75.33
75.20
75.06
74.91
74.75
74.60
74.46
74.34
74.24
74.15
74.09
74.03
74.00
73.97
73.95
73.97
74.02
74.11
74.22
74.34
74.49
74.66
74.85
75.04
75.23
75.35
75.39
75.34
75.24
75.10
75.02
75.03
75.15
75.32
75.54
75.74
75.91
76.03
76.12
76.17
76.12
75.96
75.68
75.35
74.99
74.71
74.54
74.51
74.56
74.67
74.77
74.82
74.82
74.77
74.69
74.52
74.26
73.90
73.49
73.07
72.80
72.71
72.83
73.08
73.36
73.61
73.81
73.96
74.07
74.20
74.35
74.55
74.77
74.99
75.16
75.30
75.37
75.40
75.41
75.41
75.43
75.48
75.54
75.61
75.62
75.57
75.45
75.29
75.11
74.98
74.91
74.92
74.99
75.09
75.21
75.33
75.46
75.57
75.68
75.85
76.10
76.42
76.79
77.17
77.48
77.69
77.81
77.85
77.83
77.69
77.44
77.07
76.66
76.22
75.83
75.49
75.23
75.03
74.97
75.06
75.27
75.56
75.90
76.20
76.42
76.55
76.62
76.63
76.58
76.47
76.32
76.14
75.95
75.77
75.60
75.45
75.32
75.22
75.10
74.98
74.84
74.69
74.56
74.40
74.24
74.05
73.87
73.69
73.56
73.47
73.44
73.45
73.49
73.54
73.60
73.66
73.73
73.79
73.84
73.88
73.92
73.95
73.98
74.02
74.09
74.19
74.30
74.42
74.58
74.80
75.07
75.37
75.60
75.77
75.84
75.84
75.80
75.76
75.73
75.72
75.73
75.75
75.80
75.89
76.02
76.15
76.29
76.41
76.47
76.50
76.49
76.45
76.38
76.27
76.12
75.96
75.79
75.74
75.83
76.06
76.37
76.74
77.00
77.14
77.12
76.99
76.80
76.64
76.57
76.59
76.68
76.82
76.90
76.89
76.78
76.61
76.41
76.22
76.06
75.94
75.86
75.82
75.77
75.70
75.62
75.53
75.41
75.27
75.10
74.92
74.75
74.64
74.61
74.66
74.77
74.91
75.12
75.40
75.73
76.08
76.43
76.74
76.98
77.15
77.26
77.32
77.27
77.10
76.81
76.46
76.08
75.76
75.52
75.38
75.31
75.30
75.28
75.22
75.12
74.98
74.84
74.72
74.63
74.59
74.59
74.61
74.64
74.68
74.73
74.78
74.82
75.02
75.40
75.97
76.64
77.33
77.83
78.07
78.02
77.77
77.45
77.12
76.83
76.58
76.37
76.15
75.91
75.64
75.37
75.10
74.96
74.97
75.14
75.41
75.74
75.99
76.10
76.07
75.94
75.75
75.62
75.61
75.73
75.93
76.19
76.35
76.40
76.30
76.11
75.87
75.62
75.40
75.23
75.09
74.99
74.98
75.05
75.20
75.40
75.63
75.84
76.01
76.12
76.20
76.24
76.26
76.25
76.24
76.22
76.24
76.33
76.48
76.66
76.86
76.99
77.01
76.91
76.74
76.53
76.36
76.24
76.20
76.21
76.27
76.34
76.43
76.52
76.61
76.70
76.69
76.58
76.37
76.09
75.79
75.56
75.44
75.43
75.51
75.65
75.79
75.91
76.01
76.07
76.11
76.11
76.06
75.97
75.85
75.73
75.65
75.65
75.71
75.83
75.97
76.08
76.12
76.09
76.01
75.90
75.83
75.81
75.87
75.96
76.09
76.22
76.36
76.49
76.61
76.71
76.80
76.87
76.93
76.97
76.85
76.52
76.00
75.37
74.69
74.13
73.73
73.51
73.44
73.48
73.63
73.90
74.25
74.64
75.04
75.35
75.53
75.58
75.53
75.41
75.25
75.07
74.89
74.72
74.55
74.49
74.54
74.71
74.95
75.23
75.46
75.63
75.71
75.73
75.71
75.68
75.66
75.67
75.69
75.72
75.68
75.55
75.32
75.03
74.81
74.67
74.65
74.70
74.81
74.84
74.77
74.57
74.29
73.97
73.78
73.75
73.90
74.17
74.51
74.83
75.09
75.27
75.38
75.44
75.51
75.61
75.75
75.92
76.10
76.30
76.51
76.74
76.97
77.19
77.36
77.47
77.52
77.53
77.51
77.47
77.41
77.35
77.29
77.23
77.23
77.30
77.44
77.62
77.82
77.94
77.97
77.88
77.71
77.51
77.26
76.97
76.67
76.37
76.11
75.91
75.77
75.69
75.65
75.69
75.82
76.02
76.27
76.54
76.73
76.80
76.76
76.64
76.46
76.29
76.14
76.03
75.95
75.89
75.86
75.85
75.84
75.85
75.86
75.93
76.07
76.26
76.49
76.73
76.97
77.19
77.39
77.56
77.71
77.74
77.66
77.46
77.19
76.88
76.54
76.18
75.81
75.45
75.12
74.86
74.67
74.56
74.50
74.48
74.48
74.46
74.42
74.37
74.37
74.43
74.56
74.72
74.91
75.09
75.27
75.44
75.58
75.71
75.76
75.72
75.61
75.44
75.25
75.07
74.93
74.84
74.78
74.75
74.77
74.84
74.95
75.08
75.22
75.36
75.49
75.61
75.72
75.81
75.85
75.85
75.81
75.73
75.64
75.52
75.36
75.18
74.99
74.80
74.74
74.81
75.03
75.35
75.71
76.03
76.28
76.44
76.53
76.57
76.59
76.61
76.65
76.69
76.77
76.87
77.00
77.15
77.30
77.41
77.49
77.51
77.50
77.47
77.42
77.36
77.30
77.24
77.19
77.09
76.93
76.72
76.48
76.23
76.02
75.86
75.75
75.69
75.66
75.66
75.68
75.71
75.74
75.78
75.82
75.86
75.89
75.92
75.95
75.99
76.07
76.17
76.28
76.40
76.46
76.46
76.37
76.24
76.08
75.94
75.83
75.76
75.73
75.72
75.78
75.91
76.12
76.37
76.54
76.63
76.60
76.49
76.34
76.19
76.06
75.96
75.90
75.86
75.81
75.75
75.66
75.57
75.47
75.49
75.63
75.91
76.27
76.67
77.02
77.30
77.47
77.57
77.60
77.57
77.48
77.33
77.16
76.98
76.77
76.54
76.30
76.06
75.84
75.69
75.63
75.66
75.75
75.89
75.98
76.03
76.00
75.93
75.83
75.69
75.52
75.31
75.10
74.89
74.78
74.78
74.89
75.09
75.33
75.59
75.84
76.08
76.30
76.46
76.57
76.61
76.61
76.57
76.52
76.45
76.38
76.31
76.25
76.13
75.97
75.75
75.50
75.24
75.08
75.03
75.09
75.24
75.44
75.64
75.81
75.94
76.03
76.10
76.08
75.99
75.82
75.60
75.36
75.20
75.15
75.21
75.34
75.53
75.66
75.70
75.64
75.51
75.33
75.25
75.28
75.45
75.71
76.01
76.24
76.38
76.41
76.35
76.26
76.18
76.10
76.05
76.01
75.98
75.96
75.95
75.94
75.94
75.94
75.95
75.96
75.96
75.97
75.89
75.73
75.47
75.15
74.81
74.64
74.67
74.93
75.32
75.80
76.30
76.80
77.26
77.68
78.05
78.25
78.27
78.11
77.83
77.48
77.16
76.90
76.72
76.61
76.56
76.57
76.64
76.76
76.91
77.08
77.22
77.31
77.37
77.38
77.38
77.27
77.06
76.75
76.39
76.06
75.80
75.62
75.52
75.48
75.48
75.50
75.55
75.60
75.66
75.75
75.86
76.00
76.16
76.31
76.42
76.50
76.52
76.51
76.48
76.45
76.45
76.48
76.53
76.59
76.57
76.46
76.25
75.99
75.69
75.45
75.29
75.21
75.19
75.23
75.29
75.38
75.47
75.56
75.65
75.70
75.72
75.69
75.63
75.56
75.48
75.39
75.31
75.24
75.18
75.10
75.00
74.87
74.74
74.68
74.73
74.88
75.11
75.36
75.52
75.55
75.44
75.23
74.96
74.75
74.63
74.62
74.68
74.80
74.94
75.10
75.26
75.41
75.55
75.64
75.69
75.68
75.64
75.58
75.45
75.26
75.00
74.71
74.42
74.19
74.05
74.00
74.02
74.08
74.23
74.46
74.75
75.08
75.41
75.70
75.93
76.10
76.21
76.28
76.36
76.48
76.65
76.84
77.03
77.09
76.97
76.68
76.28
75.88
75.52
75.24
75.04
74.89
74.76
74.65
74.54
74.43
74.33
74.24
74.17
74.11
74.06
74.02
74.07
74.23
74.48
74.80
75.13
75.50
75.87
76.25
76.61
76.93
77.24
77.54
77.83
78.09
78.33
78.45
78.44
78.30
78.09
77.82
77.57
77.34
77.17
77.04
76.94
76.85
76.76
76.65
76.54
76.44
76.36
76.34
76.35
76.40
76.46
76.43
76.27
75.99
75.63
75.27
74.93
74.65
74.41
74.23
74.14
74.15
74.25
74.42
74.62
74.86
75.13
75.42
75.71
75.98
76.14
76.18
76.10
75.92
75.70
75.53
75.45
75.48
75.58
75.72
75.76
75.65
75.38
75.01
74.59
74.26
74.07
74.04
74.13
74.29
74.49
74.71
74.94
75.15
75.35
75.52
75.67
75.79
75.88
75.96
76.06
76.21
76.42
76.64
76.87
77.04
77.13
77.13
77.07
76.95
76.77
76.55
76.31
76.08
75.83
75.57
75.30
75.05
74.81
74.63
74.51
74.45
74.44
74.46
74.50
74.56
74.63
74.69
74.75
74.70
74.52
74.21
73.82
73.39
73.10
72.98
73.06
73.28
73.57
73.91
74.25
74.59
74.90
75.18
75.42
75.62
75.77
75.90
75.99
76.08
76.18
76.30
76.41
76.53
76.58
76.56
76.46
76.31
76.14
75.98
75.86
75.78
75.74
75.81
75.98
76.26
76.61
76.98
77.32
77.61
77.83
78.00
78.11
78.13
78.06
77.90
77.69
77.45
77.20
76.96
76.75
76.56
76.39
76.31
76.31
76.41
76.56
76.74
76.83
76.79
76.62
76.36
76.05
75.75
75.48
75.27
75.11
74.99
74.91
74.86
74.83
74.81
74.82
74.93
75.18
75.56
76.01
76.48
76.87
77.13
77.26
77.28
77.22
77.15
77.07
77.02
76.98
76.90
76.76
76.58
76.36
76.14
75.90
75.64
75.37
75.11
74.86
74.75
74.80
75.00
75.30
75.66
75.98
76.23
76.40
76.49
76.53
76.58
76.67
76.80
76.96
77.12
77.18
77.10
76.88
76.57
76.22
75.88
75.58
75.34
75.15
75.02
74.89
74.77
74.64
74.52
74.41
74.38
74.47
74.66
74.92
75.22
75.52
75.81
76.08
76.31
76.52
76.55
76.40
76.06
75.60
75.22
74.98
74.93
75.00
75.15
75.36
75.59
75.83
76.06
76.27
76.41
76.45
76.41
76.30
76.15
76.02
75.91
75.84
75.79
75.78
75.75
75.70
75.63
75.55
75.46
75.40
75.38
75.40
75.44
75.50
75.54
75.56
75.54
75.50
75.44
75.43
75.48
75.60
75.75
75.93
76.00
75.95
75.75
75.47
75.14
74.92
74.87
75.00
75.25
75.58
75.80
75.87
75.77
75.55
75.34
75.19
75.13
75.13
75.18
75.28
75.43
75.62
75.83
76.04
76.26
76.50
76.74
76.98
77.20
77.35
77.41
77.37
77.27
77.13
77.03
76.98
77.01
77.07
77.17
77.26
77.32
77.34
77.34
77.32
77.24
77.09
76.87
76.62
76.35
76.07
75.77
75.47
75.18
74.91
74.73
74.64
74.66
74.74
74.86
74.95
75.00
74.97
74.90
74.81
74.75
74.75
74.82
74.93
75.03
75.12
75.18
75.20
75.21
75.24
75.28
75.35
75.43
75.52
75.58
75.60
75.59
75.55
75.49
75.37
75.18
74.94
74.66
74.38
74.19
74.11
74.16
74.29
74.47
74.66
74.82
74.94
75.03
75.09
75.15
75.23
75.33
75.43
75.53
75.65
75.80
75.97
76.14
76.30
76.43
76.51
76.54
76.53
76.50
76.44
76.39
76.32
76.26
76.21
76.15
76.11
76.07
76.04
76.05
76.09
76.17
76.26
76.37
76.51
76.67
76.85
77.04
77.23
77.37
77.47
77.51
77.51
77.48
77.36
77.13
76.81
76.43
76.03
75.73
75.54
75.49
75.53
75.64
75.68
75.62
75.44
75.18
74.89
74.74
74.78
75.03
75.43
75.89
76.30
76.62
76.80
76.89
76.90
76.73
76.37
75.83
75.20
74.53
74.03
73.76
73.74
73.90
74.18
74.56
74.99
75.45
75.91
76.24
76.41
76.39
76.25
76.04
75.86
75.75
75.74
75.81
75.91
76.10
76.36
76.68
77.03
77.38
77.61
77.68
77.59
77.38
77.11
76.84
76.59
76.38
76.21
76.09
75.99
75.93
75.89
75.86
75.85
75.88
75.95
76.05
76.17
76.30
76.43
76.55
76.66
76.75
76.83
76.92
77.03
77.16
77.29
77.43
77.52
77.58
77.58
77.55
77.51
77.39
77.21
76.97
76.69
76.51
76.47
76.57
76.77
77.03
77.24
77.36
77.37
77.31
77.19
77.02
76.80
76.56
76.30
76.05
75.79
75.53
75.27
75.01
74.78
74.52
74.23
73.91
73.58
73.27
73.11
73.15
73.38
73.73
74.15
74.60
75.04
75.46
75.83
76.16
76.45
76.73
77.00
77.23
77.44
77.51
77.42
77.18
76.84
76.45
76.13
75.90
75.81
75.80
75.87
75.97
76.10
76.23
76.37
76.50
76.62
76.72
76.81
76.88
76.91
76.90
76.84
76.75
76.65
76.44
76.11
75.66
75.14
74.62
74.24
74.06
74.09
74.26
74.53
74.80
75.03
75.18
75.28
75.34
75.36
75.35
75.33
75.30
75.26
75.24
75.26
75.31
75.38
75.47
75.56
75.64
75.72
75.79
75.85
75.98
76.19
76.49
76.84
77.19
77.49
77.69
77.80
77.83
77.81
77.65
77.33
76.89
76.36
75.90
75.54
75.31
75.18
75.14
75.10
75.05
74.95
74.83
74.70
74.66
74.71
74.87
75.09
75.35
75.60
75.80
75.96
76.07
76.14
76.13
76.04
75.86
75.64
75.40
75.21
75.09
75.05
75.08
75.15
75.27
75.43
75.63
75.84
76.05
76.22
76.34
76.41
76.44
76.43
76.38
76.28
76.14
75.98
75.82
75.72
75.69
75.73
75.84
75.97
76.14
76.35
76.59
76.83
77.06
77.27
77.46
77.62
77.75
77.70
77.43
76.96
76.36
75.71
75.22
74.94
74.91
75.05
75.31
75.50
75.57
75.48
75.28
75.02
74.79
74.61
74.50
74.45
74.45
74.50
74.61
74.75
74.92
75.10
75.19
75.18
75.05
74.86
74.62
74.47
74.45
74.57
74.79
75.06
75.30
75.47
75.57
75.61
75.61
75.62
75.68
75.80
75.94
76.09
76.20
76.24
76.19
76.10
76.03
76.01
76.04
76.12
76.22
76.25
76.19
76.04
75.82
75.57
75.36
75.22
75.17
75.17
75.22
75.35
75.56
75.83
76.14
76.46
76.68
76.79
76.77
76.66
76.49
76.30
76.09
75.89
75.70
75.53
75.38
75.26
75.16
75.08
75.02
74.92
74.78
74.58
74.36
74.13
74.07
74.21
74.57
75.05
75.61
76.12
76.55
76.88
77.12
77.28
77.32
77.25
77.09
76.86
76.62
76.41
76.25
76.11
76.02
75.95
75.90
75.87
75.86
75.86
75.95
76.13
76.41
76.75
77.10
77.35
77.45
77.39
77.22
76.98
76.73
76.51
76.32
76.18
76.06
75.98
75.93
75.89
75.87
75.86
75.76
75.54
75.20
74.78
74.35
74.05
73.93
74.01
74.23
74.53
74.76
74.89
74.87
74.76
74.59
74.52
74.59
74.82
75.15
75.54
75.88
76.16
76.35
76.46
76.56
76.69
76.85
77.02
77.19
77.30
77.34
77.29
77.19
77.05
76.88
76.66
76.43
76.19
75.95
75.71
75.46
75.21
74.97
74.75
74.61
74.56
74.60
74.70
74.84
75.03
75.26
75.51
75.76
76.01
76.20
76.35
76.43
76.46
76.46
76.43
76.39
76.34
76.29
76.24
76.16
76.06
75.93
75.79
75.65
75.54
75.48
75.46
75.48
75.52
75.60
75.72
75.87
76.04
76.20
76.36
76.51
76.64
76.75
76.84
76.91
76.97
77.01
77.03
77.03
76.98
76.89
76.78
76.67
76.50
76.27
75.99
75.69
75.38
75.18
75.09
75.13
75.26
75.44
75.66
75.88
76.09
76.29
76.47
76.54
76.49
76.33
76.09
75.81
75.52
75.23
74.96
74.73
74.52
74.37
74.29
74.27
74.30
74.35
74.48
74.68
74.94
75.23
75.53
75.80
76.00
76.15
76.24
76.30
76.32
76.32
76.30
76.27
76.18
76.03
75.81
75.57
75.31
75.09
74.91
74.79
74.72
74.69
74.65
74.61
74.54
74.47
74.39
74.32
74.25
74.18
74.13
74.09
74.11
74.19
74.35
74.55
74.76
74.98
75.19
75.38
75.54
75.68
75.83
75.97
76.13
76.29
76.44
76.55
76.61
76.62
76.59
76.54
76.45
76.32
76.16
75.99
75.81
75.67
75.58
75.54
75.53
75.63
75.84
76.16
76.53
76.93
77.31
77.68
78.00
78.28
78.51
78.60
78.52
78.27
77.93
77.53
77.11
76.71
76.34
76.00
75.71
75.45
75.20
74.96
74.74
74.55
74.46
74.50
74.66
74.89
75.17
75.41
75.58
75.67
75.70
75.68
75.61
75.48
75.31
75.13
74.93
74.83
74.83
74.95
75.14
75.38
75.60
75.79
75.94
76.04
76.11
76.13
76.10
76.01
75.90
75.83
75.81
75.86
75.96
76.09
76.14
76.11
75.97
75.77
75.53
75.31
75.13
74.99
74.90
74.83
74.85
74.96
75.14
75.36
75.61
75.80
75.92
75.96
75.93
75.86
75.82
75.83
75.90
76.00
76.13
76.24
76.32
76.35
76.36
76.35
76.37
76.45
76.59
76.76
76.95
77.03
76.97
76.78
76.49
76.16
75.84
75.55
75.32
75.15
75.01
74.89
74.78
74.65
74.53
74.42
74.31
74.22
74.15
74.09
74.10
74.18
74.33
74.53
74.74
74.96
75.17
75.36
75.53
75.67
75.76
75.80
75.78
75.73
75.65
75.62
75.64
75.73
75.86
76.01
76.12
76.16
76.12
76.04
75.93
75.83
75.75
75.71
75.70
75.70
75.67
75.59
75.44
75.26
75.07
74.93
74.87
74.88
74.95
75.05
75.15
75.22
75.26
75.28
75.27
75.25
75.23
75.20
75.16
75.16
75.19
75.25
75.34
75.43
75.53
75.62
75.71
75.78
75.85
75.85
75.77
75.63
75.44
75.23
75.07
74.98
74.98
75.02
75.11
75.17
75.17
75.11
75.01
74.88
74.77
74.70
74.66
74.65
74.66
74.72
74.81
74.94
75.09
75.24
75.44
75.69
75.99
76.31
76.62
76.80
76.84
76.71
76.48
76.18
75.88
75.61
75.39
75.22
75.08
75.04
75.08
75.22
75.41
75.60
75.77
75.90
76.00
76.06
76.16
76.30
76.49
76.70
76.92
77.08
77.16
77.15
77.09
76.98
76.88
76.81
76.76
76.75
76.75
76.73
76.70
76.64
76.56
76.48
76.42
76.40
76.41
76.46
76.51
76.58
76.65
76.72
76.78
76.84
76.80
76.67
76.44
76.14
75.82
75.52
75.27
75.09
74.95
74.86
74.80
74.77
74.76
74.77
74.78
74.81
74.83
74.86
74.89
74.91
74.94
74.95
74.97
74.98
74.99
75.00
75.00
75.01
75.01
75.04
75.09
75.18
75.29
75.40
75.46
75.45
75.36
75.23
75.07
74.96
74.90
74.93
75.00
75.10
75.25
75.44
75.65
75.87
76.08
76.23
76.29
76.27
76.18
76.06
75.92
75.77
75.62
75.49
75.37
75.24
75.09
74.93
74.77
74.62
74.53
74.52
74.59
74.72
74.87
75.10
75.38
75.72
76.08
76.44
76.77
77.07
77.33
77.54
77.64
77.61
77.44
77.20
76.91
76.61
76.31
76.03
75.78
75.56
75.40
75.31
75.29
75.31
75.36
75.48
75.67
75.93
76.23
76.53
76.79
77.00
77.14
77.24
77.29
77.37
77.48
77.64
77.83
78.02
78.18
78.30
78.36
78.39
78.39
78.26
77.99
77.59
77.12
76.63
76.22
75.93
75.79
75.75
75.80
75.86
75.93
75.98
76.02
76.02
75.97
75.89
75.79
75.67
75.61
75.61
75.69
75.81
75.96
76.04
76.03
75.91
75.73
75.51
75.38
75.37
75.51
75.74
76.02
76.27
76.46
76.57
76.61
76.61
76.68
76.86
77.15
77.50
77.89
78.19
78.38
78.43
78.40
78.30
78.08
77.75
77.31
76.83
76.35
75.96
75.70
75.59
75.59
75.66
75.76
75.85
75.93
75.98
76.02
76.02
75.98
75.90
75.79
75.76
75.81
75.97
76.19
76.43
76.64
76.78
76.83
76.82
76.77
76.62
76.36
75.99
75.58
75.15
74.79
74.52
74.36
74.28
74.26
74.31
74.43
74.59
74.78
74.98
75.18
75.36
75.52
75.65
75.77
75.84
75.85
75.82
75.75
75.66
75.62
75.63
75.72
75.85
76.00
76.05
75.98
75.77
75.47
75.13
74.89
74.78
74.82
74.96
75.17
75.36
75.51
75.58
75.60
75.63
75.70
75.82
75.97
76.13
76.23
76.26
76.22
76.12
76.00
75.88
75.79
75.74
75.72
75.72
75.76
75.84
75.96
76.10
76.25
76.36
76.44
76.47
76.46
76.43
76.44
76.51
76.63
76.79
76.97
77.07
77.07
76.96
76.77
76.55
76.29
75.99
75.68
75.37
75.08
74.84
74.68
74.57
74.53
74.52
74.62
74.83
75.15
75.52
75.92
76.25
76.50
76.65
76.71
76.70
76.61
76.46
76.28
76.08
75.91
75.79
75.71
75.67
75.66
75.70
75.78
75.91
76.05
76.20
76.30
76.32
76.27
76.16
76.03
75.96
75.98
76.10
76.29
76.51
76.67
76.73
76.68
76.55
76.38
76.19
75.99
75.80
75.62
75.46
75.41
75.47
75.64
75.89
76.18
76.43
76.60
76.70
76.72
76.70
76.65
76.58
76.50
76.42
76.34
76.23
76.11
75.96
75.81
75.77
75.86
76.09
76.40
76.76
77.08
77.33
77.48
77.57
77.59
77.55
77.46
77.31
77.14
76.96
76.83
76.78
76.81
76.89
77.01
77.07
77.03
76.90
76.71
76.48
76.30
76.18
76.14
76.16
76.22
76.25
76.23
76.15
76.03
75.89
75.72
75.52
75.30
75.08
74.87
74.72
74.66
74.69
74.78
74.91
75.09
75.30
75.54
75.78
76.02
76.24
76.43
76.60
76.74
76.79
76.77
76.65
76.48
76.28
76.08
75.88
75.69
75.52
75.37
75.22
75.07
74.90
74.73
74.58
74.49
74.49
74.56
74.69
74.85
75.00
75.12
75.19
75.24
75.25
75.31
75.41
75.56
75.75
75.94
76.17
76.41
76.66
76.91
77.14
77.32
77.45
77.51
77.53
77.51
77.50
77.50
77.53
77.58
77.63
77.67
77.67
77.63
77.57
77.50
77.37
77.18
76.93
76.65
76.37
76.09
75.85
75.63
75.44
75.34
75.33
75.41
75.55
75.73
75.95
76.20
76.47
76.74
77.00
77.18
77.27
77.27
77.20
77.08
76.97
76.88
76.83
76.80
76.78
76.71
76.55
76.30
76.01
75.69
75.46
75.34
75.35
75.44
75.59
75.79
76.04
76.32
76.61
76.88
77.11
77.27
77.37
77.42
77.44
77.42
77.39
77.35
77.30
77.25
77.17
77.07
76.94
76.80
76.66
76.53
76.40
76.30
76.21
76.16
76.16
76.20
76.27
76.36
76.43
76.47
76.48
76.45
76.41
76.31
76.14
75.90
75.64
75.37
75.18
75.11
75.16
75.29
75.48
75.72
75.99
76.29
76.59
76.88
77.06
77.12
77.04
76.88
76.67
76.40
76.10
75.78
75.46
75.15
75.01
75.06
75.30
75.67
76.11
76.49
76.77
76.92
76.98
76.97
76.91
76.82
76.72
76.60
76.46
76.30
76.12
75.93
75.75
75.50
75.18
74.79
74.36
73.94
73.59
73.34
73.20
73.15
73.15
73.20
73.28
73.38
73.47
73.57
73.72
73.91
74.16
74.43
74.71
74.89
74.96
74.90
74.76
74.56
74.42
74.37
74.42
74.54
74.70
74.94
75.24
75.60
75.98
76.35
76.65
76.85
76.95
76.96
76.92
76.84
76.74
76.64
76.52
76.42
76.32
76.24
76.17
76.11
76.01
75.85
75.65
75.42
75.18
75.03
74.99
75.07
75.23
75.43
75.64
75.81
75.94
76.04
76.10
76.06
75.91
75.65
75.32
74.97
74.70
74.54
74.50
74.56
74.68
74.83
75.00
75.17
75.33
75.49
75.57
75.56
75.48
75.34
75.17
75.02
74.90
74.82
74.77
74.75
74.75
74.76
74.78
74.81
74.84
74.87
74.90
74.92
74.94
74.96
74.89
74.73
74.48
74.16
73.99
74.00
74.22
74.58
75.01
75.45
75.85
76.19
76.48
76.70
76.83
76.84
76.75
76.60
76.40
76.22
76.06
75.95
75.88
75.83
75.75
75.63
75.46
75.26
75.06
74.91
74.84
74.85
74.92
75.02
75.12
75.20
75.24
75.26
75.26
75.32
75.47
75.71
76.00
76.31
76.54
76.66
76.65
76.56
76.41
76.20
75.95
75.68
75.39
75.12
74.95
74.89
74.97
75.13
75.32
75.50
75.65
75.78
75.88
75.96
76.01
76.05
76.08
76.09
76.15
76.26
76.43
76.64
76.85
77.04
77.18
77.27
77.32
77.34
77.22
76.97
76.58
76.12
75.63
75.25
75.02
74.97
75.04
75.20
75.35
75.46
75.52
75.53
75.51
75.55
75.67
75.87
76.13
76.41
76.62
76.71
76.69
76.58
76.42
76.23
76.03
75.84
75.66
75.50
75.36
75.24
75.15
75.07
75.04
75.06
75.12
75.21
75.32
75.43
75.54
75.64
75.73
75.80
75.84
75.84
75.79
75.71
75.62
75.50
75.34
75.16
74.98
74.79
74.65
74.55
74.51
74.50
74.53
74.70
75.04
75.55
76.14
76.76
77.18
77.34
77.23
76.92
76.49
76.09
75.76
75.54
75.42
75.36
75.32
75.30
75.26
75.22
75.18
75.20
75.28
75.43
75.62
75.82
76.00
76.14
76.23
76.28
76.30
76.33
76.37
76.43
76.50
76.53
76.49
76.39
76.24
76.07
75.94
75.89
75.91
75.98
76.09
76.18
76.25
76.29
76.30
76.29
76.27
76.24
76.20
76.17
76.14
76.08
76.00
75.88
75.76
75.63
75.53
75.47
75.46
75.48
75.53
75.58
75.64
75.70
75.76
75.82
75.81
75.74
75.59
75.41
75.20
74.99
74.79
74.61
74.45
74.31
74.18
74.03
73.87
73.71
73.56
73.48
73.48
73.56
73.69
73.88
74.12
74.38
74.65
74.91
75.16
75.37
75.55
75.71
75.83
75.92
76.00
76.05
76.08
76.10
76.08
76.02
75.93
75.81
75.69
75.59
75.53
75.51
75.53
75.56
75.61
75.66
75.72
75.78
75.83
75.90
75.99
76.11
76.24
76.38
76.37
76.20
75.85
75.41
74.91
74.57
74.43
74.53
74.78
75.13
75.50
75.85
76.16
76.42
76.64
76.83
77.02
77.20
77.37
77.47
77.49
77.42
77.30
77.15
77.06
77.06
77.16
77.33
77.54
77.74
77.90
78.03
78.11
78.16
78.14
78.03
77.85
77.62
77.38
77.19
77.07
77.03
77.06
77.13
77.18
77.17
77.10
77.00
76.87
76.68
76.43
76.13
75.80
75.47
75.27
75.23
75.34
75.56
75.85
76.14
76.40
76.62
76.79
76.92
77.02
77.08
77.12
77.15
77.16
77.10
76.98
76.78
76.55
76.28
75.98
75.67
75.36
75.07
74.83
74.67
74.57
74.52
74.51
74.56
74.66
74.80
74.96
75.13
75.32
75.53
75.76
75.98
76.19
76.31
76.30
76.17
75.97
75.72
75.53
75.44
75.46
75.56
75.70
75.82
75.88
75.88
75.83
75.75
75.74
75.81
75.98
76.20
76.45
76.66
76.80
76.85
76.84
76.79
76.74
76.70
76.70
76.71
76.73
76.63
76.37
75.96
75.46
75.03
74.73
74.59
74.56
74.62
74.66
74.63
74.53
74.37
74.19
74.08
74.07
74.16
74.32
74.53
74.83
75.22
75.70
76.21
76.72
77.09
77.29
77.31
77.20
77.01
76.82
76.67
76.58
76.54
76.54
76.61
76.77
76.99
77.26
77.54
77.76
77.90
77.95
77.94
77.88
77.71
77.43
77.05
76.62
76.18
75.79
75.45
75.19
75.00
74.87
74.78
74.73
74.71
74.71
74.81
75.01
75.31
75.66
76.03
76.32
76.49
76.53
76.47
76.36
76.20
76.03
75.86
75.69
75.53
75.45
75.45
75.53
75.66
75.83
76.01
76.19
76.36
76.51
76.64
76.70
76.68
76.57
76.41
76.23
76.06
75.92
75.83
75.78
75.75
75.83
76.01
76.30
76.64
77.01
77.27
77.38
77.33
77.17
76.95
76.66
76.33
75.97
75.61
75.28
75.05
74.96
75.01
75.14
75.29
75.40
75.45
75.47
75.45
75.50
75.63
75.84
76.11
76.39
76.63
76.79
76.85
76.86
76.81
76.76
76.73
76.72
76.73
76.75
76.75
76.72
76.67
76.59
76.51
76.39
76.25
76.09
75.91
75.74
75.64
75.61
75.66
75.77
75.92
76.02
76.07
76.04
75.97
75.86
75.75
75.62
75.50
75.39
75.29
75.26
75.31
75.43
75.60
75.79
75.99
76.19
76.37
76.52
76.77
77.11
77.56
78.06
78.57
78.92
79.07
79.02
78.82
78.53
78.19
77.84
77.49
77.17
76.88
76.60
76.34
76.08
75.84
75.63
75.53
75.55
75.69
75.92
76.19
76.47
76.75
77.02
77.26
77.46
77.64
77.78
77.89
77.97
78.03
78.04
78.01
77.93
77.83
77.71
77.54
77.31
77.02
76.72
76.41
76.14
75.94
75.80
75.71
75.66
75.65
75.66
75.68
75.72
75.75
75.80
75.83
75.87
75.90
75.93
75.95
75.97
75.99
76.00
75.98
75.93
75.84
75.74
75.62
75.54
75.49
75.48
75.50
75.55
75.60
75.66
75.72
75.78
75.83
75.85
75.83
75.77
75.69
75.60
75.50
75.40
75.31
75.24
75.17
75.11
75.07
75.03
75.00
74.99
75.03
75.13
75.31
75.52
75.75
75.98
76.19
76.38
76.55
76.69
76.76
76.73
76.62
76.46
76.32
76.23
76.21
76.24
76.30
76.33
76.30
76.21
76.09
75.94
75.84
75.81
75.85
75.93
76.05
76.06
75.91
75.59
75.18
74.72
74.28
73.89
73.57
73.31
73.12
73.06
73.13
73.33
73.62
73.95
74.26
74.53
74.75
74.91
75.03
75.19
75.42
75.71
76.04
76.38
76.59
76.66
76.56
76.36
76.09
75.81
75.57
75.36
75.20
75.07
74.93
74.75
74.53
74.30
74.17
74.18
74.34
74.59
74.89
75.19
75.46
75.68
75.85
75.97
75.98
75.87
75.64
75.33
75.00
74.79
74.74
74.89
75.16
75.50
75.76
75.91
75.91
75.80
75.64
75.48
75.38
75.34
75.34
75.38
75.39
75.35
75.25
75.11
74.95
74.85
74.81
74.84
74.93
75.05
75.26
75.57
75.97
76.41
76.86
77.18
77.35
77.33
77.20
76.99
76.82
76.72
76.72
76.78
76.92
77.12
77.36
77.61
77.86
77.99
77.98
77.81
77.54
77.22
76.92
76.70
76.55
76.48
76.45
76.46
76.50
76.55
76.61
76.68
76.63
76.46
76.15
75.77
75.35
74.94
74.54
74.18
73.87
73.60
73.46
73.46
73.59
73.81
74.09
74.35
74.59
74.78
74.92
75.02
75.12
75.22
75.34
75.45
75.56
75.69
75.84
76.00
76.17
76.33
76.37
76.28
76.03
75.70
75.43
75.27
75.25
75.33
75.48
75.63
75.78
75.89
75.97
76.03
76.05
76.01
75.94
75.83
75.72
75.59
75.48
75.37
75.28
75.20
75.18
75.24
75.38
75.56
75.77
75.87
75.84
75.67
75.41
75.09
74.90
74.86
75.00
75.26
75.58
75.86
76.05
76.13
76.12
76.06
75.98
75.92
75.88
75.85
75.85
75.88
75.94
76.05
76.17
76.30
76.38
76.38
76.31
76.19
76.05
75.89
75.73
75.58
75.44
75.38
75.39
75.49
75.63
75.81
76.03
76.27
76.53
76.79
77.04
77.21
77.30
77.28
77.21
77.09
76.92
76.71
76.48
76.23
76.00
75.83
75.75
75.76
75.83
75.95
76.00
75.97
75.85
75.66
75.44
75.29
75.24
75.29
75.42
75.60
75.77
75.92
76.02
76.10
76.14
76.19
76.26
76.35
76.44
76.54
76.66
76.80
76.96
77.13
77.30
77.42
77.50
77.53
77.52
77.44
77.27
77.04
76.76
76.47
76.19
75.93
75.70
75.50
75.34
75.23
75.18
75.19
75.24
75.32
75.43
75.58
75.77
75.96
76.15
76.30
76.41
76.46
76.47
76.45
76.44
76.45
76.49
76.54
76.60
76.61
76.56
76.44
76.28
76.10
76.02
76.07
76.26
76.54
76.87
77.14
77.30
77.34
77.30
77.21
76.99
76.67
76.25
75.78
75.30
74.92
74.68
74.57
74.58
74.68
74.87
75.11
75.38
75.66
75.98
76.34
76.73
77.13
77.51
77.77
77.90
77.89
77.78
77.61
77.43
77.27
77.14
77.05
76.98
76.87
76.73
76.53
76.32
76.09
75.96
75.93
76.03
76.20
76.41
76.57
76.63
76.59
76.48
76.32
76.14
75.95
75.77
75.60
75.45
75.37
75.38
75.47
75.62
75.79
75.93
76.00
76.00
75.94
75.85
75.69
75.46
75.17
74.85
74.60
74.47
74.45
74.53
74.66
74.79
74.91
75.00
75.06
75.10
75.10
75.05
74.96
74.85
74.72
74.62
74.56
74.54
74.55
74.58
74.65
74.76
74.90
75.06
75.22
75.40
75.60
75.82
76.03
76.23
76.36
76.40
76.36
76.26
76.12
75.93
75.71
75.47
75.22
74.98
74.76
74.56
74.39
74.26
74.15
74.14
74.25
74.47
74.77
75.09
75.44
75.82
76.20
76.56
76.81
76.93
76.91
76.79
76.61
76.40
76.18
75.96
75.76
75.57
75.44
75.36
75.34
75.37
75.41
75.53
75.72
75.98
76.26
76.55
76.76
76.85
76.81
76.69
76.51
76.36
76.26
76.23
76.25
76.31
76.33
76.30
76.21
76.08
75.93
75.81
75.72
75.67
75.65
75.66
75.68
75.71
75.75
75.79
75.83
75.90
75.99
76.10
76.23
76.37
76.44
76.44
76.36
76.24
76.03
75.75
75.40
75.03
74.67
74.35
74.09
73.91
73.78
73.71
73.75
73.91
74.19
74.54
74.91
75.23
75.47
75.61
75.68
75.69
75.74
75.86
76.05
76.29
76.56
76.68
76.64
76.42
76.08
75.67
75.30
75.00
74.79
74.65
74.57
74.54
74.54
74.57
74.61
74.66
74.71
74.77
74.82
74.86
74.90
74.93
74.96
74.98
74.99
75.01
75.07
75.19
75.37
75.58
75.81
76.03
76.24
76.42
76.58
76.61
76.49
76.22
75.86
75.45
75.14
74.97
74.96
75.06
75.24
75.37
75.44
75.40
75.30
75.17
75.03
74.92
74.85
74.81
74.79
74.76
74.71
74.64
74.56
74.47
74.46
74.55
74.75
75.00
75.29
75.55
75.78
75.95
76.07
76.15
76.22
76.31
76.40
76.50
76.59
76.68
76.76
76.83
76.89
76.93
76.86
76.66
76.32
75.91
75.51
75.19
74.95
74.78
74.68
74.73
74.94
75.30
75.76
76.25
76.58
76.70
76.59
76.31