161.17
161.08
161.03
161.04
161.10
161.19
161.29
161.32
161.26
161.10
160.87
160.61
160.42
160.34
160.36
160.47
160.63
160.76
160.83
160.84
160.81
160.74
160.73
160.80
160.97
161.20
161.46
161.75
162.05
162.38
162.69
162.98
163.26
163.54
163.81
164.07
164.29
164.44
164.49
164.45
164.34
164.14
163.86
163.51
163.13
162.75
162.39
162.06
161.78
161.54
161.34
161.21
161.15
161.15
161.19
161.27
161.44
161.71
162.08
162.49
162.91
163.32
163.70
164.03
164.32
164.55
164.63
164.55
164.30
163.95
163.55
163.10
162.64
162.17
161.73
161.33
161.11
161.09
161.29
161.63
162.05
162.44
162.78
163.03
163.20
163.31
163.34
163.30
163.21
163.08
162.93
162.78
162.63
162.49
162.37
162.21
162.00
161.75
161.49
161.22
161.02
160.91
160.88
160.93
161.02
161.21
161.51
161.91
162.35
162.80
163.24
163.63
163.99
164.29
164.54
164.68
164.72
164.66
164.52
164.35
164.18
164.04
163.94
163.87
163.83
163.73
163.56
163.30
162.99
162.67
162.46
162.40
162.50
162.70
162.96
163.23
163.47
163.67
163.82
163.94
164.08
164.26
164.47
164.70
164.86
164.90
164.83
164.69
164.50
164.25
163.98
163.68
163.38
163.10
162.92
162.86
162.94
163.11
163.32
163.54
163.72
163.87
163.98
164.06
164.00
163.80
163.46
163.04
162.58
162.20
161.93
161.80
161.78
161.83
161.90
161.96
162.01
162.05
162.07
162.08
162.08
162.08
162.07
162.07
162.14
162.30
162.56
162.87
163.20
163.50
163.76
163.95
164.08
164.09
163.97
163.73
163.42
163.07
162.71
162.37
162.06
161.78
161.55
161.38
161.28
161.25
161.27
161.32
161.42
161.56
161.74
161.93
162.12
162.22
162.21
162.09
161.89
161.65
161.47
161.39
161.42
161.52
161.68
161.85
162.04
162.22
162.39
162.54
162.78
163.12
163.56
164.06
164.56
164.94
165.15
165.19
165.10
164.92
164.72
164.53
164.36
164.23
164.10
163.96
163.81
163.66
163.53
163.43
163.38
163.37
163.40
163.46
163.52
163.60
163.67
163.74
163.80
163.77
163.65
163.42
163.13
162.81
162.49
162.19
161.91
161.67
161.46
161.35
161.33
161.40
161.54
161.72
161.86
161.93
161.94
161.89
161.81
161.74
161.69
161.67
161.67
161.69
161.70
161.68
161.63
161.56
161.48
161.45
161.49
161.60
161.75
161.92
162.12
162.35
162.60
162.85
163.01
163.05
162.97
162.81
162.60
162.34
162.05
161.73
161.42
161.12
160.94
160.88
160.95
161.11
161.32
161.56
161.80
162.04
162.25
162.45
162.64
162.83
163.03
163.22
163.39
163.47
163.43
163.27
163.04
162.77
162.48
162.21
161.95
161.71
161.51
161.42
161.46
161.62
161.86
162.14
162.41
162.65
162.83
162.97
163.07
163.16
163.25
163.36
163.47
163.49
163.42
163.24
162.99
162.71
162.48
162.31
162.24
162.22
162.25
162.26
162.23
162.14
162.02
161.87
161.78
161.76
161.80
161.90
162.03
162.09
162.06
161.93
161.74
161.51
161.35
161.28
161.33
161.45
161.62
161.84
162.09
162.37
162.66
162.93
163.12
163.22
163.23
163.17
163.06
162.93
162.79
162.65
162.52
162.39
162.32
162.28
162.30
162.35
162.42
162.50
162.58
162.66
162.73
162.77
162.77
162.73
162.66
162.58
162.52
162.49
162.49
162.52
162.57
162.57
162.52
162.40
162.24
162.06
161.91
161.79
161.72
161.69
161.68
161.72
161.80
161.92
162.06
162.21
162.36
162.50
162.62
162.73
162.82
162.89
162.95
162.99
163.02
163.04
163.10
163.23
163.40
163.62
163.84
163.95
163.92
163.75
163.48
163.16
162.79
162.40
161.99
161.60
161.30
161.10
161.00
160.99
161.03
161.12
161.22
161.34
161.45
161.57
161.59
161.50
161.31
161.05
160.76
160.57
160.51
160.61
160.80
161.05
161.31
161.53
161.72
161.86
161.97
162.02
162.02
161.96
161.87
161.76
161.61
161.44
161.24
161.03
160.83
160.76
160.82
161.04
161.35
161.71
162.08
162.44
162.78
163.09
163.35
163.51
163.57
163.53
163.42
163.24
163.01
162.74
162.45
162.18
161.98
161.86
161.84
161.89
161.98
162.08
162.15
162.20
162.22
162.22
162.21
162.19
162.17
162.14
162.12
162.12
162.16
162.23
162.32
162.42
162.54
162.70
162.88
163.06
163.24
163.33
163.30
163.16
162.95
162.70
162.51
162.41
162.43
162.53
162.68
162.85
163.04
163.22
163.38
163.53
163.58
163.52
163.34
163.09
162.80
162.51
162.22
161.95
161.71
161.59
161.59
161.72
161.93
162.19
162.39
162.49
162.49
162.40
162.27
162.22
162.27
162.46
162.72
163.03
163.25
163.33
163.26
163.10
162.87
162.69
162.59
162.60
162.68
162.81
162.88
162.87
162.76
162.59
162.39
162.23
162.13
162.10
162.13
162.20
162.21
162.14
161.98
161.76
161.51
161.39
161.43
161.65
161.98
162.32
162.62
162.86
163.03
163.14
163.17
163.09
162.93
162.71
162.47
162.22
161.98
161.76
161.56
161.40
161.34
161.40
161.58
161.84
162.13
162.41
162.66
162.84
162.98
163.08
163.17
163.27
163.37
163.48
163.58
163.68
163.76
163.83
163.89
163.94
163.95
163.92
163.85
163.75
163.65
163.54
163.43
163.33
163.25
163.18
163.09
162.98
162.85
162.72
162.59
162.44
162.27
162.08
161.89
161.79
161.80
161.92
162.12
162.36
162.56
162.70
162.76
162.76
162.72
162.73
162.82
163.00
163.24
163.49
163.67
163.75
163.71
163.59
163.42
163.18
162.86
162.49
162.09
161.70
161.50
161.52
161.77
162.17
162.66
163.07
163.36
163.48
163.49
163.42
163.32
163.22
163.14
163.07
163.02
162.99
162.96
162.95
162.94
162.94
162.94
162.94
162.95
162.96
162.96
162.97
162.98
162.98
162.99
162.94
162.83
162.65
162.44
162.21
162.05
161.95
161.94
161.99
162.08
162.22
162.40
162.61
162.83
163.05
163.28
163.52
163.77
164.01
164.23
164.34
164.34
164.21
164.00
163.75
163.48
163.21
162.96
162.73
162.53
162.42
162.39
162.46
162.60
162.76
162.87
162.88
162.79
162.63
162.43
162.29
162.25
162.31
162.45
162.57
162.65
162.68
162.66
162.61
162.51
162.38
162.21
162.03
161.85
161.68
161.52
161.38
161.26
161.17
161.17
161.28
161.51
161.80
162.12
162.42
162.67
162.87
163.01
163.11
163.15
163.13
163.05
162.94
162.82
162.68
162.55
162.43
162.33
162.23
162.21
162.26
162.39
162.57
162.77
162.89
162.92
162.84
162.68
162.48
162.32
162.21
162.18
162.20
162.26
162.34
162.43
162.52
162.61
162.67
162.69
162.67
162.61
162.55
162.55
162.64
162.83
163.08
163.36
163.53
163.57
163.47
163.26
162.99
162.72
162.49
162.29
162.14
162.03
162.00
162.06
162.21
162.41
162.63
162.81
162.91
162.94
162.91
162.84
162.77
162.72
162.70
162.71
162.72
162.75
162.78
162.82
162.85
162.88
162.88
162.85
162.78
162.69
162.59
162.54
162.56
162.65
162.79
162.84
162.78
162.58
162.31
162.00
161.78
161.69
161.75
161.91
162.14
162.42
162.75
163.09
163.44
163.76
163.95
163.98
163.84
163.59
163.27
162.93
162.59
162.27
161.97
161.71
161.52
161.40
161.34
161.34
161.37
161.32
161.16
160.88
160.53
160.15
159.85
159.66
159.60
159.63
159.72
159.91
160.18
160.52
160.89
161.27
161.78
162.45
163.26
164.14
164.80
165.17
165.21
165.01
164.65
164.31
164.06
163.93
163.90
163.94
164.02
164.13
164.25
164.38
164.50
164.53
164.46
164.28
164.03
163.74
163.61
163.68
163.95
164.36
164.84
165.24
165.51
165.61
165.60
165.51
165.36
165.19
165.00
164.82
164.64
164.41
164.10
163.72
163.31
162.90
162.51
162.15
161.84
161.58
161.36
161.25
161.23
161.32
161.47
161.65
161.83
161.97
162.08
162.15
162.21
162.29
162.38
162.48
162.57
162.69
162.83
162.99
163.15
163.32
163.44
163.51
163.54
163.53
163.49
163.31
162.96
162.45
161.86
161.24
160.76
160.48
160.42
160.51
160.71
161.00
161.35
161.74
162.13
162.50
162.85
163.15
163.40
163.62
163.79
163.92
164.01
164.08
164.12
164.14
164.13
164.07
163.97
163.85
163.72
163.56
163.38
163.18
162.98
162.76
162.52
162.28
162.03
161.81
161.64
161.52
161.47
161.46
161.48
161.52
161.58
161.64
161.70
161.76
161.90
162.12
162.42
162.78
163.15
163.45
163.66
163.78
163.82
163.80
163.75
163.67
163.58
163.48
163.39
163.33
163.31
163.34
163.39
163.46
163.46
163.36
163.17
162.92
162.64
162.36
162.09
161.84
161.62
161.44
161.34
161.33
161.41
161.55
161.71
161.84
161.94
162.02
162.07
162.13
162.20
162.30
162.40
162.51
162.58
162.61
162.60
162.57
162.51
162.39
162.20
161.95
161.68
161.39
161.12
160.87
160.64
160.45
160.30
160.12
159.90
159.65
159.39
159.13
159.05
159.18
159.52
160.00
160.56
161.07
161.51
161.85
162.09
162.25
162.33
162.32
162.25
162.13
161.99
161.86
161.77
161.71
161.69
161.69
161.73
161.82
161.94
162.08
162.29
162.55
162.86
163.19
163.52
163.78
163.95
164.01
164.00
163.94
163.80
163.57
163.28
162.95
162.62
162.37
162.25
162.26
162.36
162.52
162.71
162.91
163.11
163.29
163.46
163.58
163.65
163.66
163.64
163.58
163.43
163.19
162.84
162.45
162.04
161.73
161.54
161.48
161.52
161.63
161.75
161.87
161.95
162.01
162.06
162.08
162.10
162.10
162.10
162.09
162.08
162.07
162.06
162.05
162.01
161.95
161.85
161.73
161.62
161.58
161.64
161.81
162.05
162.32
162.49
162.53
162.43
162.22
161.96
161.75
161.63
161.62
161.69
161.80
161.90
161.94
161.92
161.86
161.77
161.72
161.72
161.80
161.91
162.05
162.22
162.43
162.66
162.89
163.11
163.26
163.32
163.30
163.21
163.08
162.91
162.70
162.46
162.22
162.01
161.85
161.74
161.68
161.66
161.69
161.76
161.88
162.02
162.18
162.33
162.47
162.60
162.71
162.80
162.85
162.85
162.81
162.74
162.64
162.52
162.36
162.18
161.99
161.80
161.60
161.39
161.17
160.95
160.74
160.61
160.57
160.62
160.72
160.87
161.00
161.11
161.18
161.22
161.23
161.15
160.96
160.68
160.33
159.97
159.66
159.43
159.31
159.25
159.34
159.55
159.89
160.29
160.71
161.11
161.44
161.71
161.91
162.06
162.16
162.22
162.25
162.26
162.25
162.18
162.04
161.83
161.59
161.33
161.19
161.19
161.33
161.58
161.88
162.13
162.28
162.32
162.27
162.17
162.12
162.15
162.26
162.44
162.64
162.86
163.07
163.27
163.45
163.60
163.65
163.59
163.40
163.14
162.85
162.54
162.24
161.97
161.73
161.52
161.39
161.37
161.44
161.57
161.74
161.92
162.11
162.29
162.45
162.60
162.72
162.82
162.90
162.96
163.03
163.12
163.23
163.35
163.47
163.52
163.51
163.42
163.28
163.11
162.99
162.93
162.95
163.01
163.11
163.18
163.19
163.13
163.03
162.90
162.82
162.80
162.85
162.94
163.07
163.20
163.34
163.47
163.59
163.70
163.82
163.95
164.10
164.25
164.40
164.43
164.32
164.06
163.72
163.39
163.11
162.91
162.77
162.69
162.54
162.30
161.95
161.55
161.14
160.81
160.61
160.54
160.57
160.66
160.83
161.05
161.31
161.58
161.84
162.01
162.06
161.99
161.83
161.62
161.44
161.32
161.27
161.27
161.31
161.38
161.46
161.54
161.63
161.71
161.78
161.84
161.89
161.93
161.97
161.99
162.01
162.02
162.03
162.03
162.06
162.12
162.20
162.31
162.39
162.44
162.45
162.44
162.40
162.38
162.39
162.43
162.48
162.55
162.59
162.61
162.58
162.54
162.47
162.38
162.25
162.10
161.93
161.76
161.58
161.38
161.16
160.95
160.75
160.54
160.33
160.11
159.89
159.70
159.68
159.87
160.28
160.82
161.42
162.01
162.54
162.99
163.36
163.65
163.82
163.87
163.80
163.66
163.47
163.29
163.13
163.01
162.93
162.80
162.59
162.31
161.99
161.66
161.47
161.46
161.64
161.95
162.33
162.66
162.89
163.01
163.04
163.00
162.98
162.99
163.05
163.14
163.25
163.29
163.24
163.08
162.86
162.60
162.36
162.16
162.02
161.91
161.84
161.78
161.70
161.61
161.52
161.42
161.41
161.50
161.70
161.96
162.26
162.55
162.84
163.10
163.33
163.53
163.64
163.66
163.58
163.44
163.27
163.05
162.80
162.53
162.26
162.06
161.94
161.91
161.95
162.03
162.22
162.52
162.91
163.35
163.80
164.10
164.21
164.12
163.89
163.57
163.29
163.09
163.00
162.99
163.04
163.10
163.14
163.17
163.18
163.18
163.09
162.90
162.61
162.27
161.91
161.61
161.39
161.27
161.23
161.24
161.39
161.69
162.13
162.65
163.19
163.69
164.13
164.48
164.75
164.96
165.05
165.03
164.91
164.73
164.50
164.27
164.03
163.81
163.62
163.44
163.30
163.18
163.09
163.02
162.92
162.77
162.57
162.35
162.12
161.93
161.78
161.69
161.65
161.63
161.67
161.75
161.88
162.03
162.18
162.41
162.73
163.12
163.56
163.99
164.26
164.35
164.23
163.98
163.64
163.29
162.96
162.68
162.44
162.26
162.11
162.00
161.93
161.88
161.85
161.87
161.92
162.02
162.14
162.30
162.49
162.70
162.92
163.13
163.30
163.41
163.47
163.49
163.47
163.38
163.22
162.99
162.72
162.44
162.16
161.91
161.68
161.49
161.32
161.19
161.09
161.01
160.96
160.92
160.96
161.06
161.24
161.46
161.69
161.87
161.98
162.00
161.97
161.89
161.81
161.76
161.73
161.73
161.74
161.71
161.62
161.47
161.29
161.09
160.87
160.63
160.37
160.12
159.88
159.67
159.48
159.33
159.20
159.18
159.28
159.49
159.77
160.09
160.31
160.39
160.32
160.15
159.91
159.83
159.96
160.32
160.82
161.39
161.99
162.57
163.10
163.58
163.99
164.28
164.44
164.47
164.42
164.31
164.18
164.07
163.99
163.94
163.90
163.80
163.62
163.36
163.04
162.72
162.45
162.26
162.17
162.15
162.18
162.17
162.08
161.91
161.69
161.44
161.27
161.21
161.26
161.38
161.53
161.68
161.79
161.89
161.96
162.01
162.05
162.07
162.08
162.09
162.11
162.16
162.24
162.34
162.44
162.57
162.73
162.90
163.08
163.26
163.29
163.15
162.83
162.40
161.91
161.53
161.28
161.20
161.24
161.36
161.45
161.48
161.42
161.30
161.15
161.12
161.23
161.52
161.90
162.34
162.68
162.88
162.92
162.85
162.70
162.42
162.03
161.54
161.01
160.56
160.22
160.03
159.95
159.94
160.05
160.26
160.55
160.89
161.23
161.60
161.97
162.34
162.68
163.00
163.19
163.25
163.17
163.00
162.77
162.49
162.17
161.84
161.50
161.19
160.90
160.65
160.45
160.28
160.14
160.04
159.97
159.92
159.89
159.87
159.98
160.21
160.58
161.02
161.48
161.89
162.21
162.42
162.55
162.61
162.62
162.59
162.54
162.48
162.51
162.67
162.96
163.33
163.72
164.07
164.34
164.51
164.60
164.63
164.59
164.49
164.34
164.17
163.98
163.83
163.71
163.65
163.62
163.62
163.54
163.34
163.03
162.64
162.23
161.83
161.45
161.10
160.80
160.55
160.37
160.26
160.22
160.24
160.29
160.42
160.62
160.89
161.19
161.50
161.74
161.90
161.96
161.95
161.90
161.86
161.87
161.94
162.04
162.17
162.30
162.43
162.55
162.66
162.75
162.83
162.90
162.95
162.99
163.01
163.03
163.04
163.05
163.05
163.00
162.88
162.69
162.47
162.24
162.01
161.80
161.60
161.44
161.30
161.18
161.09
161.02
160.97
160.94
160.84
160.66
160.39
160.07
159.74
159.55
159.53
159.70
160.00
160.37
160.72
161.00
161.20
161.33
161.40
161.51
161.68
161.92
162.20
162.50
162.73
162.88
162.94
162.93
162.87
162.79
162.69
162.58
162.47
162.34
162.20
162.03
161.86
161.69
161.70
161.91
162.32
162.87
163.47
163.94
164.24
164.33
164.27
164.10
163.98
163.95
164.04
164.21
164.42
164.46
164.30
163.90
163.36
162.74
162.25
161.93
161.81
161.85
161.99
162.20
162.44
162.69
162.94
163.17
163.16
162.88
162.31
161.58
160.77
160.08
159.58
159.30
159.20
159.17
159.17
159.16
159.14
159.12
159.18
159.34
159.59
159.89
160.21
160.54
160.84
161.12
161.36
161.56
161.65
161.61
161.44
161.19
160.90
160.62
160.38
160.19
160.04
159.94
159.93
160.00
160.16
160.37
160.60
160.89
161.24
161.63
162.03
162.41
162.79
163.16
163.52
163.85
164.15
164.34
164.44
164.43
164.34
164.21
164.03
163.80
163.55
163.29
163.09
162.98
162.95
162.99
163.07
163.17
163.29
163.41
163.53
163.63
163.65
163.56
163.36
163.09
162.79
162.51
162.28
162.10
161.97
161.88
161.82
161.79
161.78
161.78
161.80
161.79
161.76
161.70
161.62
161.52
161.46
161.43
161.44
161.48
161.53
161.59
161.66
161.72
161.78
161.84
161.86
161.84
161.78
161.70
161.60
161.48
161.32
161.15
160.96
160.88
160.94
161.15
161.45
161.79
162.15
162.50
162.83
163.12
163.37
163.55
163.66
163.71
163.70
163.66
163.57
163.43
163.26
163.07
162.88
162.71
162.54
162.40
162.28
162.18
162.10
162.04
161.99
161.96
161.94
161.93
161.93
161.93
161.93
161.94
161.95
161.96
161.96
161.97
161.98
162.04
162.16
162.34
162.56
162.79
162.96
163.05
163.06
163.02
162.93
162.79
162.61
162.40
162.17
161.93
161.67
161.39
161.13
160.88
160.72
160.64
160.66
160.75
160.87
161.00
161.10
161.16
161.20
161.21
161.24
161.28
161.35
161.44
161.53
161.61
161.70
161.77
161.83
161.89
161.98
162.13
162.34
162.57
162.81
162.96
163.00
162.92
162.77
162.56
162.33
162.10
161.88
161.68
161.50
161.41
161.40
161.47
161.61
161.78
161.86
161.81
161.63
161.36
161.13
160.97
160.92
160.94
161.01
161.08
161.14
161.18
161.19
161.19
161.29
161.50
161.84
162.24
162.67
162.99
163.16
163.17
163.06
162.87
162.66
162.47
162.31
162.18
162.08
161.98
161.87
161.75
161.62
161.50
161.41
161.37
161.38
161.41
161.47
161.56
161.69
161.85
162.03
162.20
162.37
162.52
162.65
162.76
162.85
162.89
162.89
162.84
162.76
162.58
162.31
161.94
161.52
161.10
160.79
160.64
160.67
160.81
161.02
161.17
161.21
161.12
160.95
160.72
160.63
160.72
161.01
161.43
161.91
162.31
162.57
162.67
162.65
162.55
162.39
162.21
162.02
161.83
161.65
161.57
161.61
161.76
161.99
162.25
162.45
162.55
162.54
162.45
162.31
162.22
162.22
162.31
162.46
162.65
162.78
162.81
162.73
162.59
162.40
162.28
162.24
162.31
162.45
162.52
162.49
162.34
162.11
161.83
161.64
161.59
161.68
161.86
162.11
162.30
162.41
162.41
162.33
162.21
162.11
162.06
162.08
162.14
162.23
162.22
162.10
161.85
161.52
161.16
160.79
160.43
160.11
159.82
159.57
159.45
159.46
159.60
159.83
160.11
160.35
160.53
160.62
160.66
160.64
160.79
161.13
161.68
162.35
163.07
163.68
164.12
164.37
164.47
164.39
164.13
163.73
163.25
162.74
162.34
162.10
162.03
162.09
162.23
162.42
162.64
162.87
163.09
163.29
163.47
163.63
163.75
163.86
163.94
163.94
163.87
163.72
163.52
163.30
163.05
162.78
162.49
162.21
161.95
161.64
161.26
160.83
160.37
159.92
159.67
159.64
159.85
160.22
160.69
161.11
161.44
161.64
161.75
161.79
161.83
161.89
161.99
162.12
162.23
162.31
162.34
162.35
162.34
162.31
162.28
162.24
162.20
162.16
162.12
162.09
162.06
162.04
162.02
161.96
161.83
161.65
161.43
161.20
161.03
160.93
160.92
160.97
161.07
161.18
161.30
161.43
161.54
161.65
161.74
161.82
161.89
161.94
161.98
161.95
161.86
161.69
161.49
161.26
161.04
160.82
160.63
160.46
160.32
160.28
160.36
160.56
160.83
161.13
161.42
161.66
161.85
161.99
162.15
162.32
162.54
162.77
163.00
163.07
162.98
162.70
162.30
161.85
161.44
161.09
160.85
160.69
160.59
160.65
160.87
161.25
161.71
162.21
162.58
162.76
162.75
162.59
162.34
162.04
161.72
161.40
161.11
160.84
160.64
160.50
160.43
160.41
160.43
160.50
160.62
160.77
160.95
161.12
161.22
161.20
161.07
160.87
160.63
160.46
160.38
160.41
160.51
160.61
160.68
160.69
160.66
160.60
160.56
160.53
160.54
160.58
160.62
160.70
160.81
160.95
161.11
161.26
161.44
161.63
161.84
162.05
162.25
162.42
162.58
162.71
162.82
162.90
162.89
162.76
162.53
162.23
161.90
161.62
161.42
161.31
161.27
161.28
161.32
161.39
161.47
161.56
161.64
161.72
161.79
161.85
161.90
161.94
162.02
162.16
162.36
162.58
162.79
162.96
163.08
163.16
163.21
163.26
163.32
163.40
163.48
163.57
163.55
163.40
163.11
162.74
162.34
161.98
161.71
161.53
161.43
161.39
161.40
161.43
161.49
161.56
161.63
161.67
161.68
161.64
161.59
161.52
161.52
161.61
161.81
162.06
162.34
162.57
162.73
162.80
162.81
162.77
162.71
162.62
162.53
162.43
162.35
162.21
162.03
161.79
161.53
161.26
161.03
160.86
160.74
160.68
160.60
160.48
160.32
160.13
159.95
159.82
159.76
159.79
159.87
159.99
160.21
160.53
160.93
161.38
161.84
162.19
162.41
162.50
162.47
162.38
162.21
161.99
161.73
161.45
161.18
161.01
160.95
161.02
161.18
161.39
161.62
161.85
162.08
162.29
162.47
162.44
162.17
161.65
160.98
160.25
159.78
159.64
159.89
160.39
161.04
161.71
162.32
162.84
163.27
163.56
163.70
163.71
163.63
163.48
163.27
163.02
162.73
162.44
162.16
161.84
161.50
161.12
160.75
160.39
160.15
160.03
160.06
160.18
160.36
160.55
160.72
160.86
160.96
161.03
161.08
161.11
161.13
161.13
161.13
161.17
161.27
161.44
161.63
161.85
162.03
162.17
162.26
162.31
162.33
162.32
162.30
162.27
162.23
162.20
162.11
161.96
161.75
161.51
161.37
161.35
161.49
161.71
162.00
162.27
162.52
162.72
162.87
162.99
163.07
163.12
163.15
163.17
163.17
163.13
163.06
162.95
162.83
162.69
162.59
162.53
162.51
162.52
162.55
162.60
162.66
162.71
162.77
162.82
162.84
162.82
162.76
162.68
162.59
162.55
162.57
162.66
162.79
162.95
163.04
163.03
162.92
162.74
162.52
162.31
162.13
162.00
161.91
161.85
161.90
162.05
162.32
162.65
163.04
163.45
163.88
164.29
164.67
164.88
164.88
164.67
164.33
163.92
163.55
163.27
163.12
163.06
163.07
163.15
163.29
163.49
163.70
163.92
164.08
164.16
164.15
164.09
163.98
163.88
163.81
163.76
163.75
163.75
163.71
163.62
163.47
163.28
163.08
162.94
162.87
162.88
162.95
163.05
163.23
163.47
163.78
164.11
164.45
164.69
164.80
164.79
164.68
164.49
164.24
163.94
163.63
163.32
162.96
162.53
162.04
161.54
161.05
160.68
160.45
160.37
160.40
160.51
160.64
160.76
160.86
160.94
160.99
160.98
160.89
160.73
160.52
160.30
160.18
160.19
160.35
160.60
160.91
161.29
161.72
162.21
162.69
163.16
163.50
163.70
163.75
163.69
163.56
163.44
163.36
163.33
163.35
163.40
163.39
163.29
163.10
162.85
162.55
162.22
161.87
161.52
161.20
160.96
160.82
160.79
160.83
160.92
161.07
161.26
161.49
161.73
161.97
162.19
162.39
162.56
162.70
162.82
162.80
162.64
162.34
161.94
161.51
161.18
160.99
160.97
161.06
161.23
161.41
161.59
161.73
161.85
161.94
162.00
162.05
162.08
162.10
162.10
162.15
162.26
162.43
162.63
162.85
163.01
163.09
163.09
163.03
162.94
162.82
162.69
162.57
162.45
162.37
162.33
162.34
162.39
162.45
162.44
162.35
162.15
161.90
161.63
161.40
161.25
161.18
161.17
161.22
161.23
161.21
161.12
161.01
160.87
160.75
160.67
160.63
160.62
160.64
160.75
160.96
161.27
161.63
162.01
162.31
162.48
162.53
162.48
162.36
162.23
162.12
162.03
161.97
161.93
161.98
162.14
162.41
162.73
163.08
163.35
163.50
163.53
163.47
163.48
163.61
163.88
164.24
164.64
164.96
165.18
165.27
165.26
165.19
165.05
164.86
164.62
164.37
164.12
163.78
163.34
162.80
162.21
161.63
161.11
160.68
160.33
160.08
159.89
159.82
159.86
160.00
160.21
160.45
160.68
160.86
161.00
161.10
161.16
161.25
161.38
161.56
161.76
161.97
162.14
162.27
162.34
162.38
162.38
162.34
162.25
162.12
161.97
161.81
161.66
161.51
161.39
161.28
161.29
161.45
161.75
162.13
162.55
162.82
162.88
162.72
162.40
162.00
161.67
161.45
161.38
161.42
161.53
161.69
161.87
162.05
162.23
162.40
162.53
162.60
162.62
162.59
162.55
162.43
162.25
162.00
161.72
161.43
161.18
160.98
160.84
160.75
160.70
160.79
161.02
161.40
161.86
162.34
162.77
163.11
163.35
163.49
163.57
163.54
163.40
163.18
162.91
162.65
162.41
162.23
162.09
161.98
161.83
161.61
161.32
160.99
160.65
160.46
160.45
160.63
160.94
161.32
161.67
161.97
162.17
162.31
162.39
162.42
162.42
162.40
162.37
162.32
162.35
162.48
162.70
162.98
163.28
163.48
163.54
163.44
163.25
162.99
162.70
162.41
162.13
161.87
161.65
161.45
161.29
161.17
161.07
161.00
160.94
160.91
160.89
160.89
160.94
161.06
161.25
161.48
161.72
161.98
162.26
162.55
162.83
163.09
163.26
163.35
163.33
163.25
163.13
162.98
162.83
162.67
162.53
162.40
162.34
162.36
162.47
162.62
162.80
162.97
163.10
163.18
163.23
163.26
163.23
163.16
163.05
162.92
162.78
162.63
162.50
162.38
162.28
162.19
162.14
162.14
162.19
162.27
162.36
162.51
162.72
162.99
163.29
163.46
163.46
163.27
162.97
162.59
162.22
161.88
161.60
161.36
161.18
161.15
161.28
161.57
161.96
162.39
162.81
163.18
163.48
163.72
163.90
164.01
164.04
164.01
163.94
163.83
163.74
163.68
163.65
163.65
163.67
163.70
163.74
163.78
163.82
163.86
163.81
163.67
163.43
163.13
162.80
162.53
162.34
162.24
162.21
162.24
162.32
162.45
162.63
162.83
163.03
163.19
163.31
163.38
163.41
163.35
163.21
163.00
162.74
162.47
162.36
162.45
162.75
163.20
163.71
164.19
164.60
164.91
165.13
165.27
165.31
165.24
165.07
164.84
164.58
164.29
163.97
163.65
163.33
163.04
162.94
163.06
163.41
163.90
164.46
164.91
165.19
165.27
165.20
165.04
164.84
164.65
164.47
164.33
164.21
164.09
163.96
163.81
163.67
163.53
163.41
163.30
163.21
163.13
163.05
162.94
162.82
162.69
162.56
162.44
162.33
162.24
162.16
162.10
161.94
161.68
161.29
160.85
160.38
159.93
159.51
159.14
158.81
158.54
158.40
158.40
158.54
158.77
159.05
159.46
159.99
160.63
161.31
161.98
162.62
163.19
163.68
164.10
164.45
164.69
164.83
164.89
164.89
164.83
164.73
164.57
164.38
164.17
163.96
163.84
163.84
163.95
164.13
164.34
164.53
164.69
164.82
164.92
164.94
164.88
164.73
164.54
164.32
164.10
163.88
163.68
163.51
163.36
163.29
163.30
163.40
163.56
163.75
163.86
163.89
163.80
163.65
163.45
163.26
163.10
162.98
162.90
162.85
162.74
162.56
162.29
161.99
161.66
161.38
161.14
160.97
160.85
160.77
160.71
160.63
160.55
160.46
160.38
160.35
160.39
160.51
160.67
160.85
161.12
161.48
161.92
162.39
162.78
163.05
163.19
163.22
163.17
163.05
162.87
162.65
162.40
162.15
162.02
162.04
162.21
162.48
162.80
163.09
163.31
163.46
163.53
163.55
163.54
163.50
163.45
163.39
163.32
163.26
163.20
163.15
163.11
163.07
162.96
162.77
162.48
162.15
161.80
161.54
161.40
161.38
161.46
161.59
161.74
161.86
161.96
162.03
162.08
162.11
162.12
162.13
162.12
162.17
162.27
162.43
162.63
162.84
163.05
163.25
163.43
163.59
163.72
163.83
163.91
163.97
164.02
164.05
164.10
164.16
164.26
164.36
164.47
164.52
164.50
164.40
164.26
164.10
163.95
163.83
163.76
163.73
163.71
163.69
163.66
163.60
163.52
163.44
163.33
163.20
163.04
162.88
162.72
162.64
162.68
162.83
163.05
163.31
163.47
163.51
163.40
163.20
163.07
163.07
163.23
163.49
163.80
164.03
164.14
164.10
163.96
163.76
163.55
163.36
163.21
163.09
163.00
162.91
162.82
162.71
162.59
162.48
162.43
162.45
162.55
162.69
162.86
162.97
162.97
162.87
162.70
162.49
162.29
162.12
161.99
161.91
161.85
161.85
161.89
161.98
162.10
162.23
162.34
162.41
162.43
162.43
162.40
162.42
162.48
162.61
162.78
162.96
163.06
163.06
162.95
162.77
162.60
162.48
162.42
162.41
162.44
162.40
162.29
162.09
161.84
161.56
161.31
161.11
160.96
160.86
160.79
160.76
160.75
160.75
160.77
160.79
160.82
160.85
160.88
160.91
160.93
161.00
161.14
161.33
161.55
161.79
161.96
162.06
162.07
162.02
161.93
161.85
161.78
161.75
161.74
161.75
161.76
161.79
161.82
161.85
161.88
161.96
162.10
162.30
162.53
162.69
162.75
162.70
162.57
162.40
162.31
162.34
162.50
162.75
163.04
163.27
163.41
163.42
163.36
163.24
163.01
162.68
162.25
161.77
161.29
160.91
160.66
160.56
160.57
160.65
160.85
161.18
161.62
162.10
162.60
162.99
163.25
163.37
163.38
163.31
163.22
163.14
163.07
163.01
162.98
162.87
162.68
162.41
162.09
161.75
161.48
161.28
161.19
161.16
161.22
161.34
161.51
161.71
161.92
162.05
162.06
161.97
161.79
161.57
161.42
161.35
161.40
161.51
161.67
161.80
161.88
161.88
161.84
161.76
161.72
161.74
161.81
161.93
162.07
162.19
162.28
162.33
162.34
162.33
162.39
162.53
162.76
163.04
163.34
163.61
163.84
164.01
164.12
164.20
164.21
164.17
164.08
163.96
163.82
163.71
163.63
163.60
163.60
163.62
163.68
163.78
163.91
164.07
164.20
164.29
164.34
164.36
164.35
164.30
164.21
164.08
163.93
163.78
163.63
163.49
163.37
163.26
163.17
163.05
162.88
162.66
162.42
162.17
161.96
161.81
161.71
161.65
161.63
161.64
161.66
161.70
161.74
161.78
161.85
161.94
162.07
162.20
162.34
162.47
162.59
162.70
162.79
162.87
162.93
162.97
163.00
163.03
163.04
163.00
162.89
162.71
162.49
162.34
162.28
162.33
162.46
162.63
162.85
163.10
163.38
163.67
163.94
164.05
163.98
163.71
163.33
162.89
162.45
162.05
161.71
161.44
161.22
161.14
161.20
161.38
161.66
161.97
162.25
162.45
162.58
162.63
162.63
162.55
162.38
162.14
161.85
161.55
161.31
161.15
161.09
161.09
161.14
161.25
161.41
161.60
161.81
162.02
162.14
162.15
162.04
161.86
161.63
161.38
161.14
160.90
160.69
160.58
160.60
160.74
160.96
161.22
161.42
161.52
161.51
161.43
161.29
161.23
161.28
161.47
161.73
162.04
162.28
162.42
162.44
162.38
162.26
162.08
161.86
161.61
161.34
161.09
160.90
160.80
160.80
160.86
160.96
161.09
161.23
161.37
161.50
161.62
161.75
161.89
162.05
162.22
162.37
162.49
162.56
162.58
162.56
162.52
162.40
162.23
161.98
161.70
161.39
161.06
160.71
160.38
160.08
159.91
159.91
160.07
160.34
160.67
161.05
161.47
161.89
162.30
162.68
163.02
163.30
163.54
163.73
163.88
163.94
163.90
163.78
163.59
163.38
163.18
163.02
162.91
162.83
162.79
162.71
162.60
162.43
162.24
162.04
161.95
161.99
162.19
162.47
162.81
163.03
163.09
162.96
162.72
162.40
162.10
161.86
161.70
161.60
161.58
161.63
161.74
161.88
162.04
162.18
162.28
162.33
162.35
162.35
162.30
162.21
162.08
161.93
161.78
161.69
161.66
161.72
161.82
161.96
162.03
162.02
161.90
161.71
161.49
161.28
161.11
160.98
160.89
160.83
160.80
160.79
160.80
160.81
160.83
160.93
161.13
161.42
161.76
162.12
162.45
162.72
162.92
163.07
163.17
163.23
163.26
163.27
163.26
163.24
163.16
163.01
162.80
162.56
162.36
162.23
162.18
162.18
162.23
162.28
162.31
162.32
162.31
162.28
162.30
162.38
162.52
162.70
162.89
163.06
163.19
163.27
163.31
163.32
163.34
163.38
163.43
163.50
163.58
163.55
163.39
163.10
162.73
162.32
162.00
161.78
161.69
161.70
161.78
161.87
161.95
162.02
162.06
162.08
162.10
162.10
162.10
162.09
162.08
161.97
161.72
161.36
160.92
160.56
160.34
160.27
160.31
160.43
160.57
160.71
160.82
160.91
160.97
161.07
161.22
161.42
161.64
161.87
162.09
162.30
162.48
162.63
162.76
162.89
163.02
163.17
163.32
163.46
163.40
163.11
162.58
161.91
161.18
160.50
159.91
159.45
159.11
158.86
158.72
158.68
158.72
158.81
158.95
159.17
159.50
159.91
160.37
160.83
161.24
161.58
161.85
162.04
162.17
162.25
162.30
162.31
162.31
162.29
162.26
162.22
162.19
162.15
162.15
162.17
162.24
162.32
162.42
162.54
162.70
162.87
163.06
163.24
163.38
163.47
163.51
163.51
163.48
163.41
163.30
163.15
162.98
162.82
162.68
162.59
162.55
162.54
162.56
162.52
162.40
162.18
161.91
161.63
161.36
161.14
160.98
160.87
160.80
160.76
160.75
160.75
160.77
160.79
160.84
160.93
161.05
161.18
161.37
161.62
161.92
162.24
162.56
162.81
162.97
163.02
163.01
162.95
162.93
162.99
163.14
163.34
163.58
163.81
164.04
164.26
164.45
164.61
164.66
164.60
164.41
164.16
163.86
163.55
163.26
162.98
162.73
162.52
162.35
162.20
162.09
162.01
161.95
161.91
161.89
161.88
161.88
161.89
161.87
161.83
161.75
161.66
161.56
161.51
161.53
161.62
161.76
161.87
161.93
161.92
161.86
161.78
161.65
161.49
161.29
161.09
160.88
160.72
160.61
160.55
160.54
160.55
160.56
160.54
160.51
160.45
160.39
160.35
160.35
160.38
160.44
160.50
160.63
160.82
161.07
161.35
161.63
161.82
161.90
161.85
161.72
161.53
161.38
161.27
161.24
161.26
161.31
161.30
161.21
161.03
160.80
160.54
160.30
160.10
159.96
159.86
159.96
160.27
160.80
161.44
162.14
162.67
162.98
163.04
162.92
162.68
162.42
162.19
162.02
161.90
161.82
161.75
161.67
161.58
161.48
161.39
161.39
161.48
161.68
161.95
162.25
162.52
162.75
162.93
163.05
163.14
163.19
163.22
163.23
163.22
163.20
163.15
163.07
162.95
162.82
162.69
162.55
162.43
162.32
162.23
162.15
162.06
161.96
161.83
161.70
161.57
161.53
161.59
161.76
162.00
162.17
162.23
162.15
161.98
161.75
161.61
161.58
161.69
161.89
162.14
162.42
162.70
162.96
163.20
163.42
163.60
163.74
163.86
163.95
164.01
164.06
164.09
164.10
164.11
164.11
164.05
163.92
163.73
163.50
163.27
163.00
162.73
162.44
162.16
161.91
161.76
161.73
161.84
162.03
162.26
162.47
162.62
162.68
162.70
162.67
162.67
162.71
162.81
162.94
163.01
162.99
162.87
162.69
162.47
162.32
162.26
162.31
162.44
162.61
162.73
162.76
162.68
162.54
162.36
162.19
162.04
161.94
161.87
161.83
161.83
161.89
161.98
162.11
162.24
162.32
162.33
162.27
162.16
162.02
161.89
161.80
161.74
161.72
161.71
161.67
161.58
161.43
161.25
161.06
160.97
161.02
161.22
161.50
161.83
162.05
162.10
161.98
161.73
161.51
161.39
161.39
161.48
161.62
161.76
161.89
161.99
162.06
162.10
162.21
162.39
162.66
162.97
163.30
163.59
163.83
164.01
164.14
164.22
164.21
164.11
163.93
163.70
163.45
163.22
163.03
162.90
162.82
162.77
162.72
162.66
162.58
162.49
162.41
162.35
162.34
162.36
162.41
162.48
162.52
162.54
162.53
162.49
162.44
162.35
162.23
162.08
161.92
161.75
161.65
161.63
161.68
161.79
161.96
162.17
162.42
162.68
162.93
163.14
163.29
163.38
163.42
163.43
163.33
163.12
162.81
162.44
162.06
161.67
161.32
160.99
160.72
160.48
160.37
160.40
160.55
160.79
161.08
161.30
161.43
161.44
161.37
161.25
161.21
161.27
161.46
161.73
162.04
162.28
162.42
162.45
162.39
162.27
162.17
162.12
162.13
162.19
162.27
162.31
162.30
162.22
162.10
161.93
161.72
161.48
161.24
161.00
160.80
160.67
160.59
160.55
160.55
160.60
160.70
160.84
161.00
161.16
161.27
161.30
161.26
161.16
161.03
160.88
160.73
160.58
160.45
160.34
160.24
160.15
160.09
160.04
160.00
160.08
160.29
160.64
161.06
161.52
161.91
162.22
162.43
162.55
162.60
162.69
162.83
163.05
163.31
163.58
163.79
163.92
163.97
163.95
163.85
163.70
163.51
163.29
163.07
162.88
162.74
162.66
162.62
162.61
162.58
162.49
162.35
162.18
162.00
161.79
161.57
161.32
161.08
160.85
160.73
160.72
160.84
161.04
161.28
161.57
161.89
162.23
162.56
162.87
163.25
163.72
164.28
164.87
165.45
165.86
166.06
166.04
165.86
165.58
165.17
164.64
164.03
163.38
162.75
162.29
162.05
162.03
162.18
162.44
162.67
162.84
162.92
162.92
162.82
162.62
162.35
162.03
161.70
161.43
161.24
161.15
161.13
161.17
161.18
161.16
161.08
160.96
160.83
160.75
160.73
160.79
160.89
161.02
161.22
161.48
161.80
162.14
162.48
162.74
162.91
162.99
162.98
162.93
162.98
163.16
163.49
163.91
164.37
164.72
164.94
164.98
164.90
164.75
164.55
164.32
164.10
163.88
163.68
163.50
163.35
163.23
163.13
163.00
162.83
162.61
162.37
162.13
161.90
161.69
161.51
161.35
161.23
161.10
160.96
160.82
160.67
160.53
160.43
160.38
160.38
160.41
160.46
160.47
160.43
160.32
160.18
160.01
159.95
160.02
160.22
160.51
160.85
161.26
161.71
162.21
162.71
163.18
163.58
163.89
164.12
164.28
164.37
164.44
164.51
164.58
164.65
164.72
164.73
164.68
164.55
164.37
164.18
163.92
163.62
163.26
162.89
162.53
162.20
161.90
161.64
161.43
161.31
161.29
161.36
161.51
161.69
161.85
161.99
162.09
162.16
162.19
162.13
161.96
161.68
161.34
160.98
160.67
160.45
160.32
160.27
160.27
160.36
160.54
160.80
161.10
161.41
161.74
162.08
162.42
162.74
163.03
163.24
163.34
163.34
163.27
163.15
162.93
162.60
162.18
161.71
161.24
160.98
160.97
161.23
161.67
162.16
162.62
163.02
163.35
163.62
163.86
164.07
164.27
164.44
164.60
164.65
164.58
164.40
164.14
163.85
163.43
162.91
162.28
161.61
160.94
160.43
160.10
159.97
159.99
160.11
160.29
160.51
160.75
160.98
161.19
161.34
161.39
161.35
161.26
161.12
161.02
160.97
161.00
161.07
161.17
161.31
161.48
161.69
161.90
162.11
162.30
162.47
162.62
162.75
162.80
162.76
162.64
162.47
162.27
162.04
161.78
161.50
161.23
160.97
160.82
160.79
160.88
161.06
161.30
161.44
161.47
161.35
161.15
160.89
160.61
160.32
160.05
159.81
159.59
159.41
159.26
159.14
159.05
158.98
159.05
159.25
159.59
160.01
160.46
160.92
161.35
161.74
162.08
162.37
162.63
162.87
163.10
163.31
163.50
163.68
163.86
164.06
164.24
164.41
164.51
164.52
164.45
164.32
164.03
163.57
162.95
162.25
161.53
160.95
160.54
160.33
160.28
160.33
160.43
160.54
160.65
160.74
160.82
160.85
160.85
160.80
160.72
160.63
160.58
160.60
160.69
160.82
160.97
161.08
161.13
161.10
161.02
160.91
160.87
160.91
161.05
161.25
161.49
161.82
162.23
162.72
163.24
163.75
164.12
164.32
164.34
164.22
164.03
163.83
163.68
163.59
163.55
163.44
163.23
162.91
162.53
162.13
161.73
161.37
161.03
160.75
160.50
160.39
160.41
160.56
160.79
161.08
161.49
162.01
162.65
163.33
164.00
164.55
164.95
165.17
165.27
165.27
165.20
165.09
164.95
164.81
164.66
164.44
164.15
163.77
163.36
162.94
162.58
162.27
162.05
161.89
161.78
161.74
161.77
161.86
161.98
162.12
162.24
162.32
162.36
162.37
162.36
162.30
162.21
162.08
161.93
161.83
161.79
161.83
161.92
162.04
162.15
162.23
162.28
162.30
162.29
162.33
162.41
162.56
162.74
162.93
163.04
163.05
162.95
162.77
162.56
162.35
162.17
162.03
161.94
161.87
161.86
161.90
161.99
162.10
162.23
162.34
162.40
162.43
162.43
162.40
162.39
162.40
162.44
162.49
162.56
162.55
162.45
162.25
161.98
161.69
161.48
161.37
161.38
161.48
161.57
161.63
161.64
161.61
161.56
161.52
161.51
161.52
161.56
161.61
161.58
161.47
161.25
160.98
160.69
160.47
160.36
160.37
160.47
160.61
160.82
161.07
161.34
161.62
161.89
162.14
162.36
162.55
162.71
162.83
162.93
163.00
163.05
163.08
163.10
163.08
163.02
162.93
162.81
162.69
162.51
162.28
161.99
161.69
161.38
161.10
160.84
160.61
160.42
160.26
160.14
160.04
159.97
159.93
159.93
159.97
160.05
160.16
160.29
160.49
160.78
161.16
161.57
161.99
162.34
162.59
162.74
162.80
162.80
162.76
162.69
162.60
162.51
162.42
162.36
162.34
162.36
162.41
162.47
162.52
162.54
162.52
162.48
162.43
162.40
162.39
162.42
162.47
162.54
162.53
162.42
162.22
161.96
161.68
161.44
161.28
161.20
161.19
161.23
161.37
161.63
161.99
162.40
162.80
163.16
163.46
163.70
163.88
164.07
164.27
164.51
164.76
165.00
165.14
165.16
165.06
164.89
164.66
164.38
164.08
163.75
163.43
163.13
162.86
162.62
162.42
162.26
162.13
162.04
161.97
161.92
161.89
161.88
161.90
161.96
162.06
162.18
162.31
162.43
162.55
162.66
162.75
162.83
162.87
162.86
162.81
162.73
162.64
162.62
162.69
162.87
163.10
163.26
163.31
163.22
163.03
162.80
162.51
162.18
161.84
161.50
161.18
160.93
160.73
160.61
160.55
160.53
160.57
160.66
160.79
160.95
161.12
161.20
161.18
161.05
160.85
160.61
160.47
160.45
160.57
160.78
161.05
161.32
161.55
161.74
161.89
162.00
162.10
162.21
162.33
162.44
162.56
162.74
163.00
163.35
163.73
164.12
164.47
164.75
164.96
165.12
165.21
165.25
165.22
165.13
165.01
164.76
164.39
163.89
163.34
162.77
162.33
162.06
161.97
162.02
162.16
162.30
162.41
162.47
162.48
162.46
162.48
162.55
162.67
162.83
163.00
163.13
163.18
163.15
163.07
162.96
162.85
162.77
162.73
162.72
162.72
162.76
162.85
162.97
163.11
163.25
163.34
163.36
163.30
163.19
163.04
162.94
162.90
162.93
163.01
163.12
163.11
162.94
162.62
162.20
161.79
161.43
161.16
160.96
160.82
160.65
160.43
160.15
159.84
159.52
159.37
159.44
159.73
160.16
160.67
161.12
161.47
161.70
161.81
161.85
161.86
161.86
161.87
161.88
161.90
161.91
161.93
161.94
161.96
161.97
161.98
161.99
161.99
162.00
162.00
162.08
162.26
162.53
162.85
163.19
163.44
163.58
163.60
163.52
163.39
163.19
162.95
162.68
162.40
162.15
161.96
161.83
161.74
161.70
161.66
161.60
161.54
161.46
161.38
161.36
161.41
161.52
161.68
161.87
162.03
162.15
162.23
162.28
162.29
162.29
162.27
162.24
162.21
162.18
162.12
162.03
161.91
161.78
161.65
161.57
161.57
161.64
161.77
161.92
162.11
162.34
162.58
162.83
163.06
163.28
163.47
163.63
163.76
163.87
164.11
164.51
165.09
165.76
166.45
166.99
167.33
167.45
167.40
167.15
166.75
166.21
165.61
164.99
164.35
163.69
163.03
162.41
161.84
161.43
161.18
161.11
161.15
161.29
161.36
161.35
161.21
160.99
160.74
160.44
160.11
159.77
159.43
159.12
159.00
159.11
159.44
159.92
160.47
161.05
161.61
162.13
162.60
163.00
163.33
163.60
163.81
163.97
164.08
164.10
164.03
163.87
163.66
163.43
163.21
163.03
162.91
162.83
162.75
162.67
162.58
162.48
162.39
162.28
162.15
161.99
161.83
161.67
161.50
161.31
161.11
160.91
160.72
160.63
160.65
160.79
161.01
161.27
161.52
161.73
161.89
162.01
162.10
162.20
162.35
162.54
162.75
162.96
163.09
163.10
163.00
162.83
162.60
162.42
162.29
162.24
162.24
162.29
162.30
162.27
162.18
162.05
161.91
161.81
161.78
161.82
161.92
162.04
162.18
162.32
162.45
162.58
162.63
162.61
162.51
162.36
162.18
161.99
161.81
161.63
161.48
161.34
161.23
161.14
161.07
161.02
160.98
160.98
161.02
161.10
161.21
161.32
161.44
161.55
161.66
161.75
161.82
161.97
162.19
162.50
162.84
163.20
163.47
163.62
163.64
163.56
163.43
163.18
162.82
162.36
161.86
161.36
160.93
160.61
160.41
160.30
160.26
160.32
160.48
160.73
161.03
161.39
161.81
162.28
162.75
163.20
163.59
163.89
164.11
164.26
164.35
164.34
164.24
164.04
163.80
163.53
163.29
163.09
162.95
162.85
162.79
162.70
162.58
162.41
162.21
162.01
161.79
161.55
161.30
161.06
160.83
160.65
160.53
160.47
160.46
160.48
160.55
160.66
160.81
160.98
161.15
161.35
161.56
161.78
162.00
162.21
162.45
162.73
163.05
163.38
163.64
163.81
163.89
163.90
163.86
163.76
163.61
163.41
163.20
162.99
162.66
162.19
161.58
160.91
160.23
159.64
159.16
158.82
158.58
158.45
158.43
158.53
158.73
159.00
159.29
159.64
160.03
160.47
160.91
161.33
161.66
161.89
162.00
162.02
161.98
161.98
162.05
162.20
162.41
162.63
162.84
163.00
163.12
163.20
163.24
163.31
163.42
163.58
163.77
163.87
163.83
163.66
163.39
163.08
162.77
162.50
162.29
162.12
162.00
161.89
161.77
161.65
161.53
161.42
161.40
161.48
161.68
161.94
162.23
162.56
162.90
163.26
163.60
163.91
164.08
164.09
163.93
163.67
163.33
163.09
162.96
162.98
163.10
163.29
163.41
163.41
163.29
163.08
162.82
162.59
162.43
162.35
162.33
162.34
162.45
162.63
162.88
163.17
163.47
163.69
163.79
163.76
163.65
163.53
163.45
163.43
163.44
163.47
163.50
163.51
163.49
163.44
163.39
163.39
163.44
163.56
163.73
163.91
164.10
164.27
164.44
164.58
164.71
164.68
164.47
164.09
163.60
163.07
162.64
162.35
162.24
162.26
162.37
162.47
162.55
162.57
162.56
162.52
162.41
162.23
161.99
161.71
161.43
161.15
160.89
160.67
160.47
160.31
160.34
160.58
161.04
161.63
162.14
162.51
162.68
162.71
162.65
162.43
162.08
161.62
161.10
160.57
160.20
160.02
160.05
160.23
160.51
160.81
161.09
161.34
161.55
161.72
161.86
161.96
162.03
162.08
162.11
162.10
162.05
161.96
161.84
161.71
161.59
161.47
161.36
161.26
161.18
161.14
161.15
161.19
161.27
161.36
161.46
161.56
161.65
161.74
161.81
161.90
162.00
162.13
162.27
162.40
162.53
162.64
162.74
162.82
162.92
163.03
163.16
163.29
163.43
163.52
163.58
163.58
163.56
163.51
163.42
163.30
163.14
162.97
162.80
162.69
162.66
162.70
162.81
162.94
163.12
163.33
163.57
163.81
164.05
164.24
164.37
164.44
164.47
164.46
164.38
164.22
163.99
163.73
163.45
163.20
163.00
162.86
162.77
162.72
162.65
162.54
162.37
162.19
161.99
161.83
161.71
161.65
161.62
161.54
161.39
161.15
160.87
160.58
160.39
160.35
160.46
160.67
160.95
161.17
161.30
161.33
161.27
161.17
161.06
160.96
160.90
160.86
160.84
160.94
161.18
161.54
161.99
162.46
162.82
163.03
163.06
162.98
162.82
162.66
162.54
162.48
162.46
162.48
162.55
162.66
162.81
162.98
163.15
163.37
163.64
163.95
164.28
164.61
164.75
164.67
164.37
163.92
163.56
163.36
163.36
163.50
163.73
163.91
163.98
163.93
163.79
163.60
163.37
163.15
162.92
162.72
162.54
162.44
162.42
162.49
162.63
162.79
162.97
163.15
163.33
163.48
163.62
163.60
163.41
163.04
162.57
162.04
161.54
161.09
160.72
160.42
160.19
160.04
159.98
159.99
160.05
160.14
160.23
160.29
160.31
160.32
160.30
160.33
160.41
160.55
160.73
160.92
161.14
161.38
161.63
161.88
162.09
162.25
162.34
162.39
162.41
162.37
162.28
162.15
162.00
161.84
161.76
161.79
161.92
162.13
162.37
162.55
162.63
162.60
162.50
162.34
162.30
162.39
162.66
163.02
163.43
163.75
163.94
163.96
163.87
163.71
163.67
163.79
164.10
164.52
165.01
165.40
165.65
165.74
165.71
165.60
165.41
165.16
164.87
164.57
164.27
163.99
163.75
163.54
163.36
163.21
163.10
163.02
162.96
162.92
162.87
162.80
162.71
162.61
162.50
162.46
162.48
162.58
162.72
162.89
163.04
163.16
163.23
163.27
163.29
163.31
163.34
163.41
163.48
163.56
163.61
163.63
163.61
163.56
163.50
163.40
163.27
163.11
162.94
162.77
162.61
162.47
162.34
162.23
162.14
162.05
161.94
161.81
161.68
161.55
161.46
161.41
161.40
161.43
161.46
161.46
161.44
161.41
161.36
161.36
161.42
161.55
161.71
161.90
162.19
162.61
163.13
163.70
164.28
164.70
164.91
164.91
164.75
164.49
164.12
163.67
163.16
162.63
162.12
161.73
161.48
161.39
161.41
161.51
161.66
161.84
162.02
162.21
162.38
162.56
162.75
162.95
163.14
163.33
163.46
163.55
163.58
163.57
163.53
163.48
163.41
163.35
163.28
163.22
163.14
163.04
162.91
162.77
162.68
162.67
162.73
162.84
162.98
163.08
163.11
163.08
163.00
162.89
162.69
162.39
161.99
161.56
161.12
160.75
160.48
160.31
160.24
160.22
160.26
160.32
160.40
160.49
160.58
160.71
160.91
161.15
161.43
161.70
161.88
161.95