50.63
50.18
49.83
49.59
49.44
49.37
49.38
49.46
49.60
49.77
49.96
50.22
50.57
51.00
51.46
51.92
52.35
52.74
53.08
53.37
53.61
53.74
53.77
53.69
53.55
53.36
53.16
52.96
52.77
52.59
52.43
52.25
52.03
51.76
51.48
51.21
50.95
50.72
50.52
50.35
50.21
50.16
50.19
50.31
50.49
50.66
50.82
50.94
51.02
51.08
51.20
51.39
51.67
51.98
52.31
52.61
52.85
53.02
53.15
53.23
53.16
52.95
52.59
52.14
51.66
51.26
50.98
50.84
50.80
50.84
50.96
51.13
51.36
51.60
51.85
52.05
52.21
52.31
52.36
52.38
52.37
52.34
52.31
52.27
52.22
52.13
51.97
51.76
51.52
51.26
51.02
50.79
50.59
50.42
50.28
50.16
50.07
50.01
49.96
49.93
49.91
49.90
49.90
49.91
50.02
50.26
50.63
51.07
51.53
51.86
52.00
51.93
51.73
51.45
51.14
50.86
50.61
50.40
50.24
50.11
50.01
49.94
49.90
49.87
49.89
49.95
50.04
50.16
50.29
50.47
50.70
50.99
51.30
51.61
51.90
52.16
52.39
52.58
52.74
52.78
52.71
52.51
52.23
51.92
51.68
51.54
51.52
51.59
51.68
51.78
51.86
51.92
51.97
52.01
52.03
52.05
52.06
52.06
52.00
51.88
51.70
51.48
51.25
51.04
50.89
50.78
50.72
50.69
50.71
50.79
50.90
51.04
51.19
51.36
51.56
51.77
51.99
52.20
52.38
52.55
52.69
52.80
52.89
52.96
53.01
53.05
53.07
53.08
53.06
53.00
52.90
52.79
52.67
52.52
52.35
52.15
51.96
51.77
51.60
51.44
51.31
51.20
51.09
50.96
50.83
50.68
50.55
50.48
50.48
50.57
50.70
50.87
51.04
51.22
51.38
51.53
51.66
51.74
51.77
51.75
51.70
51.62
51.51
51.36
51.19
51.00
50.82
50.70
50.66
50.70
50.80
50.93
51.11
51.32
51.56
51.81
52.04
52.20
52.28
52.26
52.19
52.07
51.95
51.86
51.81
51.78
51.77
51.78
51.79
51.82
51.84
51.87
51.89
51.92
51.94
51.96
51.97
51.98
51.99
52.00
52.00
52.03
52.09
52.18
52.29
52.40
52.49
52.53
52.54
52.51
52.47
52.36
52.18
51.94
51.67
51.39
51.20
51.12
51.17
51.30
51.48
51.66
51.82
51.94
52.03
52.09
52.10
52.06
51.98
51.87
51.74
51.59
51.41
51.21
51.01
50.81
50.71
50.72
50.85
51.05
51.30
51.49
51.58
51.56
51.46
51.31
51.11
50.87
50.60
50.33
50.10
49.91
49.79
49.71
49.67
49.69
49.76
49.88
50.02
50.17
50.40
50.71
51.11
51.54
51.97
52.28
52.43
52.40
52.25
52.03
51.90
51.90
52.07
52.35
52.68
52.96
53.15
53.21
53.20
53.12
52.98
52.79
52.56
52.32
52.07
51.82
51.56
51.29
51.04
50.80
50.59
50.42
50.27
50.15
50.06
50.08
50.20
50.44
50.74
51.08
51.39
51.65
51.85
52.00
52.08
52.09
52.04
51.95
51.83
51.76
51.75
51.81
51.92
52.05
52.16
52.25
52.30
52.31
52.31
52.29
52.26
52.23
52.19
52.15
52.04
51.84
51.55
51.20
50.85
50.55
50.34
50.23
50.19
50.21
50.26
50.34
50.43
50.52
50.61
50.70
50.77
50.84
50.89
50.94
50.94
50.91
50.84
50.75
50.64
50.53
50.43
50.33
50.25
50.17
50.17
50.23
50.37
50.56
50.71
50.81
50.83
50.81
50.74
50.66
50.57
50.47
50.38
50.29
50.22
50.15
50.10
50.06
50.02
50.03
50.07
50.15
50.25
50.36
50.44
50.49
50.50
50.48
50.44
50.36
50.25
50.10
49.94
49.77
49.65
49.56
49.52
49.52
49.55
49.70
49.98
50.39
50.87
51.38
51.74
51.91
51.88
51.70
51.43
51.22
51.11
51.14
51.26
51.41
51.55
51.68
51.79
51.88
51.89
51.83
51.68
51.49
51.28
51.12
51.02
51.01
51.05
51.13
51.21
51.26
51.29
51.29
51.28
51.25
51.22
51.19
51.15
51.12
51.15
51.24
51.39
51.59
51.80
51.94
51.97
51.88
51.72
51.52
51.43
51.49
51.72
52.06
52.45
52.67
52.68
52.43
52.02
51.51
51.08
50.77
50.62
50.59
50.64
50.70
50.73
50.71
50.66
50.64
50.67
50.77
50.90
51.05
51.18
51.28
51.33
51.35
51.34
51.29
51.20
51.08
50.93
50.78
50.63
50.49
50.37
50.26
50.17
50.24
50.47
50.87
51.38
51.92
52.42
52.82
53.12
53.31
53.44
53.50
53.52
53.50
53.46
53.41
53.25
52.96
52.54
52.06
51.56
51.13
50.79
50.57
50.43
50.37
50.44
50.64
50.95
51.34
51.75
52.06
52.21
52.20
52.08
51.88
51.64
51.39
51.13
50.89
50.73
50.66
50.68
50.77
50.89
50.99
51.03
51.00
50.93
50.83
50.79
50.85
51.00
51.21
51.46
51.63
51.71
51.67
51.55
51.39
51.20
51.00
50.81
50.63
50.47
50.42
50.48
50.65
50.90
51.19
51.43
51.61
51.70
51.72
51.70
51.60
51.41
51.15
50.86
50.55
50.25
49.97
49.73
49.52
49.34
49.23
49.18
49.18
49.23
49.31
49.40
49.49
49.59
49.67
49.83
50.07
50.40
50.77
51.14
51.43
51.59
51.62
51.55
51.42
51.23
50.99
50.71
50.43
50.15
49.84
49.50
49.13
48.75
48.40
48.21
48.21
48.41
48.75
49.16
49.54
49.86
50.09
50.25
50.35
50.53
50.83
51.27
51.77
52.29
52.78
53.20
53.54
53.80
53.99
54.05
53.96
53.75
53.45
53.11
52.76
52.42
52.10
51.82
51.53
51.22
50.88
50.54
50.22
50.01
49.93
49.99
50.13
50.33
50.51
50.64
50.69
50.69
50.65
50.54
50.35
50.09
49.80
49.50
49.29
49.19
49.22
49.34
49.51
49.68
49.83
49.94
50.03
50.09
50.15
50.22
50.32
50.42
50.52
50.54
50.46
50.27
50.01
49.73
49.52
49.41
49.41
49.50
49.65
49.90
50.26
50.71
51.20
51.69
52.16
52.59
52.96
53.28
53.44
53.41
53.22
52.91
52.53
52.14
51.74
51.38
51.04
50.76
50.49
50.23
49.99
49.76
49.57
49.50
49.59
49.84
50.18
50.57
50.97
51.36
51.72
52.05
52.32
52.44
52.40
52.19
51.87
51.49
51.15
50.87
50.68
50.57
50.51
50.58
50.77
51.07
51.44
51.84
52.13
52.27
52.24
52.11
51.90
51.71
51.56
51.48
51.45
51.46
51.50
51.55
51.61
51.67
51.71
51.71
51.67
51.61
51.53
51.37
51.12
50.77
50.38
49.98
49.73
49.66
49.79
50.05
50.39
50.72
50.99
51.18
51.30
51.37
51.37
51.32
51.21
51.06
50.91
50.83
50.85
50.98
51.18
51.42
51.67
51.91
52.14
52.35
52.53
52.66
52.72
52.73
52.70
52.64
52.53
52.39
52.22
52.03
51.85
51.67
51.51
51.37
51.26
51.16
51.08
51.03
50.99
50.96
50.94
50.93
50.93
50.93
50.93
50.97
51.03
51.13
51.25
51.37
51.43
51.43
51.35
51.22
51.07
50.90
50.74
50.58
50.44
50.32
50.30
50.39
50.59
50.86
51.16
51.42
51.61
51.70
51.73
51.72
51.64
51.51
51.34
51.15
50.95
50.76
50.59
50.44
50.31
50.20
50.11
50.05
50.00
49.96
49.94
49.98
50.09
50.27
50.49
50.72
50.95
51.17
51.37
51.54
51.61
51.55
51.38
51.13
50.84
50.59
50.42
50.32
50.29
50.31
50.36
50.43
50.51
50.59
50.67
50.69
50.64
50.51
50.35
50.16
50.10
50.20
50.47
50.85
51.28
51.68
52.00
52.23
52.37
52.46
52.46
52.40
52.28
52.13
51.97
51.80
51.64
51.49
51.36
51.25
51.16
51.09
51.03
50.99
50.97
51.00
51.11
51.28
51.50
51.73
51.96
52.17
52.37
52.54
52.66
52.72
52.72
52.69
52.63
52.55
52.47
52.38
52.30
52.23
52.14
52.03
51.90
51.76
51.62
51.46
51.29
51.10
50.90
50.72
50.58
50.49
50.45
50.46
50.49
50.49
50.43
50.32
50.17
50.00
49.93
50.00
50.20
50.50
50.84
51.14
51.37
51.51
51.58
51.60
51.56
51.45
51.30
51.13
50.95
50.82
50.77
50.80
50.89
51.01
51.14
51.28
51.42
51.55
51.66
51.76
51.84
51.91
51.96
52.05
52.19
52.39
52.61
52.84
53.01
53.10
53.11
53.05
52.96
52.79
52.54
52.24
51.91
51.57
51.28
51.04
50.88
50.77
50.70
50.65
50.59
50.51
50.43
50.36
50.33
50.38
50.50
50.67
50.85
50.99
51.06
51.05
50.99
50.90
50.84
50.83
50.88
50.98
51.06
51.07
51.03
50.95
50.84
50.69
50.51
50.30
50.08
49.87
49.74
49.68
49.71
49.80
49.93
50.05
50.14
50.20
50.23
50.24
50.29
50.39
50.54
50.73
50.93
51.15
51.39
51.65
51.90
52.13
52.34
52.53
52.68
52.81
52.90
52.92
52.86
52.72
52.53
52.31
52.14
52.04
52.03
52.07
52.14
52.24
52.35
52.47
52.57
52.67
52.70
52.66
52.54
52.38
52.24
52.16
52.15
52.19
52.26
52.26
52.19
52.02
51.79
51.54
51.36
51.28
51.31
51.43
51.60
51.71
51.73
51.66
51.52
51.34
51.19
51.11
51.10
51.14
51.21
51.33
51.49
51.69
51.89
52.09
52.21
52.21
52.09
51.89
51.66
51.37
51.06
50.74
50.41
50.11
49.87
49.69
49.58
49.53
49.52
49.56
49.66
49.79
49.95
50.12
50.29
50.44
50.58
50.70
50.83
50.96
51.11
51.27
51.42
51.55
51.67
51.77
51.85
51.92
51.94
51.92
51.86
51.77
51.66
51.53
51.36
51.18
50.98
50.79
50.62
50.46
50.33
50.22
50.13
50.03
49.92
49.80
49.67
49.54
49.55
49.74
50.09
50.55
51.05
51.49
51.80
51.98
52.05
52.05
51.99
51.89
51.78
51.66
51.54
51.45
51.41
51.41
51.44
51.49
51.50
51.46
51.35
51.20
51.05
50.94
50.86
50.81
50.79
50.79
50.79
50.81
50.83
50.86
50.88
50.90
50.93
50.95
50.96
50.92
50.82
50.65
50.44
50.22
50.13
50.21
50.47
50.84
51.26
51.66
51.98
52.20
52.35
52.44
52.42
52.30
52.10
51.84
51.57
51.34
51.19
51.13
51.14
51.18
51.29
51.44
51.63
51.84
52.04
52.24
52.42
52.57
52.70
52.81
52.82
52.71
52.49
52.21
51.89
51.56
51.25
50.97
50.72
50.50
50.32
50.18
50.07
49.99
49.94
49.90
49.88
49.87
49.88
49.88
49.89
49.91
49.92
49.94
49.95
49.96
49.97
49.98
49.99
50.10
50.34
50.69
51.12
51.58
51.95
52.19
52.30
52.31
52.24
52.19
52.16
52.19
52.25
52.34
52.40
52.44
52.45
52.43
52.39
52.31
52.21
52.06
51.91
51.75
51.60
51.46
51.34
51.24
51.18
51.17
51.21
51.28
51.36
51.40
51.38
51.30
51.17
51.01
50.96
51.03
51.24
51.53
51.87
52.11
52.22
52.18
52.04
51.83
51.58
51.33
51.07
50.84
50.63
50.53
50.56
50.70
50.93
51.20
51.43
51.59
51.68
51.70
51.68
51.65
51.64
51.65
51.68
51.71
51.73
51.71
51.66
51.59
51.51
51.45
51.43
51.44
51.48
51.54
51.52
51.41
51.21
50.95
50.85
50.96
51.31
51.80
52.37
52.83
53.13
53.22
53.16
53.01
52.79
52.55
52.29
52.04
51.81
51.58
51.35
51.11
50.89
50.68
50.56
50.52
50.57
50.68
50.83
50.97
51.09
51.16
51.21
51.23
51.25
51.30
51.37
51.45
51.54
51.57
51.54
51.43
51.28
51.11
50.92
50.75
50.58
50.44
50.31
50.23
50.21
50.23
50.29
50.34
50.37
50.37
50.35
50.32
50.36
50.49
50.72
51.00
51.30
51.52
51.64
51.63
51.54
51.39
51.29
51.28
51.36
51.50
51.68
51.93
52.25
52.61
53.00
53.37
53.64
53.79
53.79
53.70
53.54
53.32
53.06
52.76
52.46
52.17
51.91
51.67
51.47
51.31
51.18
51.13
51.17
51.29
51.47
51.68
51.76
51.68
51.43
51.07
50.66
50.28
49.97
49.76
49.62
49.60
49.68
49.87
50.11
50.38
50.63
50.84
50.99
51.10
51.17
51.24
51.31
51.40
51.50
51.59
51.70
51.84
52.00
52.16
52.32
52.39
52.35
52.19
51.97
51.71
51.46
51.25
51.08
50.97
50.89
50.81
50.72
50.63
50.52
50.43
50.39
50.42
50.53
50.68
50.86
51.04
51.23
51.39
51.54
51.67
51.76
51.79
51.77
51.71
51.63
51.55
51.45
51.37
51.29
51.21
51.15
51.10
51.06
51.03
51.00
50.99
50.97
50.97
50.97
50.88
50.71
50.45
50.13
49.80
49.57
49.49
49.57
49.75
50.00
50.31
50.66
51.02
51.39
51.73
52.01
52.22
52.35
52.43
52.46
52.43
52.34
52.21
52.06
51.89
51.67
51.40
51.09
50.75
50.43
50.20
50.10
50.13
50.25
50.43
50.50
50.44
50.21
49.87
49.48
49.13
48.85
48.67
48.55
48.58
48.74
49.02
49.38
49.77
50.19
50.63
51.06
51.46
51.83
52.06
52.16
52.11
51.97
51.76
51.49
51.19
50.86
50.52
50.21
50.06
50.10
50.33
50.69
51.12
51.52
51.86
52.10
52.26
52.36
52.39
52.34
52.24
52.10
51.95
51.79
51.63
51.49
51.37
51.26
51.14
51.01
50.87
50.72
50.58
50.42
50.25
50.06
49.87
49.69
49.59
49.56
49.62
49.73
49.82
49.87
49.86
49.81
49.73
49.71
49.78
49.95
50.18
50.43
50.70
50.95
51.19
51.39
51.57
51.77
52.01
52.28
52.56
52.83
52.98
52.98
52.82
52.55
52.23
52.02
51.97
52.09
52.33
52.64
52.88
53.00
52.98
52.86
52.67
52.45
52.22
51.99
51.78
51.59
51.37
51.12
50.83
50.53
50.23
49.99
49.81
49.69
49.62
49.62
49.68
49.79
49.94
50.10
50.28
50.49
50.72
50.94
51.16
51.30
51.36
51.33
51.23
51.10
50.90
50.63
50.30
49.94
49.59
49.34
49.21
49.22
49.32
49.48
49.72
50.04
50.43
50.83
51.23
51.64
52.03
52.41
52.76
53.08
53.29
53.40
53.40
53.33
53.21
53.05
52.89
52.73
52.58
52.44
52.30
52.14
51.96
51.79
51.63
51.43
51.18
50.90
50.59
50.30
50.02
49.77
49.55
49.37
49.28
49.28
49.37
49.52
49.71
49.93
50.19
50.46
50.74
51.00
51.26
51.53
51.79
52.04
52.26
52.38
52.38
52.25
52.04
51.78
51.58
51.48
51.49
51.58
51.72
51.80
51.81
51.71
51.55
51.36
51.18
51.03
50.92
50.85
50.81
50.76
50.70
50.63
50.54
50.45
50.33
50.19
50.03
49.86
49.70
49.60
49.58
49.64
49.76
49.88
49.98
50.06
50.11
50.13
50.23
50.40
50.66
50.97
51.29
51.58
51.82
52.00
52.13
52.21
52.28
52.35
52.44
52.53
52.62
52.65
52.61
52.49
52.33
52.15
51.99
51.86
51.78
51.73
51.72
51.69
51.65
51.59
51.51
51.43
51.35
51.28
51.21
51.15
51.10
51.09
51.12
51.18
51.27
51.37
51.40
51.33
51.15
50.92
50.65
50.42
50.27
50.20
50.20
50.24
50.31
50.39
50.48
50.58
50.66
50.74
50.81
50.87
50.92
51.01
51.15
51.35
51.58
51.82
52.04
52.26
52.44
52.60
52.74
52.82
52.85
52.82
52.76
52.67
52.50
52.23
51.87
51.46
51.04
50.70
50.44
50.29
50.23
50.22
50.31
50.49
50.76
51.06
51.37
51.58
51.63
51.53
51.33
51.06
50.84
50.71
50.69
50.74
50.85
50.98
51.13
51.28
51.43
51.56
51.67
51.77
51.85
51.92
52.02
52.17
52.38
52.61
52.84
53.04
53.19
53.29
53.34
53.36
53.30
53.16
52.95
52.70
52.43
52.19
52.00
51.87
51.78
51.73
51.71
51.71
51.73
51.76
51.79
51.82
51.85
51.88
51.91
51.94
51.96
51.97
51.99
52.00
52.00
51.98
51.93
51.84
51.73
51.62
51.53
51.48
51.48
51.50
51.54
51.57
51.57
51.55
51.50
51.43
51.37
51.30
51.24
51.18
51.11
51.01
50.88
50.75
50.62
50.52
50.46
50.45
50.47
50.51
50.54
50.55
50.52
50.48
50.42
50.38
50.38
50.41
50.46
50.52
50.62
50.75
50.91
51.08
51.24
51.35
51.38
51.32
51.21
51.07
50.92
50.76
50.61
50.47
50.35
50.32
50.41
50.61
50.87
51.18
51.48
51.78
52.05
52.30
52.42
52.42
52.29
52.08
51.82
51.59
51.43
51.34
51.32
51.34
51.36
51.37
51.36
51.33
51.29
51.28
51.29
51.34
51.41
51.49
51.52
51.49
51.38
51.24
51.07
50.89
50.72
50.56
50.42
50.30
50.20
50.12
50.06
50.01
49.97
50.01
50.11
50.28
50.49
50.72
50.95
51.17
51.36
51.54
51.68
51.80
51.89
51.97
52.02
52.05
52.10
52.17
52.26
52.37
52.37
52.24
51.98
51.64
51.26
50.92
50.66
50.50
50.42
50.39
50.34
50.27
50.15
50.00
49.85
49.72
49.63
49.59
49.58
49.60
49.74
50.01
50.42
50.89
51.39
51.77
52.00
52.05
51.98
51.82
51.75
51.80
52.01
52.32
52.68
52.92
53.00
52.89
52.67
52.37
52.05
51.77
51.52
51.32
51.17
51.02
50.88
50.73
50.59
50.46
50.34
50.24
50.16
50.09
50.07
50.09
50.15
50.24
50.34
50.47
50.64
50.82
51.02
51.21
51.38
51.54
51.67
51.78
51.87
51.99
52.16
52.38
52.61
52.85
53.00
53.04
52.96
52.80
52.59
52.33
52.04
51.72
51.41
51.12
50.82
50.53
50.25
49.98
49.74
49.59
49.53
49.57
49.67
49.81
49.95
50.06
50.14
50.18
50.20
50.24
50.29
50.36
50.44
50.53
50.62
50.70
50.78
50.84
50.89
50.93
50.97
50.99
51.01
51.00
50.95
50.86
50.75
50.64
50.50
50.33
50.15
49.95
49.77
49.70
49.78
50.01
50.33
50.69
50.99
51.19
51.26
51.25
51.17
51.16
51.25
51.46
51.75
52.07
52.42
52.79
53.17
53.53
53.87
54.05
54.08
53.93
53.67
53.34
52.96
52.55
52.12
51.71
51.33
51.08
50.96
50.99
51.11
51.30
51.42
51.42
51.30
51.09
50.86
50.63
50.44
50.29
50.16
50.07
49.99
49.95
49.91
49.90
49.86
49.81
49.72
49.63
49.53
49.51
49.59
49.77
50.02
50.30
50.56
50.78
50.95
51.06
51.14
51.17
51.13
51.05
50.93
50.80
50.72
50.71
50.76
50.87
51.01
51.10
51.14
51.10
51.01
50.90
50.88
50.98
51.21
51.52
51.87
52.07
52.07
51.86
51.50
51.14
50.84
50.64
50.52
50.46
50.45
50.47
50.51
50.57
50.63
50.69
50.75
50.81
50.86
50.90
50.91
50.88
50.81
50.72
50.62
50.51
50.41
50.32
50.24
50.17
50.19
50.32
50.55
50.84
51.16
51.43
51.62
51.73
51.76
51.74
51.72
51.70
51.70
51.72
51.75
51.76
51.74
51.68
51.61
51.52
51.41
51.26
51.10
50.92
50.75
50.62
50.53
50.49
50.50
50.58
50.74
50.97
51.24
51.53
51.70
51.73
51.60
51.38
51.09
50.80
50.55
50.34
50.17
50.05
50.04
50.15
50.38
50.68
51.02
51.36
51.68
51.98
52.25
52.47
52.66
52.81
52.92
53.01
53.07
53.02
52.87
52.61
52.29
51.94
51.62
51.35
51.14
50.99
50.88
50.86
50.94
51.11
51.32
51.56
51.83
52.13
52.43
52.73
53.01
53.26
53.47
53.65
53.79
53.82
53.73
53.52
53.24
52.93
52.60
52.29
52.00
51.74
51.53
51.40
51.37
51.43
51.56
51.73
51.81
51.77
51.59
51.33
51.02
50.72
50.46
50.25
50.10
49.98
49.93
49.93
49.99
50.09
50.21
50.36
50.54
50.74
50.95
51.16
51.29
51.34
51.31
51.21
51.08
50.98
50.94
50.97
51.05
51.15
51.24
51.31
51.34
51.34
51.32
51.29
51.26
51.22
51.18
51.22
51.36
51.60
51.89
52.21
52.40
52.42
52.24
51.95
51.59
51.22
50.88
50.60
50.37
50.19
50.08
50.04
50.06
50.13
50.22
50.30
50.35
50.37
50.36
50.34
50.31
50.26
50.22
50.18
50.14
50.11
50.08
50.05
50.03
50.01
50.06
50.16
50.34
50.55
50.77
50.89
50.87
50.70
50.44
50.13
49.87
49.72
49.67
49.72
49.81
49.95
50.09
50.25
50.39
50.53
50.65
50.75
50.84
50.91
50.91
50.83
50.68
50.48
50.27
50.02
49.76
49.47
49.20
48.94
48.84
48.93
49.21
49.61
50.07
50.55
51.01
51.45
51.83
52.17
52.29
52.17
51.81
51.30
50.71
50.21
49.84
49.65
49.59
49.62
49.80
50.10
50.53
51.01
51.51
51.88
52.10
52.14
52.05
51.88
51.77
51.75
51.87
52.06
52.24
52.38
52.46
52.50
52.49
52.54
52.67
52.88
53.14
53.43
53.58
53.56
53.35
53.03
52.64
52.28
51.99
51.78
51.65
51.58
51.55
51.55
51.58
51.62
51.67
51.61
51.44
51.13
50.74
50.33
50.05
49.94
50.03
50.25
50.55
50.84
51.08
51.24
51.34
51.39
51.36
51.23
51.02
50.77
50.50
50.36
50.39
50.61
50.94
51.34
51.68
51.92
52.04
52.07
52.03
51.95
51.84
51.72
51.60
51.48
51.37
51.28
51.19
51.13
50.99
50.78
50.48
50.14
49.78
49.52
49.38
49.36
49.44
49.57
49.77
50.02
50.30
50.58
50.86
51.06
51.17
51.19
51.13
51.04
50.97
50.94
50.99
51.07
51.18
51.19
51.08
50.84
50.52
50.16
49.90
49.78
49.81
49.95
50.16
50.43
50.74
51.08
51.42
51.75
52.01
52.21
52.34
52.41
52.42
52.35
52.24
52.09
51.93
51.79
51.70
51.64
51.63
51.63
51.58
51.44
51.22
50.94
50.64
50.37
50.15
49.99
49.87
49.80
49.70
49.57
49.40
49.20
49.00
48.96
49.13
49.50
50.01
50.57
51.13
51.63
52.05
52.40
52.68
52.89
53.04
53.15
53.21
53.25
53.21
53.09
52.89
52.65
52.40
52.14
51.90
51.69
51.50
51.34
51.29
51.36
51.55
51.82
52.01
52.09
52.04
51.89
51.69
51.46
51.21
50.98
50.76
50.57
50.41
50.27
50.16
50.07
50.01
50.10
50.35
50.78
51.31
51.87
52.30
52.55
52.58
52.47
52.26
51.99
51.70
51.40
51.12
50.86
50.63
50.44
50.28
50.15
50.06
50.01
50.02
50.08
50.17
50.28
50.50
50.84
51.30
51.82
52.36
52.74
52.93
52.91
52.73
52.47
52.23
52.06
52.00
52.00
51.95
51.82
51.57
51.26
50.92
50.61
50.34
50.14
49.99
49.88
49.87
49.95
50.11
50.33
50.57
50.84
51.13
51.44
51.73
52.01
52.18
52.22
52.13
51.95
51.72
51.52
51.38
51.32
51.31
51.34
51.37
51.38
51.37
51.35
51.31
51.27
51.22
51.18
51.14
51.10
51.10
51.13
51.20
51.29
51.39
51.47
51.51
51.52
51.49
51.34
51.05
50.64
50.15
49.64
49.33
49.27
49.48
49.87
50.36
50.79
51.11
51.27
51.31
51.28
51.23
51.22
51.25
51.31
51.39
51.53
51.74
52.00
52.30
52.59
52.85
53.05
53.19
53.27
53.32
53.33
53.33
53.31
53.27
53.24
53.25
53.33
53.47
53.65
53.85
53.95
53.91
53.73
53.45
53.13
52.76
52.37
51.97
51.59
51.23
50.86
50.48
50.08
49.68
49.42
49.33
49.40
49.59
49.86
50.16
50.46
50.76
51.04
51.28
51.46
51.58
51.63
51.63
51.60
51.55
51.48
51.41
51.33
51.26
51.17
51.06
50.93
50.78
50.64
50.61
50.72
50.97
51.31
51.69
52.03
52.29
52.46
52.55
52.59
52.55
52.46
52.32
52.15
51.97
51.79
51.62
51.47
51.34
51.23
51.06
50.82
50.50
50.14
49.78
49.53
49.44
49.51
49.69
49.95
50.23
50.53
50.81
51.08
51.26
51.34
51.33
51.25
51.13
51.09
51.17
51.37
51.65
51.98
52.23
52.38
52.42
52.37
52.26
52.08
51.87
51.61
51.35
51.10
50.91
50.81
50.81
50.87
50.97
51.07
51.15
51.20
51.22
51.23
51.19
51.11
51.00
50.87
50.73
50.65
50.63
50.70
50.81
50.96
51.11
51.27
51.42
51.55
51.67
51.72
51.69
51.58
51.41
51.22
51.02
50.83
50.65
50.49
50.38
50.32
50.31
50.35
50.40
50.48
50.56
50.64
50.71
50.78
50.94
51.22
51.62
52.08
52.56
52.92
53.12
53.15
53.05
52.88
52.71
52.58
52.51
52.49
52.50
52.45
52.33
52.12
51.86
51.58
51.32
51.11
50.96
50.85
50.79
50.70
50.57
50.40
50.21
50.00
49.86
49.80
49.82
49.89
50.01
50.11
50.19
50.24
50.26
50.29
50.33
50.40
50.47
50.56
50.64
50.72
50.79
50.85
50.90
50.91
50.88
50.82
50.73
50.63
50.55
50.51
50.50
50.52
50.57
50.67
50.84
51.08
51.35
51.62
51.81
51.88
51.84
51.70
51.52
51.31
51.09
50.88
50.69
50.51
50.45
50.49
50.66
50.90
51.19
51.48
51.77
52.04
52.27
52.48
52.63
52.71
52.73
52.70
52.57
52.32
51.97
51.57
51.15
50.77
50.44
50.19
50.01
49.88
49.85
49.91
50.07
50.28
50.53
50.80
51.10
51.41
51.71
51.99
52.24
52.46
52.64
52.78
52.90
52.93
52.88
52.74
52.55
52.33
52.06
51.73
51.35
50.96
50.58
50.37
50.34
50.52
50.83
51.22
51.53
51.72
51.77
51.70
51.56
51.49
51.52
51.67
51.91
52.18
52.39
52.50
52.50
52.42
52.29
52.13
51.95
51.78
51.62
51.44
51.26
51.06
50.87
50.68
50.52
50.38
50.25
50.16
50.08
50.02
49.98
49.95
49.93
49.93
49.92
49.93
49.93
49.94
49.95
50.01
50.13
50.32
50.54
50.77
51.00
51.21
51.41
51.57
51.71
51.77
51.74
51.63
51.47
51.27
51.12
51.04
51.03
51.07
51.16
51.31
51.54
51.83
52.15
52.47
52.67
52.72
52.61
52.40
52.14
51.89
51.67
51.48
51.31
51.16
51.00
50.84
50.68
50.53
50.40
50.28
50.19
50.11
50.05
50.03
50.06
50.13
50.22
50.33
50.47
50.63
50.82
51.02
51.21
51.33
51.37
51.33
51.22
51.09
50.99
50.94
50.97
51.04
51.15
51.24
51.30
51.33
51.33
51.32
51.32
51.34
51.39
51.46
51.53
51.59
51.60
51.59
51.54
51.48
51.39
51.26
51.10
50.93
50.77
50.61
50.46
50.34
50.23
50.20
50.25
50.37
50.55
50.75
50.95
51.16
51.34
51.51
51.65
51.72
51.70
51.59
51.43
51.25
51.05
50.85
50.67
50.51
50.37
50.33
50.40
50.59
50.86
51.16
51.36
51.43
51.34
51.16
50.92
50.64
50.37
50.10
49.85
49.63
49.50
49.46
49.51
49.63
49.79
49.99
50.22
50.48
50.74
51.00
51.25
51.51
51.77
52.02
52.17
52.20
52.10
51.92
51.69
51.49
51.35
51.29
51.28
51.32
51.38
51.45
51.54
51.62
51.70
51.71
51.66
51.54
51.37
51.17
50.98
50.79
50.61
50.45
50.32
50.24
50.21
50.23
50.28
50.36
50.45
50.54
50.63
50.71
50.78
50.93
51.15
51.46
51.81
52.18
52.48
52.69
52.80
52.83
52.81
52.73
52.59
52.41
52.21
51.97
51.72
51.45
51.18
50.93
50.76
50.68
50.69
50.77
50.89
51.01
51.11
51.17
51.20
51.21
51.21
51.20
51.18
51.16
51.13
51.08
51.00
50.89
50.77
50.64
50.51
50.40
50.30
50.21
50.14
50.08
50.04
50.00
49.98
49.96
49.98
50.03
50.12
50.23
50.35
50.49
50.66
50.85
51.05
51.23
51.40
51.56
51.69
51.80
51.88
51.92
51.92
51.86
51.78
51.68
51.57
51.46
51.37
51.28
51.23
51.22
51.26
51.32
51.40
51.47
51.50
51.49
51.47
51.42
51.37
51.31
51.25
51.20
51.15
51.19
51.33
51.56
51.86
52.19
52.46
52.65
52.75
52.78
52.76
52.70
52.63
52.54
52.45
52.36
52.26
52.13
51.98
51.82
51.66
51.47
51.22
50.94
50.63
50.33
50.02
49.71
49.40
49.11
48.84
48.67
48.59
48.61
48.70
48.91
49.24
49.67
50.15
50.63
51.02
51.28
51.39
51.40
51.33
51.29
51.31
51.41
51.57
51.76
51.88
51.90
51.82
51.66
51.46
51.35
51.36
51.51
51.75
52.03
52.29
52.47
52.58
52.62
52.62
52.59
52.53
52.46
52.39
52.32
52.25
52.19
52.14
52.09
52.06
52.11
52.26
52.51
52.82
53.16
53.43
53.63
53.74
53.77
53.76
53.70
53.63
53.54
53.45
53.37
53.29
53.22
53.15
53.10
53.03
52.94
52.83
52.71
52.58
52.49
52.44
52.43
52.46
52.51
52.57
52.63
52.70
52.76
52.82
52.76
52.57
52.25
51.85
51.42
51.06
50.83
50.72
50.72
50.79
50.90
51.03
51.18
51.33
51.47
51.54
51.53
51.45
51.31
51.15
50.97
50.79
50.63
50.48
50.35
50.21
50.06
49.90
49.74
49.59
49.51
49.50
49.58
49.70
49.89
50.12
50.38
50.65
50.91
51.10
51.20
51.21
51.15
51.04
50.91
50.77
50.64
50.50
50.39
50.36
50.45
50.64
50.90
51.20
51.45
51.63
51.72
51.75
51.72
51.70
51.68
51.69
51.71
51.74
51.72
51.64
51.50
51.32
51.12
50.95
50.82
50.74
50.70
50.68
50.80
51.05
51.43
51.90
52.39
52.81
53.15
53.38
53.52
53.59
53.61
53.59
53.54
53.48
53.36
53.18
52.93
52.65
52.37
52.05
51.69
51.29
50.89
50.50
50.21
50.02
49.94
49.94
49.99
50.06
50.12
50.15
50.17
50.17
50.21
50.31
50.48
50.67
50.88
51.06
51.19
51.28
51.32
51.33
51.30
51.22
51.10
50.95
50.80
50.68
50.60
50.56
50.56
50.58
50.67
50.83
51.06
51.33
51.60
51.87
52.12
52.34
52.53
52.63
52.65
52.57
52.43
52.25
52.12
52.04
52.04
52.09
52.18
52.23
52.22
52.15
52.04
51.91
51.74
51.55
51.32
51.10
50.88
50.74
50.67
50.70
50.79
50.92
51.06
51.22
51.37
51.50
51.63
51.71
51.74
51.72
51.67
51.60
51.57
51.60
51.70
51.83
51.99
52.13
52.23
52.29
52.32
52.32
52.20
51.94
51.55
51.09
50.60
50.22
50.00
49.95
50.03
50.13
50.23
50.28
50.30
50.30
50.28
50.26
50.23
50.19
50.16
50.18
50.26
50.41
50.61
50.82
51.03
51.22
51.41
51.56
51.70
51.84
51.98
52.14
52.29
52.44
52.46
52.35
52.09
51.75
51.36
51.06
50.91
50.91
51.03
51.21
51.41
51.59
51.75
51.86
51.96
52.10
52.32
52.61
52.95
53.29
53.52
53.60
53.51
53.32
53.06
52.74
52.38
52.01
51.63
51.31
51.06
50.88
50.76
50.68
50.62
50.56
50.49
50.41
50.33
50.32
50.37
50.49
50.66
50.85
51.04
51.23
51.40
51.55
51.68
51.82
51.96
52.12
52.28
52.43
52.48
52.43
52.26
52.02
51.75
51.51
51.35
51.27
51.25
51.28
51.29
51.25
51.15
51.03
50.88
50.73
50.59
50.46
50.34
50.24
50.16
50.09
50.04
50.00
49.97
50.04
50.20
50.46
50.78
51.05
51.21
51.27
51.24
51.15
51.05
50.97
50.91
50.88
50.86
50.83
50.77
50.70
50.60
50.51
50.49
50.58
50.76
51.01
51.30
51.56
51.78
51.95
52.07
52.15
52.19
52.22
52.22
52.21
52.20
52.17
52.15
52.12
52.10
52.08
52.06
52.04
52.03
52.01
52.01
51.95
51.83
51.65
51.43
51.20
51.01
50.86
50.76
50.70
50.68
50.68
50.70
50.72
50.76
50.80
50.83
50.87
50.90
50.93
50.98
51.05
51.16
51.28
51.40
51.51
51.62
51.72
51.80
51.87
51.87
51.80
51.65
51.46
51.25
51.11
51.08
51.16
51.31
51.51
51.67
51.78
51.81
51.79
51.74
51.68
51.65
51.65
51.66
51.69
51.67
51.60
51.46
51.29
51.10
50.93
50.80
50.73
50.69
50.68
50.71
50.79
50.91
51.06
51.18
51.27
51.32
51.34
51.33
51.36
51.45
51.59
51.76
51.95
52.06
52.06
51.96
51.78
51.56
51.32
51.08
50.86
50.66
50.48
50.49
50.71
51.15
51.71
52.34
52.81
53.08
53.10
52.94
52.68
52.35
52.00
51.64
51.30
51.00
50.73
50.50
50.32
50.17
50.06
49.98
49.92
49.89
49.87
49.86
49.97
50.21
50.58
51.02
51.49
51.85
52.05
52.09
52.00
51.88
51.78
51.72
51.70
51.69
51.73
51.82
51.94
52.08
52.23
52.30
52.26
52.11
51.90
51.64
51.46
51.37
51.40
51.50
51.65
51.86
52.11
52.38
52.66
52.92
53.09
53.13
53.05
52.88
52.66
52.39
52.09
51.77
51.45
51.14
50.87
50.63
50.43
50.27
50.14
50.15
50.31
50.62
51.01
51.45
51.79
51.98
52.01
51.92
51.76
51.61
51.49
51.44
51.43
51.43
51.42
51.39
51.35
51.30
51.22
51.12
50.98
50.84
50.69
50.63
50.68
50.83
51.06
51.32
51.56
51.77
51.93
52.05
52.13
52.20
52.28
52.38
52.48
52.58
52.56
52.41
52.13
51.76
51.35
50.95
50.55
50.20
49.88
49.62
49.47
49.47
49.60
49.83
50.10
50.41
50.76
51.13
51.48
51.81
52.08
52.28
52.40
52.46
52.49
52.39
52.19
51.87
51.50
51.02
50.46
49.83
49.18
48.56
48.09
47.81
47.73
47.80
47.96
48.27
48.69
49.22
49.79
50.37
50.86
51.23
51.48
51.63
51.71
51.77
51.86
51.98
52.12
52.26
52.43
52.62
52.82
53.03
53.23
53.35
53.40
53.35
53.25
53.11
52.95
52.79
52.64
52.49
52.37
52.31
52.34
52.44
52.60
52.79
52.93
53.00
53.00
52.95
52.86
52.73
52.55
52.35
52.13
51.92
51.72
51.55
51.39
51.27
51.13
51.00
50.84
50.69
50.55
50.39
50.22
50.04
49.85
49.68
49.60
49.63
49.78
50.01
50.27
50.52
50.73
50.90
51.02
51.10
51.13
51.10
51.02
50.91
50.79
50.68
50.61
50.59
50.59
50.61
50.65
50.70
50.74
50.79
50.83
50.87
50.91
50.94
50.96
50.98
51.05
51.17
51.36
51.58
51.83
52.11
52.41
52.70
52.98
53.15
53.19
53.10
52.93
52.70
52.40
52.04
51.62
51.18
50.76
50.37
50.03
49.73
49.48
49.28
49.24
49.35
49.62
50.00
50.42
50.80
51.10
51.31
51.44
51.51
51.50
51.43
51.30
51.14
50.97
50.85
50.80
50.83
50.92
51.03
51.14
51.22
51.26
51.28
51.28
51.26
51.24
51.20
51.17
51.14
51.16
51.25
51.41
51.60
51.73
51.77
51.70
51.56
51.38
51.16
50.90
50.61
50.33
50.06
49.89
49.85
49.93
50.10
50.32
50.59
50.90
51.22
51.55
51.85
52.02
52.03
51.87
51.61
51.29
50.97
50.68
50.44
50.24
50.10
50.02
50.00
50.04
50.12
50.22
50.36
50.54
50.73
50.94
51.14
51.28
51.33
51.30
51.20
51.07
50.98
50.94
50.97
51.04
51.15
51.29
51.47
51.68
51.90
52.11
52.30
52.48
52.63
52.75
52.75
52.59
52.30
51.91
51.49
51.08
50.73
50.44
50.22
50.05
49.98
50.01
50.14
50.33
50.56
50.71
50.76
50.71
50.58
50.40
50.29
50.26
50.33
50.47
50.65
50.82
50.96
51.06
51.13
51.17
51.22
51.28
51.36
51.45
51.54
51.63
51.72
51.79
51.85
51.90
51.92
51.89
51.83
51.74
51.63
51.53
51.43
51.33
51.25
51.15
51.03
50.89
50.75
50.61
50.50
50.44
50.43
50.45
50.50
50.53
50.54
50.51
50.47
50.41
50.43
50.54
50.75
51.02
51.31
51.61
51.89
52.14
52.37
52.56
52.69
52.76
52.77
52.73
52.67
52.53
52.33
52.06
51.77
51.46
51.17
50.91
50.67
50.47
50.31
50.17
50.07
50.00
49.94
49.91
49.94
50.05
50.23
50.45
50.71
51.01
51.32
51.63
51.92
52.10
52.15
52.08
51.91
51.69
51.48
51.29
51.14
51.03
50.95
50.89
50.86
50.85
50.85
50.85
50.84
50.80
50.73
50.64
50.54
50.44
50.35
50.27
50.20
50.14
50.11
50.13
50.19
50.27
50.37
50.50
50.66
50.84
51.03
51.21
51.39
51.54
51.67
51.78
51.87
51.91
51.91
51.85
51.77
51.67
51.54
51.38
51.19
51.00
50.78
50.55
50.30
50.06
49.83
49.66
49.54
49.48
49.47
49.49
49.58
49.75
49.99
50.26
50.55
50.85
51.17
51.49
51.79
52.07
52.26
52.35
52.35
52.27
52.15
51.97
51.76
51.52
51.26
51.02
50.71
50.34
49.90
49.44
48.98
48.67
48.51
48.54
48.69
48.92
49.11
49.23
49.24
49.18
49.08
49.03
49.06
49.19
49.37
49.59
49.79
49.95
50.07
50.15
50.25
50.39
50.57
50.78
50.98
51.13
51.20
51.18
51.11
51.00
50.95
50.98
51.11
51.31
51.53
51.71
51.83
51.87
51.85
51.79
51.68
51.53
51.34
51.13
50.93
50.79
50.73
50.76
50.84
50.96
51.08
51.17
51.22
51.24
51.25
51.21
51.14
51.02
50.89
50.74
50.61
50.48
50.36
50.26
50.17
50.13
50.14
50.18
50.26
50.36
50.54
50.81
51.17
51.57
51.85
51.96
51.88
51.67
51.38
51.10
50.88
50.72
50.63
50.59
50.55
50.51
50.45
50.39
50.32
50.37
50.54
50.84
51.23
51.64
52.06
52.46
52.82
53.13
53.40
53.57
53.63
53.58
53.46
53.31
53.07
52.77
52.41
52.03
51.65
51.38
51.24
51.23
51.32
51.47
51.56
51.53
51.38
51.14
50.86
50.57
50.28
50.01
49.76
49.68
49.79
50.09
50.51
50.99
51.44
51.81
52.07
52.26
52.37
52.38
52.29
52.10
51.85
51.58
51.33
51.13
50.98
50.88
50.81
50.85
51.01
51.28
51.62
51.98
52.23
52.35
52.30
52.15
51.92
51.66
51.39
51.13
50.88
50.66
50.50
50.40
50.36
50.37
50.41
50.52
50.70
50.96
51.24
51.54
51.82
52.08
52.32
52.52
52.68
52.73
52.67
52.48
52.21
51.88
51.51
51.11
50.72
50.36
50.05
49.83
49.68
49.59
49.55
49.60
49.73
49.95
50.21
50.49
50.82
51.19
51.61
52.02
52.42
52.73
52.94
53.03
53.04
52.99
52.90
52.80
52.68
52.56
52.44
52.29
52.08
51.83
51.55
51.27
51.09
51.03
51.09
51.23
51.43
51.57
51.62
51.57
51.46
51.30
51.14
51.01
50.92
50.86
50.83
50.78
50.73
50.65
50.56
50.49
50.46
50.46
50.50
50.55
50.66
50.84
51.08
51.35
51.63
51.87
52.06
52.19
52.27
52.31
52.32
52.32
52.29
52.26
52.23
52.14
51.98
51.77
51.53
51.28
51.11
51.06
51.12
51.27
51.46
51.63
51.74
51.78
51.76
51.71
51.63
51.55
51.46
51.37
51.29
51.19
51.07
50.93
50.78
50.64
50.50
50.38
50.27
50.18
50.11
50.05
50.01
49.98
49.96
49.98
50.03
50.12
50.22
50.34
50.51
50.74
51.02
51.32
51.62
51.88
52.08
52.22
52.30
52.34
52.25
52.01
51.63
51.16
50.67
50.24
49.89
49.66
49.51
49.43
49.52
49.76
50.16
50.64
51.16
51.62
51.99
52.25
52.42
52.52
52.53
52.47
52.35
52.19
52.02
51.90
51.84
51.87
51.95
52.06
52.21
52.40
52.62
52.85
52.96
52.94
52.76
52.49
52.17
51.85
51.57
51.35
51.17
51.04
50.97
50.96
51.01
51.10
51.21
51.36
51.53
51.74
51.95
52.15
52.28
52.34
52.30
52.21
52.08
51.93
51.77
51.62
51.49
51.36
51.29
51.25
51.27
51.33
51.40
51.40
51.31
51.13
50.89
50.62
50.39
50.24
50.18
50.18
50.22
50.24
50.21
50.13
50.01
49.87
49.76
49.67
49.63
49.63
49.72
49.92
50.23
50.59
50.97
51.35
51.70
52.02
52.29
52.52
52.68
52.77
52.79
52.76
52.70
52.57
52.37
52.10
51.80
51.49
51.14
50.76
50.34
49.92
49.53
49.22
49.02
48.93
48.93
48.98
49.18
49.53
50.01
50.56
51.13
51.60
51.94
52.13
52.20
52.18
52.16
52.17
52.22
52.29
52.38
52.40
52.32
52.14
51.90
51.63
51.41
51.26
51.19
51.19
51.26
51.39
51.56
51.76
51.97
52.09
52.10
52.00
51.82
51.59
51.33
51.03
50.71
50.40
50.10
49.89
49.77
49.76
49.81
49.92
50.04
50.19
50.33
50.47
50.59
50.78
51.04
51.39
51.77
52.15
52.44
52.61
52.64
52.57
52.44
52.25
52.00
51.72
51.44
51.16
50.90
50.68
50.48
50.32
50.19
50.14
50.18
50.30
50.48
50.68
50.87
51.03
51.13
51.20
51.29
51.41
51.59
51.79
51.99
52.11
52.11
52.01
51.83
51.60
51.41
51.28
51.23
51.24
51.28
51.32
51.35
51.35
51.33
51.30
51.26
51.22
51.18
51.14
51.11
51.16
51.31
51.55
51.86
52.18
52.40
52.48
52.41
52.22
51.98
51.75
51.58
51.48
51.44
51.44
51.50
51.61
51.76
51.93
52.11
52.25
52.35
52.40
52.42
52.41
52.38
52.34
52.29
52.24
52.25
52.32
52.46
52.64
52.84
52.96
52.98
52.89
52.72
52.52
52.32
52.15
52.02
51.93
51.87
51.83
51.82
51.82
51.83
51.84
51.92
52.05
52.25
52.48
52.73
52.94
53.11
53.22
53.28
53.31
53.32
53.30
53.28
53.25
53.21
53.09
52.89
52.59
52.24
51.88
51.55
51.27
51.07
50.92
50.82
50.71
50.56
50.38
50.18
50.05
50.03
50.12
50.28
50.49
50.76
51.11
51.50
51.91
52.31
52.65
52.92
53.12
53.25
53.33
53.37
53.37
53.36
53.33
53.29
53.27
53.29
53.34
53.41
53.49
53.46
53.31
53.03
52.68
52.28
51.99
51.84
51.85
51.97
52.17
52.32
52.40
52.38
52.29
52.16
52.03
51.93
51.86
51.82
51.80
51.77
51.72
51.65
51.56
51.47
51.41
51.39
51.40
51.44
51.48
51.49
51.47
51.43
51.38
51.33
51.27
51.22
51.17
51.12
51.09
51.06
51.03
51.01
51.00
51.04
51.15
51.33
51.54
51.76
51.94
52.03
52.05
52.00
51.91
51.88
51.94
52.08
52.29
52.52
52.69
52.75
52.70
52.58
52.41
52.32
52.35
52.51
52.75
53.05
53.25
53.32
53.25
53.08
52.85
52.56
52.24
51.89
51.55
51.22
50.96
50.76
50.63
50.57
50.62
50.80
51.10
51.46
51.85
52.21
52.52
52.76
52.95
53.08
53.11
53.05
52.90
52.69
52.45
52.18
51.89
51.58
51.28
51.01
50.78
50.63
50.54
50.50
50.50
50.58
50.74
50.97
51.24
51.52
51.78
51.98
52.12
52.21
52.27
52.32
52.38
52.45
52.53
52.61
52.64
52.60
52.48
52.32
52.14
52.03
52.02
52.12
52.28
52.44
52.56
52.60
52.61
52.58
52.47
52.29
52.04
51.76
51.47
51.18
50.92
50.69
50.49
50.32
50.24
50.25
50.35
50.51
50.70
50.83
50.85
50.78
50.63
50.43
50.30
50.26
50.32
50.46
50.64
50.81
50.95
51.05
51.12
51.16
51.16
51.10
51.01
50.89
50.76
50.65
50.58
50.55
50.56
50.59
50.71
50.93
51.25
51.62
52.01
52.22
52.23
52.01
51.64
51.27
50.95
50.73
50.59
50.52
50.46
50.41
50.36
50.30
50.24
50.19
50.14
50.10
50.07
50.04
50.07
50.17
50.34
50.54
50.77
51.04
51.37
51.73
52.11
52.48
52.74
52.87
52.86
52.75
52.58
52.35
52.08
51.78
51.47
51.18
50.85
50.50
50.12
49.74
49.38
49.19
49.19
49.40
49.73
50.14
50.56
50.94
51.26
51.53
51.74
51.95
52.19
52.45
52.71
52.97
53.20
53.41
53.59
53.73
53.77
53.69
53.48
53.21
52.90
52.55
52.19
51.82
51.46
51.13
50.86
50.67
50.56
50.50
50.48
50.58
50.79
51.11
51.49
51.89
52.20
52.40
52.46
52.42
52.32
52.18
52.02
51.85
51.69
51.54
51.35
51.12
50.84
50.55
50.27
50.02
49.84
49.72
49.65
49.62
49.65
49.72
49.84
49.99
50.15
50.31
50.45
50.58
50.70
50.82
50.96
51.11
51.26
51.41
51.65
52.00
52.46
52.97
53.49
53.85
54.02
53.98
53.79
53.51
53.15
52.75
52.31
51.89
51.49
51.13
50.82
50.55
50.34
50.17
50.13
50.21
50.41
50.69
51.02
51.27
51.42
51.44
51.39
51.27
51.18
51.13
51.14
51.20
51.28
51.32
51.30
51.22
51.10
50.96
50.78
50.57
50.34
50.11
49.89
49.69
49.51
49.35
49.23
49.15
49.13
49.17
49.23
49.32
49.42
49.52
49.62
49.70
49.78
49.87
49.98
50.12
50.26
50.39
50.47
50.47
50.39
50.26
50.11
50.04
50.10
50.30
50.58
50.91
51.20
51.42
51.55
51.61
51.62
51.59
51.54
51.48
51.41
51.34
51.32
51.38
51.50
51.67
51.86
51.97
51.98
51.89
51.72
51.51
51.33
51.22
51.18
51.20
51.20
51.17
51.08
50.96
50.82
50.71
50.64
50.60
50.60
50.62
50.65
50.70
50.74
50.79
50.83
50.82
50.74
50.59
50.40
50.19
50.06
50.04
50.12
50.28
50.49
50.68
50.85
50.98
51.07
51.13
51.16
51.18
51.18
51.17
51.16
51.14
51.12
51.10
51.08
51.06
51.02
50.95
50.85
50.73
50.61
50.57
50.64
50.81
51.05
51.32
51.60
51.87
52.12
52.34
52.48
52.52
52.47
52.36
52.21
52.03
51.86
51.69
51.54
51.40
51.28
51.18
51.10
51.04
51.00
50.97
50.95
50.94
50.93
50.93
50.96
51.03
51.12
51.24
51.36
51.48
51.59
51.69
51.78
51.85
51.85
51.79
51.64
51.45
51.24
51.03
50.83
50.64
50.47
50.33
50.21
50.12
50.05
50.00
49.96
49.94
49.92
49.92
49.92
49.92
50.04
50.28
50.64
51.08
51.43
51.66
51.73
51.68
51.56
51.42
51.29
51.18
51.09
51.03
51.03
51.11
51.27
51.48
51.70
51.87
51.98
51.99
51.95
51.88
51.77
51.66
51.55
51.44
51.34
51.11
50.75
50.25
49.66
49.06
48.63
48.43
48.48
48.71
49.04
49.40
49.76
50.07
50.34
50.57
50.77
50.97
51.17
51.35
51.51
51.67
51.85
52.03
52.21
52.35
52.45
52.49
52.49
52.47
52.43
52.37
52.32
52.26
52.21
52.21
52.28
52.43
52.61
52.81
52.99
53.13
53.22
53.27
53.30
53.21
53.03
52.73
52.38
52.01
51.61
51.21
50.81
50.43
50.09
49.84
49.71
49.68
49.73
49.84
50.03
50.29
50.62
50.98
51.34
51.65
51.90
52.09
52.21
52.28
52.29
52.25
52.15
52.01
51.87
51.64
51.32
50.92
50.49
50.13
49.89
49.77
49.76
49.82
49.84
49.80
49.67
49.50
49.29
49.19
49.21
49.37
49.63
49.94
50.23
50.50
50.71
50.87
50.99
51.11
51.22
51.34
51.46
51.57
51.70
51.85
52.01
52.18
52.34
52.57
52.87
53.25
53.67
54.08
54.34
54.41
54.28
54.01
53.66
53.25
52.80
52.33
51.88
51.47
51.10
50.78
50.51
50.30
50.14
50.07
50.09
50.22
50.40
50.55
50.66
50.70
50.69
50.65
50.69
50.84
51.12
51.47
51.85
52.12
52.25
52.22
52.09
51.88
51.68
51.54
51.46
51.44
51.45
51.54
51.71
51.95
52.23
52.52
52.75
52.89
52.95
52.94
52.88
52.74
52.52
52.23
51.91
51.58
51.30
51.07
50.90
50.79
50.72
50.72
50.77
50.87
51.00
51.15
51.30
51.44
51.57
51.68
51.78
51.91
52.09
52.32
52.56
52.82
53.06
53.27
53.47
53.63
53.66
53.53
53.26
52.89
52.48
52.17
51.99
51.97
52.07
52.24
52.35
52.35
52.23
52.02
51.77
51.58
51.48
51.49
51.58
51.72
51.86
51.98
52.06
52.12
52.15
52.11
52.00
51.81
51.58
51.34
51.18
51.12
51.18
51.32
51.51
51.75
52.02
52.32
52.62
52.90
53.08
53.13
53.05
52.89
52.67
52.41
52.10
51.78
51.46
51.15
50.88
50.64
50.44
50.27
50.17
50.13
50.14
50.20
50.29
50.38
50.48
50.58
50.67
50.75
50.85
50.97
51.10
51.25
51.39
51.60
51.89
52.26
52.66
53.07
53.36
53.48
53.44
53.28
53.04
52.85
52.73
52.72
52.78
52.89
52.92
52.83
52.62
52.34
52.01
51.73
51.52
51.40
51.34
51.34
51.35
51.35
51.33
51.30
51.34
51.47
51.70
51.98
52.29
52.54
52.72
52.80
52.82
52.78
52.75
52.72
52.72
52.73
52.75
52.76
52.73
52.67
52.60
52.51
52.40
52.26
52.09
51.92
51.75
51.61
51.53
51.49
51.49
51.52
51.52
51.46
51.34
51.18
51.01
50.83
50.67
50.52
50.38
50.27
50.22
50.26
50.38
50.56
50.75
50.98
51.24
51.51
51.79
52.04
52.24
52.39
52.47
52.50
52.52
52.55
52.59
52.64
52.70
52.83
53.06
53.37
53.73
54.11
54.36
54.47
54.41
54.24
54.01
53.70
53.36
53.00
52.63
52.29
52.01
51.80
51.66
51.58
51.55
51.52
51.49
51.44
51.38
51.32
51.29
51.29
51.33
51.39
51.47
51.50
51.46
51.36
51.22
51.05
50.93
50.88
50.90
50.98
51.08
51.18
51.25
51.29
51.30
51.29
51.24
51.16
51.03
50.89
50.75
50.60
50.47
50.35
50.25
50.25
50.35
50.57
50.85
51.16
51.42
51.61
51.71
51.74
51.72
51.65
51.52
51.35
51.15
50.96
50.77
50.60
50.44
50.31
50.20
50.09
49.96
49.83
49.68
49.55
49.50
49.57
49.74
49.98
50.26
50.55
50.83
51.09
51.32
51.51
51.73
51.98
52.26
52.55
52.83
53.06
53.24
53.35
53.40
53.42
53.41
53.38
53.34
53.30
53.14
52.86
52.46
52.00
51.51
51.09
50.76
50.55
50.42
50.36
50.38
50.47
50.61
50.78
50.97
51.10
51.17
51.15
51.07
50.96
50.89
50.87
50.91
51.00
51.12
51.30
51.55
51.85
52.18
52.50
52.73
52.84
52.82
52.71
52.53
52.36
52.20
52.09
52.00
51.93
51.90
51.87
51.86
51.87
51.87
51.94
52.07
52.26
52.49
52.65
52.72
52.67
52.55
52.38
52.19
51.99
51.80
51.62
51.46
51.38
51.39
51.47
51.62
51.79
51.90
51.91
51.82
51.66
51.45
51.31
51.27
51.33
51.46
51.63
51.80
51.94
52.04
52.11
52.16
52.23
52.35
52.52
52.72
52.93
53.19
53.49
53.84
54.20
54.54
54.73
54.73
54.53
54.20
53.80
53.37
52.94
52.54
52.17
51.85
51.64
51.53
51.54
51.62
51.72
51.82
51.90
51.97
52.01
52.04
52.06
52.07
52.07
52.07
52.09
52.15
52.23
52.32
52.43
52.48
52.46
52.37
52.24
52.07
51.88
51.65
51.41
51.16
50.92
50.71
50.52
50.36
50.23
50.13
50.05
49.99
49.95
49.92
49.91
49.98
50.16
50.43
50.76
51.11
51.43
51.70
51.90
52.05
52.15
52.29
52.50
52.78
53.09
53.41
53.64
53.75
53.74
53.64
53.56
53.54
53.60
53.72
53.88
53.99
54.04
54.02
53.96
53.86
53.80
53.79
53.85
53.96
54.08
54.14
54.11
53.97
53.77
53.54
53.26
52.96
52.65
52.34
52.05
51.85
51.74
51.73
51.79
51.90
52.03
52.18
52.33
52.46
52.59
52.65
52.62
52.52
52.37
52.19
52.00
51.81
51.64
51.48
51.35
51.26
51.23
51.24
51.30
51.37
51.40
51.38
51.29
51.15
51.05
51.00
51.02
51.09
51.19
51.30
51.41
51.52
51.63
51.72
51.80
51.87
51.92
51.96
51.99
51.94
51.78
51.52
51.20
50.86
50.63
50.55
50.61
50.79
51.03
51.28
51.50
51.69
51.84
51.95
52.05
52.17
52.29
52.41
52.53
52.59
52.57
52.47
52.32
52.15
51.99
51.87
51.79
51.75
51.73
51.79
51.92
52.12
52.36
52.49
52.45
52.25
51.93
51.55
51.17
50.83
50.55
50.32
50.15
50.04
50.01
50.03
50.11
50.20
50.34
50.51
50.71
50.92
51.13
51.37
51.65
51.98
52.31
52.64
52.89
53.04
53.09
53.07
53.00
52.92
52.86
52.82
52.80
52.80
52.73
52.58
52.33
52.03
51.72
51.46
51.28
51.19
51.17
51.20
51.29
51.44
51.62
51.82
52.03
52.19
52.32
52.38
52.41
52.41
52.38
52.35
52.30
52.26
52.21
52.16
52.12
52.09
52.06
52.01
51.94
51.83
51.72
51.60
51.51
51.46
51.45
51.48
51.52
51.55
51.56
51.53
51.49
51.43
51.42
51.47
51.58
51.74
51.92
52.08
52.19
52.27
52.30
52.31
52.36
52.45
52.59
52.77
52.96
53.07
53.08
52.97
52.79
52.57
52.30
52.01
51.69
51.38
51.09
50.85
50.68
50.58
50.53
50.55
50.62
50.75
50.91
51.07
51.19
51.23
51.19
51.11
50.98
50.95
51.04
51.26
51.56
51.90
52.20
52.42
52.56
52.62
52.64
52.53
52.31
51.97
51.58
51.17
50.82
50.55
50.39
50.31
50.29
50.29
50.29
50.27
50.24
50.21
50.26
50.40
50.63
50.92
51.24
51.45
51.52
51.43
51.24
50.99
50.76
50.58
50.48
50.44
50.44
50.44
50.43
50.41
50.36
50.34
50.35
50.39
50.45
50.52
50.62
50.75
50.91
51.08
51.25
51.38
51.47
51.50
51.50
51.47
51.43
51.37
51.31
51.26
51.20
51.15
51.11
51.08
51.05
51.02
50.95
50.83
50.64
50.42
50.19
49.99
49.84
49.75
49.69
49.67
49.75
49.94
50.24
50.60
50.97
51.29
51.53
51.67
51.73
51.73
51.69
51.63
51.55
51.47
51.38
51.33
51.32
51.34
51.40
51.44
51.46
51.45
51.42
51.37
51.35
51.35
51.39
51.45
51.52
51.57
51.59
51.57
51.52
51.46
51.37
51.25
51.09
50.93
50.76
50.63
50.54
50.51
50.51
50.54
50.50
50.38
50.17
49.91
49.62
49.41
49.31
49.33
49.44
49.59
49.80
50.05
50.33
50.62
50.89
51.09
51.20
51.21
51.15
51.05
50.95
50.87
50.82
50.79
50.73
50.63
50.46
50.27
50.07
49.90
49.77
49.69
49.65
49.64
49.68
49.77
49.89
50.04
50.20
50.32
50.40
50.44
50.44
50.42
50.41
50.42
50.46
50.51
50.58
50.59
50.55
50.43
50.27
50.09
49.96
49.90
49.91
49.98
50.09
50.18
50.25
50.28
50.29
50.29
50.29
50.32
50.37
50.45
50.53
50.58
50.60
50.59
50.54
50.48
50.47
50.51
50.62
50.78
50.89
50.96
50.95
50.89
50.80
50.73
50.67
50.65
50.66
50.68
50.71
50.75
50.79
50.83
50.87
50.90
50.93
50.95
50.97
50.99
50.97
50.92
50.84
50.73
50.62
50.56
50.57
50.66
50.79
50.94
51.13
51.36
51.60
51.84
52.08
52.24
52.31
52.29
52.21
52.09
52.05
52.13
52.34
52.62
52.95
53.19
53.29
53.23
53.08
52.86
52.68
52.59
52.60
52.69
52.79
52.88
52.96
53.01
53.05
53.02
52.92
52.74
52.53
52.29
52.12
52.01
51.99
52.03
52.11
52.19
52.24
52.27
52.28
52.26
52.21
52.13
52.01
51.87
51.73
51.59
51.46
51.34
51.24
51.16
51.07
50.96
50.83
50.70
50.57
50.36
50.08
49.72
49.32
48.92
48.69
48.68
48.91
49.29
49.75
50.22
50.66
51.04
51.35
51.61
51.84
52.05
52.24
52.42
52.50
52.46
52.30
52.06
51.79
51.55
51.39
51.30
51.28
51.30
51.38
51.51
51.68
51.87
52.07
52.22
52.34
52.40
52.42
52.41
52.41
52.43
52.47
52.53
52.60
52.58
52.48
52.27
52.00
51.71
51.41
51.13
50.87
50.64
50.45
50.37
50.41
50.58
50.83
51.12
51.37
51.55
51.65
51.68
51.67
51.68
51.73
51.83
51.97
52.12
52.24
52.33
52.37
52.39
52.32
52.18
51.96
51.70
51.43
51.30
51.34
51.56
51.90
52.30
52.60
52.73
52.68
52.50
52.24
51.96
51.71
51.49
51.31
51.17
51.06
50.98
50.93
50.89
50.87
50.87
50.87
50.88
50.89
50.91
50.90
50.85
50.78
50.68
50.58
50.50
50.46
50.46
50.49
50.54
50.60
50.66
50.72
50.78
50.83
50.93
51.08
51.29
51.53
51.80
52.10
52.41
52.71
52.99
53.21
53.37
53.46
53.50
53.50
53.42
53.26
53.03
52.76
52.48
52.25
52.11
52.05
52.07
52.13
52.11
51.98
51.73
51.41
51.06
50.78
50.61
50.57
50.61
50.72
50.78
50.77
50.67
50.51
50.31
50.13
49.99
49.89
49.82
49.79
49.85
50.03
50.31
50.65
51.01
51.35
51.63
51.85
52.01
52.12
52.11
51.98
51.73
51.41
51.11
50.86
50.70
50.60
50.55
50.52
50.48
50.42
50.36
50.30
50.30
50.36
50.49
50.66
50.85
51.07
51.32
51.58
51.84
52.08
52.38
52.75
53.18
53.63
54.07
54.32
54.35
54.14
53.77
53.30
52.80
52.30
51.83
51.40
51.02
50.76
50.61
50.59
50.64
50.75
50.87
50.97
51.05
51.10
51.13
51.14
51.14
51.14
51.12
51.11
51.07
50.99
50.89
50.77
50.75
50.86
51.10
51.42
51.79
52.11
52.36
52.51
52.59
52.61
52.57
52.47
52.32
52.15
51.96
51.76
51.53
51.29
51.05
50.83
50.66
50.54
50.48
50.47
50.49
50.56
50.67
50.82
50.99
51.16
51.32
51.47
51.61
51.72
51.82
51.90
51.96
52.00
52.03
52.05
52.06
52.07
52.07
52.06
52.06
52.00
51.87
51.69
51.47
51.23
51.06
50.96
50.94
50.99
51.05
51.10
51.13
51.15
51.15
51.15
51.13
51.12
51.10
51.08
51.07
51.05
51.04
51.03
51.02
50.98
50.92
50.83
50.72
50.60
50.57
50.64
50.81
51.05
51.32
51.57
51.79
51.95
52.06
52.14
52.19
52.21
52.22
52.21
52.19
52.14
52.06
51.95
51.82
51.68
51.58
51.51
51.49
51.51
51.54
51.57
51.57
51.54
51.48
51.42
51.36
51.29
51.23
51.18
51.18
51.26
51.40
51.59
51.79
52.00
52.20
52.39
52.55
52.68
52.77
52.80
52.78
52.73
52.65
52.56
52.47
52.38
52.29
52.22
52.13
52.02
51.89
51.75
51.61
51.45
51.28
51.09
50.90
50.72
50.63
50.66
50.80
51.02
51.28
51.44
51.48
51.38
51.18
50.92
50.64
50.35
50.08
49.83
49.61
49.48
49.44
49.50
49.62
49.75
49.87
49.96
50.02
50.07
50.15
50.28
50.46
50.67
50.89
51.13
51.38
51.65
51.90
52.14
52.36
52.54
52.69
52.82
52.92
52.93
52.87
52.73
52.53
52.31
52.12
51.96
51.85
51.79
51.75
51.74
51.74
51.76
51.79
51.82
51.93
52.13
52.42
52.77
53.13
53.35
53.39
53.24
52.96
52.60
52.27
51.99
51.80
51.68
51.61
51.50
51.33
51.09
50.81
50.56
50.39
50.30
50.28
50.30
50.38
50.51
50.68
50.87
51.06
51.22
51.33
51.39
51.42
51.41
51.36
51.26
51.12
50.97
50.81
50.68
50.59
50.56
50.55
50.57
50.61
50.66
50.71
50.76
50.81
50.85
50.89
50.93
50.95
50.97
50.94
50.83
50.66
50.46
50.23
50.04
49.88
49.78
49.72
49.70
49.78
49.96
50.25
50.61
50.98
51.27
51.45
51.49
51.45
51.39
51.35
51.36
51.41
51.47
51.51
51.53
51.51
51.47
51.42
51.47
51.64
51.94
52.31
52.71
53.01
53.17
53.16
53.04
52.85
52.69
52.62
52.63
52.72
52.85
52.95
52.99
52.97
52.90
52.81
52.70
52.58
52.47
52.37
52.28
52.12
51.88
51.56
51.20
50.83
50.60
50.56
50.71
51.00
51.36
51.59
51.64
51.48
51.19
50.81
50.47
50.23
50.09
50.05
50.04
50.05
50.05
50.05
50.05
50.04
50.04
50.03
50.02
50.02
49.99
49.93
49.83
49.72
49.61
49.55
49.56
49.64
49.77
49.93
50.15
50.43
50.76
51.12
51.47
51.74
51.92
51.99
51.99
51.94
51.85
51.75
51.63
51.52
51.41
51.37
51.40
51.50
51.66
51.84
52.00
52.13
52.21
52.25
52.27
52.22
52.09
51.89
51.64
51.38
51.13
50.89
50.68
50.49
50.36
50.29
50.28
50.31
50.37
50.41
50.44
50.43
50.41
50.37
50.37
50.43
50.56
50.73
50.91
51.08
51.20
51.27
51.31
51.32
51.34
51.37
51.43
51.50
51.58
51.62
51.64
51.62
51.57
51.50
51.43
51.35
51.28
51.22
51.16
51.19
51.33
51.56
51.86
52.18
52.47
52.72
52.91
53.05
53.14
53.15
53.06
52.89
52.67
52.40
52.10
51.77
51.45
51.15
50.90
50.72
50.60
50.55
50.53
50.52
50.50
50.45
50.40
50.34
50.36
50.47
50.69
50.97
51.27
51.49
51.61
51.60
51.52
51.37
51.25
51.18
51.18
51.22
51.29
51.32
51.30
51.22
51.09
50.95
50.79
50.65
50.51
50.38
50.27
50.16
50.03
49.88
49.73
49.59
49.48
49.42
49.41
49.44
49.48
49.62
49.86
50.20
50.58
50.95
51.28
51.55
51.77
51.93
52.05
52.12
52.17
52.20
52.21
52.12
51.93
51.64
51.30
50.94
50.69
50.58
50.64
50.80
51.03
51.22
51.33
51.33
51.26
51.15
51.14
51.27
51.57
51.95
52.39
52.73
52.92
52.96
52.88
52.72
52.50
52.22
51.90
51.58
51.27
51.06
50.98
51.03
51.18
51.37
51.60
51.83
52.05
52.26
52.45
52.53
52.49
52.33
52.09
51.87
51.69
51.58
51.53
51.52
51.51
51.49
51.45
51.40
51.34
51.25
51.14
51.00
50.85
50.70
50.61
50.59
50.65
50.77
50.92
51.05
51.16
51.22
51.26
51.27
51.23
51.16
51.04
50.90
50.76
50.75
50.91
51.23
51.66
52.14
52.61
53.02
53.36
53.63
53.84
53.89
53.77
53.49
53.10
52.66
52.30
52.04
51.90
51.87
51.91
51.89
51.77
51.54
51.24
50.99
50.83
50.79
50.82
50.90
51.02
51.15
51.29
51.43
51.55
51.67
51.76
51.84
51.91
51.96
52.02
52.11
52.21
52.33
52.45
52.51
52.49
52.40
52.27
52.10
51.93
51.76
51.60
51.45
51.33
51.28
51.30
51.42
51.58
51.77
51.91
51.99
52.00
51.94
51.86
51.81
51.81
51.87
51.97
52.10
52.29
52.55
52.85
53.18
53.51
53.82
54.10
54.35
54.55
54.64
54.60
54.44
54.19
53.90
53.67
53.55
53.54
53.61
53.73
53.86
53.97
54.05
54.10
54.13
54.12
54.07
53.97
53.85
53.72
53.62
53.56
53.53
53.54
53.58
53.49
53.25
52.86
52.38
51.86
51.37
50.94
50.59
50.31
50.10
49.95
49.84
49.78
49.74
49.73
49.69
49.59
49.44
49.26
49.06
48.95
48.94
49.04
49.22
49.49
49.84
50.26
50.70
51.13
51.50
51.80
52.03
52.18
52.28
52.31
52.27
52.18
52.05
51.90
51.83
51.86
51.99
52.19
52.43
52.54
52.50
52.29
51.96
51.57
51.19
50.85
50.56
50.33
50.15
50.04
50.00
50.03
50.10
50.20
50.34
50.51
50.71
50.92
51.12
51.37
51.65
51.98
52.31
52.64
52.86
52.95
52.92
52.79
52.60
52.44
52.33
52.29
52.30
52.37
52.49
52.66
52.85
53.04
53.23
53.40
53.55
53.68
53.79
53.77
53.61
53.30
52.91
52.48
52.02
51.55
51.08
50.65
50.25
49.99
49.87
49.90
50.04
50.23
50.50
50.80
51.13
51.46
51.77
52.01
52.14
52.18
52.14
52.05
51.99
51.97
52.01
52.09
52.20
52.24
52.18
52.03
51.81
51.56
51.33
51.14
51.00
50.90
50.83
50.80
50.78
50.78
50.80
50.82
50.84
50.86
50.89
50.91
50.91
50.87
50.79
50.70
50.60
50.52
50.48
50.48
50.50
50.55
50.58
50.58
50.55
50.50
50.44
50.37
50.31
50.24
50.19
50.14
50.12
50.14
50.20
50.29
50.39
50.44
50.42
50.33
50.20
50.04
49.93
49.88
49.91
49.98
50.09
50.22
50.35
50.47
50.59
50.69
50.81
50.94
51.09
51.24
51.39
51.52
51.65
51.75
51.84
51.85
51.79
51.65
51.47
51.26
51.04
50.84
50.65
50.48
50.34
50.22
50.13
50.05
50.00
49.96
49.99
50.09
50.26
50.48
50.71
50.89
50.99
51.01
50.97
50.89
50.81
50.76
50.73
50.72
50.74
50.78
50.87
50.99
51.13
51.27
51.44
51.63
51.83
52.04
52.23
52.38
52.48
52.53
52.53
52.50
52.43
52.32
52.17
52.00
51.83
51.66
51.51
51.38
51.27
51.15
51.01
50.87
50.72
50.58
50.44
50.33
50.23
50.15
50.08
50.11
50.25
50.49
50.79
51.13
51.40
51.60
51.71
51.75
51.74
51.69
51.62
51.53
51.45
51.36
51.26
51.13
50.98
50.82
50.67
50.55
50.48
50.46
50.47
50.51
50.59
50.71
50.86
51.02
51.19
51.38
51.59
51.81
52.02
52.23
52.31
52.24
52.02
51.70
51.41
51.21
51.10
51.08
51.11
51.29
51.61
52.07
52.60
53.16
53.64
54.03
54.30
54.47
54.57
54.50
54.26
53.87
53.39
52.87
52.41
52.03
51.77
51.60
51.50
51.45
51.45
51.48
51.53
51.59
51.60
51.55
51.43
51.27
51.09
50.96
50.89
50.91
50.98
51.08
51.18
51.25
51.28
51.29
51.28
51.21
51.07
50.85
50.61
50.35
50.18
50.11
50.17
50.30
50.44
50.53
50.57
50.57
50.54
50.51
50.51
50.53
50.57
50.62
50.68
50.74
50.79
50.84
50.88
50.89
50.86
50.80
50.71
50.61
50.59
50.66
50.84
51.08
51.35
51.65
51.98
52.31
52.64
52.94
53.13
53.19
53.11
52.94
52.72
52.50
52.31
52.16
52.04
51.96
51.90
51.87
51.85
51.85
51.85
51.84
51.80
51.72
51.63
51.54
51.44
51.35
51.27
51.20
51.08
50.92
50.70
50.46
50.21
50.05
50.00
50.08
50.23
50.43
50.66
50.89
51.11
51.31
51.49
51.70
51.94
52.22
52.51
52.79
52.95
52.95
52.80
52.54
52.23
51.94
51.71
51.57
51.49
51.47
51.53
51.68
51.91
52.18
52.47
52.67
52.77
52.74
52.62
52.46
52.34
52.31
52.38
52.51
52.69
52.83
52.91
52.91
52.87
52.79
52.64
52.42
52.14
51.83
51.54
51.29
51.10
50.97
50.87
50.84
50.87
50.94
51.06
51.18
51.32
51.45
51.57
51.68
51.77
51.82
51.83
51.78
51.71
51.63
51.56
51.52
51.52
51.55
51.59
51.61
51.61
51.58
51.52
51.46
51.33
51.15
50.90
50.63
50.35
50.14
50.01
49.97
50.00
50.07
50.20
50.37
50.58
50.80
51.02
51.25
51.50
51.75
51.99
52.21
52.41
52.58
52.73
52.84
52.90
52.91
52.87
52.79
52.70
52.59
52.49
52.39
52.30
52.22
52.10
51.93
51.71
51.46
51.21
50.99
50.83
50.73
50.67
50.64
50.65
50.67
50.70
50.74
50.78
50.90
51.11
51.41
51.76
52.13
52.43
52.64
52.76
52.80
52.79
52.71
52.58
52.40
52.20
52.00
51.77
51.54
51.29
51.04
50.82
50.67
50.61
50.64
50.74
50.84
50.94
51.01
51.06
51.09
51.19
51.37
51.63
51.95
52.27
52.44
52.39
52.13
51.72
51.24
50.86
50.64
50.62
50.72
50.92
51.15
51.36
51.55
51.70
51.82
51.97
52.16
52.39
52.64
52.88
53.09
53.24
53.33
53.38
53.40
53.30
53.10
52.80
52.43
52.05
51.72
51.48
51.34
51.28
51.27
51.25
51.20
51.10
50.97
50.83
50.65
50.46
50.25
50.03
49.85
49.72
49.64
49.60
49.60
49.62
49.65
49.70
49.74
49.79
49.88
50.04
50.25
50.49
50.74
50.96
51.13
51.24
51.30
51.33
51.36
51.40
51.46
51.53
51.61
51.71
51.84
51.99
52.15
52.30
52.45
52.58
52.70
52.80
52.87
52.88
52.82
52.67
52.48
52.27
52.13
52.09
52.17
52.32
52.52
52.63
52.62
52.47
52.24
51.95
51.73
51.60
51.58
51.65
51.74
51.83
51.90
51.96
52.00
52.03
52.05
52.06
52.06
52.06
52.03
51.97
51.87
51.76
51.64
51.55
51.49
51.48
51.50
51.54
51.60
51.66
51.72
51.77
51.82
51.87
51.91
51.94
51.97
51.99
51.97
51.93
51.84
51.74
51.63
51.52
51.41
51.32
51.23
51.16
51.07
50.97
50.85
50.71
50.58
50.46
50.35
50.25
50.17
50.08
49.97
49.84
49.71
49.57
49.50
49.51
49.59
49.72
49.89
50.03
50.15
50.22
50.26
50.27
50.27
50.25
50.22
50.19
50.16
50.18
50.27
50.42
50.61
50.82
50.98
51.06
51.06
51.01
50.92
50.83
50.76
50.73
50.72
50.73
50.72
50.69
50.64
50.56
50.48
50.40
50.32
50.24
50.18
50.13
50.08
50.04
50.02
50.00
49.98
49.97
49.97
49.97
49.97
49.97
49.97
49.98
49.98
49.98
50.01
50.07
50.17
50.28
50.39
50.53
50.69
50.88
51.07
51.25
51.42
51.57
51.69
51.80
51.88
51.92
51.91
51.86
51.78
51.67
51.54
51.38
51.19
51.00
50.81
50.66
50.56
50.51
50.50
50.53
50.54
50.53
50.50
50.45
50.39
50.44
50.61
50.91
51.28
51.69
51.96
52.07
51.97
51.75
51.45
51.18
51.00
50.93
50.93
50.99
51.09
51.21
51.33
51.45
51.62
51.84
52.11
52.40
52.69
52.83
52.78
52.55
52.20
51.79
51.42
51.16
51.02
50.98
51.00
50.99
50.92
50.76
50.56
50.33
50.11
49.89
49.68
49.51
49.36
49.34
49.47
49.75
50.12
50.53
50.84
51.02
51.03
50.94
50.76
50.55
50.32
50.08
49.86
49.66
49.56
49.59
49.73
49.95
50.22
50.47
50.69
50.86
50.99
51.08
51.14
51.17
51.19
51.19
51.23
51.33
51.49
51.68
51.88
52.06
52.19
52.28
52.32
52.33
52.27
52.13
51.92
51.67
51.41
51.15
50.90
50.68
50.49
50.33
50.23
50.19
50.20
50.25
50.33
50.39
50.43
50.43
50.41
50.37
50.33
50.28
50.23
50.18
50.14
50.15
50.24
50.39
50.58
50.79
51.01
51.21
51.39
51.55
51.69
51.83
51.98
52.13
52.29
52.47
52.66
52.86
53.07
53.26
53.36
53.34
53.20
52.98
52.73
52.54
52.44
52.46
52.55
52.69
52.76
52.71
52.53
52.27
51.96
51.70
51.50
51.39
51.35
51.35
51.33
51.28
51.17
51.03
50.88
50.81
50.83
50.97
51.17
51.41
51.64
51.83
51.97
52.07
52.14
52.21
52.28
52.37
52.47
52.57
52.58
52.49
52.29
52.03
51.74
51.47
51.24
51.07
50.95
50.97
51.15
51.48
51.90
52.36
52.77
53.09
53.32
53.46
53.53
53.50
53.37
53.16
52.89
52.60
52.39
52.29
52.32
52.42
52.58
52.66
52.63
52.46
52.22
51.93
51.62
51.32
51.04
50.78
50.56
50.41
50.32
50.29
50.31
50.36
50.40
50.42
50.41
50.39
50.35
50.38
50.50
50.72
51.00
51.30
51.57
51.80
51.97
52.09
52.17
52.22
52.24
52.24
52.23
52.13
51.93
51.64
51.29
50.92
50.67
50.56
50.62
50.79
51.02
51.21
51.32
51.33
51.26
51.14
51.00
50.85
50.70
50.55
50.42
50.31
50.21
50.13
50.07
50.02
49.99
49.97
49.95
49.94
49.94
50.08
50.37
50.82
51.36
51.93
52.36
52.61
52.64
52.52
52.30
52.05
51.81
51.59
51.41
51.26
51.14
51.05
50.99
50.94
50.91
50.90
50.89
50.89
50.90
50.88
50.84
50.76
50.67
50.57
50.46
50.37
50.28
50.21
50.14
50.09
50.05
50.02
49.99
49.98
50.02
50.13
50.31
50.52
50.75
50.92
51.02
51.04
50.99
50.91
50.85
50.85
50.91
51.01
51.13
51.21
51.23
51.17
51.07
50.95
50.83
50.75
50.70
50.69
50.69
50.82
51.08
51.47
51.93
52.42
52.77
52.93
52.89
52.70
52.45
52.19
51.94
51.72
51.52
51.44
51.47
51.63
51.87
52.16
52.32
52.32
52.15
51.85
51.50
51.17
50.90
50.72
50.61
50.55
50.56
50.63
50.75
50.91
51.07
51.18
51.23
51.19
51.10
50.98
50.87
50.79
50.74
50.72
50.72
50.74
50.76
50.79
50.82
50.86
50.86
50.83
50.76
50.68
50.58
50.48
50.39
50.30
50.22
50.16
50.21
50.39
50.72
51.12
51.47
51.74
51.88
51.94
51.93
51.84
51.70
51.51
51.29
51.07
50.91
50.83
50.84
50.91
51.01
51.14
51.27
51.41
51.53
51.64
51.69
51.66
51.55
51.38
51.20
51.00
50.81
50.64
50.48
50.34
50.20
50.05
49.89
49.73
49.58
49.47
49.41
49.39
49.42
49.47
49.61
49.85
50.19
50.57
50.97
51.31
51.55
51.70
51.76
51.76
51.78
51.83
51.92
52.05
52.11
52.08
51.94
51.75
51.52
51.30
51.12
50.98
50.89
50.83
50.88
51.04
51.31
51.64
52.00
52.28
52.45
52.49
52.44
52.32
52.17
52.01
51.83
51.67
51.52
51.33
51.10
50.83
50.54
50.26
50.07
50.00
50.06
50.21
50.40
50.68
51.03
51.43
51.84
52.25
52.53
52.64
52.57
52.39
52.13
51.81
51.45
51.07
50.69
50.33
50.06
49.90
49.84
49.87
50.00
50.22
50.53
50.87
51.23
51.52
51.72
51.83
51.86
51.83
51.85
51.93
52.11
52.33
52.57
52.66
52.55
52.23
51.78
51.27
50.84
50.54
50.42
50.41
50.49
50.60
50.72
50.81
50.89
50.95
50.96
50.94
50.87
50.78
50.67
50.56
50.45
50.35
50.26
50.19
50.18
50.24
50.38
50.56
50.77
50.93
51.01
51.02
50.97
50.99
51.11
51.35
51.66
52.00
52.24
52.34
52.29
52.13
51.90
51.78
51.79
51.98
52.27
52.62
52.85
52.94
52.84
52.61
52.32
52.04
51.82
51.67
51.59
51.55
51.52
51.49
51.43
51.38
51.32
51.23
51.12
50.98
50.83
50.68
50.56
50.49
50.47
50.49
50.52
50.52
50.46
50.35
50.19
50.02
49.90
49.85
49.87
49.95
50.06
50.24
50.49
50.80
51.13
51.36
51.44
51.37
51.20
50.96
50.76
50.65
50.65
50.72
50.84
50.95
51.05
51.12
51.16
51.18
51.23
51.34
51.51
51.70
51.91
52.14
52.38
52.64
52.90
53.14
53.37
53.62
53.86
54.09
54.30
54.38
54.31
54.08
53.76
53.38
53.02
52.70
52.43
52.23
52.07
51.95
51.88
51.83
51.80
51.80
51.75
51.65
51.49
51.30
51.10
50.90
50.71
50.54
50.39
50.32
50.33
50.43
50.58
50.77
50.91
50.98
50.98
50.93
50.85
50.82
50.88
51.03
51.25
51.49
51.66
51.73
51.69
51.57
51.40
51.26
51.18
51.16
51.20
51.26
51.27
51.19
51.02
50.79
50.54
50.30
50.11
49.97
49.87
49.81
49.75
49.68
49.60
49.51
49.41
49.33
49.25
49.18
49.13
49.08
49.02
48.93
48.82
48.70
48.58
48.57
48.69
48.95
49.30
49.69
50.08
50.46
50.81
51.12
51.43
51.77
52.12
52.47
52.79
53.03
53.17
53.20
53.16
53.07
52.93
52.73
52.51
52.27
52.03
51.86
51.78
51.79
51.86
51.97
52.02
51.99
51.86
51.67
51.45
51.27
51.16
51.12
51.14
51.21
51.29
51.39
51.49
51.59
51.68
51.68
51.58
51.37
51.09
50.79
50.54
50.35
50.26
50.24
50.26
50.34
50.48
50.65
50.85
51.02
51.15
51.23
51.28
51.30
51.27
51.19
51.08
50.94
50.79
50.64
50.51
50.38
50.28
50.19
50.17
50.23
50.36
50.54
50.75
50.88
50.91
50.83
50.68
50.48
50.26
50.04
49.83
49.64
49.47
49.41
49.46
49.64
49.88
50.17
50.44
50.68
50.86
50.99
51.09
51.15
51.18
51.20
51.20
51.19
51.20
51.23
51.30
51.38
51.47
51.65
51.91
52.25
52.65
52.96
53.18
53.26
53.26
53.18
53.02
52.76
52.44
52.08
51.72
51.43
51.23
51.13
51.10
51.14
51.28
51.55
51.92
52.34
52.78
53.04
53.09
52.91
52.57
52.15
51.73
51.38
51.11
50.91
50.78
50.75
50.83
50.99
51.22
51.47
51.60
51.56
51.34
51.01
50.62
50.37
50.30
50.45
50.75
51.13
51.55
51.98
52.38
52.75
52.97
53.02
52.90
52.65
52.34
52.02
51.73
51.49
51.29
51.14
51.00
50.86
50.72
50.58
50.45
50.44
50.57
50.85
51.21
51.61
51.92
52.08
52.08
51.97
51.79
51.60
51.41
51.26
51.14
51.05
51.04
51.11
51.26
51.45
51.68
51.93
52.20
52.49
52.77
53.04
53.22
53.31
53.30
53.23
53.11
52.91
52.65
52.32
51.97
51.61
51.28
50.98
50.71
50.49
50.31
50.16
50.05
49.97
49.92
49.91
49.95
50.04
50.15
50.27
50.37
50.43
50.45
50.44
50.41
50.48
50.65
50.96
51.34
51.74
52.09
52.36
52.53
52.62
52.65
52.66
52.68
52.70
52.74
52.78
52.82
52.85
52.89
52.92
52.94
52.91
52.81
52.65
52.44
52.22
52.00
51.79
51.61
51.44
51.30
51.08
50.76
50.34
49.86
49.38
49.07
48.98
49.14
49.45
49.86
50.32
50.78
51.22
51.63
51.90
52.04
52.02
51.90
51.72
51.58
51.51
51.55
51.65
51.79
51.88
51.88
51.78
51.61
51.41
51.22
51.06
50.95
50.87
50.82
50.80
50.79
50.80
50.82
50.84
50.83
50.80
50.73
50.65
50.55
50.51
50.53
50.63
50.77
50.93
51.02
51.02
50.91
50.73
50.51
50.33
50.21
50.17
50.19
50.24
50.38
50.58
50.86
51.16
51.39
51.52
51.53
51.46
51.33
51.24
51.24
51.33
51.48
51.67
51.79
51.83
51.75
51.60
51.41
51.26
51.16
51.14
51.17
51.24
51.35
51.51
51.69
51.89
52.10
52.23
52.29
52.26
52.17
52.04
51.93
51.84
51.78
51.76
51.75
51.68
51.53
51.28
50.99
50.68
50.45
50.34
50.34
50.44
50.59
50.74
50.87
50.98
51.05
51.10
51.12
51.14
51.14
51.13
51.12
51.11
51.09
51.08
51.06
51.02
50.95
50.85
50.74
50.62
50.50
50.39
50.29
50.21
50.14
50.11
50.12
50.18
50.26
50.36
50.41
50.40
50.31
50.18
50.03
49.95
49.96
50.07
50.26
50.48
50.67
50.79
50.83
50.81
50.76
50.79
50.93
51.19
51.52
51.89
52.23
52.52
52.76
52.93
53.06
53.09
53.03
52.88
52.67
52.44
52.19
51.96
51.75
51.56
51.37
51.17
50.98
50.79
50.61
50.45
50.32
50.21
50.12
50.05
50.03
50.05
50.12
50.21
50.32
50.48
50.71
50.99
51.29
51.59
51.80
51.89
51.85
51.73
51.55
51.36
51.20
51.08
50.99
50.93
50.91
50.95
51.03
51.14
51.26
51.41
51.59
51.79
51.99
52.19
52.32
52.37
52.33
52.23
52.09
51.96
51.86
51.80
51.77
51.76
51.76
51.78
51.80
51.83
51.86
51.88
51.91
51.93
51.95
51.91
51.81
51.64
51.44
51.22
51.08
51.04
51.12
51.28
51.48
51.68
51.84
51.97
52.06
52.12
52.05
51.84
51.48
51.05
50.58
50.25
50.10
50.14
50.33
50.60
50.87
51.09
51.24
51.33
51.38
51.36
51.30
51.18
51.03
50.87
50.72
50.57
50.43
50.32
50.22
50.22
50.33
50.54
50.83
51.09
51.30
51.42
51.49
51.51
51.47
51.38
51.24
51.08
50.90
50.84
50.91
51.13
51.43
51.78
52.12
52.42
52.66
52.84
52.98
53.00
52.89
52.66
52.36
52.02
51.65
51.26
50.87
50.49
50.15
49.87
49.67
49.55
49.49
49.47
49.52
49.61
49.76
49.92
50.10
50.27
50.42
50.57
50.69
50.79
50.93
51.11
51.33
51.58
51.83
52.04
52.20
52.30
52.36
52.38
52.37
52.34
52.31
52.27
52.25
52.27
52.32
52.39
52.47
52.53
52.56
52.55
52.51
52.46
52.29
51.99
51.57
51.09
50.58
50.20
49.97
49.92
50.00
50.16
50.34
50.52
50.67
50.79
50.89
50.96
51.02
51.05
51.08
51.09
51.04
50.92
50.74
50.51
50.28
50.10
49.99
49.97
50.01
50.09
50.23
50.40
50.61
50.83
51.04
51.22
51.35
51.42
51.44
51.49
51.58
51.72
51.88
52.06
52.15
52.14
52.02
51.83
51.59
51.48
51.52
51.73
52.06
52.44
52.80
53.08
53.28
53.40
53.46
53.43
53.30
53.09
52.83
52.55
52.22
51.84
51.42
51.00
50.60
50.28
50.08
49.98
49.97
50.01
50.18
50.46
50.84
51.28
51.73
52.07
52.24
52.24
52.13
51.93
51.72
51.52
51.35
51.21
51.10
51.05
51.05
51.10
51.18
51.26
51.31
51.33
51.33
51.31
51.25
51.16
51.03
50.89
50.74
50.62
50.55
50.52
50.52
50.55
50.62
50.73
50.88
51.04
51.21
51.36
51.51
51.64
51.74
51.83
51.93
52.05
52.18
52.31
52.44
52.54
52.59
52.59
52.57
52.52
52.43
52.30
52.14
51.97
51.80
51.64
51.49
51.36
51.25
51.16
51.11
51.11
51.16
51.24
51.34
51.41
51.46
51.47
51.44
51.43
51.44
51.48
51.53
51.59
51.61
51.56
51.44
51.28
51.10
50.99
50.99
51.09
51.26
51.48
51.71
51.94
52.16
52.36
52.53
52.55
52.38
52.03
51.57
51.05
50.64
50.36
50.26
50.28
50.39
50.57
50.82
51.11
51.42
51.71
51.94
52.07
52.11
52.07
51.99
51.96
52.01
52.15
52.35
52.57
52.70
52.70
52.56
52.32
52.03
51.71
51.40
51.11
50.85
50.62
50.42
50.26
50.14
50.04
50.08
50.26
50.59
51.00
51.45
51.82
52.08
52.20
52.22
52.17
52.05
51.86
51.63
51.39
51.14
50.93
50.78
50.68
50.63
50.61
50.70
50.90
51.21
51.57
51.95
52.28
52.52
52.66
52.72
52.73
52.69
52.63
52.55
52.47
52.39
52.23
51.98
51.65
51.28
50.90
50.63
50.52
50.58
50.74
50.98
51.20
51.37
51.47
51.52
51.52
51.50
51.45
51.40
51.34
51.30
51.30
51.34
51.40
51.48
51.51
51.47
51.37
51.22
51.06
50.94
50.88
50.90
50.98
51.08
51.15
51.17
51.12
51.02
50.90
50.90
51.05
51.37
51.78
52.25
52.72
53.17
53.59
53.96
54.27
54.39
54.31
54.02
53.61
53.12
52.67
52.29
52.01
51.81
51.68
51.64
51.66
51.75
51.88
52.03
52.24
52.51
52.83
53.17
53.48
53.74
53.94
54.08
54.17
54.17
54.09
53.91
53.69
53.44
53.22
53.04
52.91
52.82
52.77
52.72
52.66
52.58
52.50
52.41
52.25
52.00
51.67
51.29
50.90
50.67
50.61
50.75
51.02
51.37
51.65
51.81
51.83
51.74
51.59
51.42
51.27
51.15
51.06
50.99
50.91
50.83
50.72
50.61
50.50
50.37
50.21
50.04
49.87
49.70
49.57
49.49
49.46
49.47
49.45
49.38
49.26
49.11
48.95
48.86
48.88
49.00
49.19
49.42
49.64
49.83
49.97
50.07
50.14
50.26
50.45
50.72
51.03
51.35
51.58
51.70
51.70
51.60
51.45
51.32
51.24
51.22
51.25
51.31
51.36
51.39
51.40
51.37
51.34
51.30
51.25
51.21
51.16
51.13
51.12
51.15
51.21
51.30
51.40
51.50
51.60
51.69
51.77
51.78
51.73
51.59
51.41
51.21
51.01
50.81
50.63
50.47
50.33
50.24
50.21
50.23
50.28
50.36
50.44
50.54
50.62
50.71
50.78
50.84
50.90
50.94
50.97
51.00
51.01
51.03
51.03
51.03
51.04
51.06
51.11
51.20
51.30
51.41
51.52
51.62
51.71
51.79
51.86
51.94
52.04
52.16
52.29
52.42
52.49
52.48
52.40
52.27
52.11
51.93
51.76
51.60
51.46
51.31
51.14
50.97
50.79
50.63
50.48
50.35
50.24
50.15
50.08
50.10
50.24
50.48
50.78
51.11
51.47
51.85
52.22
52.58
52.91
53.17
53.36
53.47
53.52
53.53
53.46
53.30
53.07
52.79
52.51
52.30
52.21
52.24
52.36
52.53
52.70
52.85
52.96
53.04
53.10
53.10
53.06
52.98
52.86
52.74
52.56
52.32
52.03
51.72
51.41
51.22
51.19
51.31
51.55
51.76
51.91
51.96
51.95
51.89
51.83
51.78
51.76
51.76
51.77
51.84
51.98
52.19
52.43
52.68
52.82
52.82
52.67
52.43
52.12
51.82
51.56
51.34
51.17
51.04
51.00
51.05
51.20
51.39
51.61
51.84
52.07
52.27
52.46
52.61
52.67
52.60
52.41
52.15
51.86
51.58
51.34
51.15
51.01
50.91
50.82
50.73
50.62
50.52
50.41
50.29
50.15
49.99
49.83
49.75
49.77
49.91
50.12
50.36
50.67
51.05
51.46
51.89
52.30
52.58
52.68
52.62
52.43
52.17
51.84
51.47
51.09
50.70
50.34
50.04
49.82
49.67
49.59
49.55
49.63
49.82
50.13
50.49
50.89
51.19
51.39
51.45
51.41
51.31
51.30
51.43
51.71
52.08
52.50
52.79
52.91
52.84
52.64
52.36
52.12
51.95
51.89
51.91
51.98
52.01
51.96
51.82
51.62
51.42
51.25
51.12
51.01
50.94
50.92
50.95
51.03
51.14
51.26
51.43
51.67
51.96
52.27
52.58
52.85
53.06
53.20
53.29
53.34
53.33
53.26
53.15
53.01
52.85
52.67
52.47
52.25
52.03
51.82
51.71
51.71
51.84
52.04
52.29
52.50
52.65
52.72
52.73
52.70
52.61
52.48
52.30
52.11
51.92
51.71
51.48
51.25
51.01
50.80
50.60
50.43
50.29
50.18
50.14
50.19
50.32
50.50
50.71
50.89
51.04
51.15
51.21
51.25
51.28
51.33
51.41
51.49
51.57
51.60
51.56
51.45
51.30
51.12
50.96
50.84
50.76
50.72
50.71
50.69
50.65
50.59
50.51
50.43
50.43
50.53
50.73
50.99
51.29
51.55
51.78
51.95
52.07
52.15
52.23
52.31
52.40
52.50
52.60
52.58
52.43
52.14
51.77
51.36
51.08
50.98
51.06
51.28
51.47
51.58
51.57
51.48
51.34
51.14
50.90
50.63
50.36
50.09
49.90
49.80
49.79
49.85
49.95
50.16
50.47
50.88
51.33
51.79
52.15
52.38
52.47
52.45
52.36
52.23
52.07
51.90
51.73
51.57
51.43
51.31
51.21
51.13
51.06
51.04
51.06
51.13
51.22
51.33
51.36
51.29
51.13
50.89
50.63
50.49
50.52
50.72
51.04
51.42
51.77
52.05
52.25
52.38
52.42
52.38
52.29
52.15
51.99
51.83
51.67
51.52
51.39
51.28
51.29
51.45
51.74
52.13
52.55
52.89
53.13
53.23
53.24
53.18
53.13
53.11
53.15
53.22
53.31
53.38
53.43
53.44
53.42
53.38
53.26
53.04
52.72
52.35
51.97
51.59
51.25
50.94
50.67
50.45
50.32
50.29
50.37
50.51
50.68
50.88
51.07
51.26
51.43
51.58
51.65
51.65
51.55
51.40
51.25
51.11
51.01
50.94
50.90
50.87
50.86
50.86
50.86
50.88
50.94
51.08
51.27
51.50
51.74
51.98
52.20
52.39
52.56
52.71
52.80
52.83
52.81
52.75
52.67
52.52
52.31
52.04
51.74
51.44
51.15
50.89
50.65
50.46
50.29
50.16
50.06
49.99
49.94
49.91
49.97
50.13
50.40
50.73
51.08
51.35
51.51
51.53
51.47
51.35
51.19
51.02
50.84
50.67
50.55
50.47
50.44
50.45
50.49
50.60
50.77
51.02
51.29
51.58
51.83
52.02
52.16
52.25
52.30
52.26
52.14
51.94
51.70
51.44
51.23
51.10
51.06
51.08
51.14
51.23
51.34
51.45
51.55
51.65
51.76
51.90
52.05
52.21
52.36
52.45
52.46
52.39
52.26
52.11
51.97
51.86
51.79
51.75
51.74
51.74
51.76
51.79
51.81
51.84
51.90
51.99
52.10
52.23
52.33
52.40
52.43
52.42
52.40
52.38
52.40
52.44
52.49
52.56
52.63
52.70
52.77
52.82
52.87
52.84
52.70
52.46
52.16
51.83
51.53
51.28
51.09
50.95
50.85
50.77
50.68
50.58
50.48
50.39
50.38
50.48
50.68
50.94
51.24
51.49
51.66
51.75
51.77
51.74
51.66
51.52
51.35
51.15
50.95
50.79
50.67
50.61
50.59
50.59
50.62
50.65
50.70
50.75
50.87
51.09
51.40
51.75
52.12
52.35
52.39
52.24
51.96
51.61
51.28
51.00
50.81
50.68
50.61
50.61
50.67
50.78
50.93
51.09
51.22
51.31
51.36
51.38
51.37
51.40
51.47
51.61
51.78
51.96
52.10
52.16
52.14
52.06
51.95
51.82
51.69
51.56
51.44
51.33
51.24
51.16
51.10
51.05
51.01
50.93
50.80
50.61
50.39
50.16
49.94
49.74
49.55
49.39
49.37
49.49
49.77
50.13
50.54
50.93
51.28
51.56
51.78
51.94
52.01
51.97
51.85
51.66
51.43
51.20
50.98
50.77
50.58
50.41
50.36
50.42
50.60
50.86
51.15
51.43
51.67
51.85
51.99
52.09
52.10
52.02
51.86
51.64
51.40
51.27
51.27
51.41
51.65
51.95
52.21
52.41
52.53
52.58
52.59
52.51
52.34
52.10
51.82
51.66
51.66
51.84
52.13
52.49
52.80
53.01
53.10
53.11
53.06
52.96
52.84
52.72
52.59
52.47
52.36
52.26
52.18
52.11
52.06
52.02
51.99
51.97
51.96
51.95
51.95
51.95
51.95
51.96
51.97
51.86
51.64
51.29
50.87
50.42
50.03
49.73
49.53
49.42
49.37
49.42
49.57
49.80
50.09
50.39
50.68
50.96
51.21
51.43
51.61
51.73
51.79
51.79
51.75
51.65
51.51
51.33
51.13
50.93
50.72
50.49
50.25
50.01
49.79
49.68
49.68
49.81
50.01
50.26
50.48
50.63
50.70
50.72
50.69
50.68
50.72
50.82
50.95
51.10
51.20
51.23
51.19
51.09
50.97
50.88
50.86
50.90
50.99
51.10
51.07
50.86
50.45
49.93
49.35
48.87
48.55
48.39
48.37
48.45
48.63
48.92
49.28
49.68
50.09
50.55
51.08
51.65
52.24
52.71
53.05
53.23
53.29
53.26
53.23
53.22
53.26
53.32
53.40
53.41
53.33
53.15
52.90
52.63
52.33
52.00
51.67
51.35
51.05
50.81
50.64
50.54
50.49
50.49
50.54
50.64
50.78
50.95
51.12
51.23
51.27
51.24
51.14
51.01
50.90
50.81
50.76
50.73
50.73
50.72
50.68
50.62
50.55
50.46
50.41
50.39
50.40
50.45
50.51
50.61
50.73
50.89
51.06
51.15
51.14
51.01
50.82
50.59
50.39
50.26
50.21
50.22
50.26
50.33
50.42
50.51
50.60
50.68
50.84
51.08
51.40
51.77
52.14
52.40
52.50
52.44
52.27
52.03
51.75
51.46
51.18
50.92
50.69
50.52
50.41
50.36
50.37
50.40
50.49
50.61
50.78
50.96
51.14
51.31
51.47
51.61
51.73
51.82
51.85
51.79
51.66
51.48
51.27
51.03
50.77
50.49
50.21
50.01
49.89
49.87
49.91
50.00
50.20
50.50
50.90
51.34
51.80
52.18
52.46
52.64
52.73
52.75
52.70
52.59
52.42
52.23
52.03
51.81
51.57
51.32
51.07
50.84
50.69
50.63
50.65
50.75
50.88
51.00
51.10
51.17
51.21
51.22
51.22
51.21
51.19
51.16
51.14
51.14
51.17
51.24
51.33
51.43
51.47
51.45
51.36
51.22
51.06
50.92
50.81
50.74
50.71
50.68
50.63
50.56
50.49
50.41
50.41
50.51
50.71
50.98
51.27
51.54
51.77
51.94
52.07
52.15
52.15
52.06
51.88
51.66
51.42
51.22
51.10
51.07
51.09
51.16
51.22
51.27
51.29
51.28
51.27
51.24
51.21
51.18
51.14
51.11
51.14
51.23
51.39
51.59
51.80
52.04
52.30
52.57
52.84
53.09
53.18
53.09
52.80
52.40
51.94
51.48
51.07
50.72
50.44
50.20
49.97
49.76
49.58
49.41
49.41
49.59
49.95
50.42
50.94
51.49
52.05
52.61
53.12
53.58
53.93
54.15
54.24
54.24
54.17
53.95
53.59
53.09
52.52
51.94
51.47
51.18
51.07
51.10
51.22
51.34
51.44
51.48
51.49
51.47
51.45
51.46
51.49
51.54
51.60
51.61
51.56
51.44
51.28
51.10
50.94
50.82
50.74
50.70
50.72
50.78
50.89
51.03
51.18
51.38
51.63
51.94
52.26
52.58
52.83
52.98
53.04
53.02
52.96
52.81
52.58
52.28
51.95
51.61
51.32
51.08
50.91
50.80
50.73
50.72
50.77
50.87
51.00
51.15
51.29
51.43
51.56
51.68
51.77
51.83
51.83
51.79
51.72
51.64
51.54
51.44
51.35
51.27
51.20
51.14
51.09
51.05
51.02
50.99
51.03
51.14
51.31
51.52
51.67
51.72
51.67
51.54
51.37
51.23
51.15
51.13
51.17
51.24
51.28
51.26
51.18
51.06
50.92
50.83
50.80
50.84
50.94
51.06
51.17
51.25
51.29
51.30
51.30
51.28
51.25
51.22
51.18
51.15
51.09
51.00
50.89
50.76
50.63
50.59
50.64
50.81
51.04
51.31
51.56
51.78
51.94
52.05
52.13
52.21
52.29
52.38
52.48
52.58
52.64
52.67
52.65
52.60
52.54
52.46
52.38
52.31
52.24
52.13
51.96
51.74
51.49
51.24
50.99
50.77
50.57
50.40
50.26
50.07
49.81
49.48
49.11
48.75
48.53
48.49
48.66
48.95
49.32
49.75
50.21
50.68
51.13
51.55
51.87
52.07
52.16
52.15
52.09
52.02
51.95
51.90
51.88
51.87
51.86
51.87
51.88
51.90
51.91
51.93
51.94
51.96
51.97
51.98
51.96
51.91
51.82
51.72
51.58
51.42
51.22
51.02
50.83
50.67
50.57
50.52
50.51
50.53
50.54
50.53
50.50
50.45
50.39
50.41
50.52
50.73
51.00
51.29
51.57
51.79
51.96
52.08
52.16
52.26
52.40
52.58
52.79
52.99
53.08
53.04
52.84
52.55
52.22
51.99
51.93
52.05
52.29
52.61
52.90
53.14
53.30
53.40
53.44
53.34
53.10
52.70
52.23
51.73
51.31
51.01
50.86
50.81
50.84
50.92
51.04
51.17
51.31
51.41
51.48
51.50
51.49
51.45
51.41
51.35
51.29
51.24
51.18
51.14
51.10
51.06
51.04
51.02
50.98
50.91
50.81
50.70
50.58
50.53
50.54
50.62
50.76
50.92
51.11
51.34
51.59
51.83
52.07
52.29
52.48
52.64
52.77
52.87
52.95
53.01
53.05
53.08
53.09
53.07
53.01
52.92
52.80
52.68
52.55
52.44
52.33
52.24
52.19
52.19
52.23
52.30
52.38
52.39
52.32
52.14
51.90
51.63
51.38
51.17
51.02
50.91
50.83
50.82
50.86
50.95
51.07
51.20
51.23
51.13
50.89
50.57
50.21
50.00
49.98
50.19
50.54
50.96
51.32
51.55
51.63
51.60
51.49
51.36
51.24
51.14
51.07
51.01
51.02
51.11
51.27
51.48
51.70
51.82
51.81
51.65
51.40
51.09
50.82
50.61
50.49
50.43
50.39
50.35
50.31
50.26
50.22
50.28
50.47
50.79
51.19
51.62
51.96
52.19
52.29
52.29
52.22
52.08
51.89
51.65
51.39
51.14
50.90
50.69
50.50
50.34
50.21
50.14
50.12
50.15
50.22
50.31
50.38
50.43
50.43
50.42
50.38
50.36
50.37
50.41
50.47
50.54
50.56
50.52
50.41
50.25
50.08
49.95
49.89
49.91
49.98
50.09
50.26
50.50
50.81
51.14
51.39
51.53
51.55
51.48
51.35
51.27
51.26
51.35
51.50
51.69
51.86
52.00
52.10
52.17
52.20
52.16
52.05
51.86
51.62
51.37
51.15
50.98
50.85
50.77
50.73
50.72
50.72
50.74
50.76
50.80
50.88
51.03
51.24
51.48
51.73
51.92
52.03
52.05
52.01
51.93
51.79
51.62
51.41
51.18
50.97
50.84
50.83
50.94
51.12
51.35
51.57
51.77
51.91
52.02
52.12
52.23
52.34
52.46
52.57
52.67
52.76
52.83
52.89
52.94
52.92
52.84
52.68
52.48
52.26
52.12
52.08
52.15
52.30
52.50
52.64
52.69
52.63
52.51
52.34
52.23
52.21
52.29
52.43
52.62
52.80
52.95
53.06
53.13
53.17
53.17
53.11
53.02
52.90
52.76
52.63
52.50
52.38
52.28
52.20
52.10
51.98
51.85
51.71
51.55
51.37
51.17
50.96
50.77
50.65
50.60
50.65
50.75
50.89
51.00
51.04
51.02
50.95
50.85
50.73
50.61
50.50
50.39
50.29
50.21
50.14
50.08
50.04
50.01
49.98
49.97
49.96
49.95
49.95
50.01
50.13
50.31
50.53
50.76
50.96
51.12
51.22
51.28
51.31
51.29
51.22
51.10
50.96
50.81
50.64
50.44
50.22
50.01
49.80
49.64
49.54
49.49
49.48
49.53
49.63
49.77
49.94
50.11
50.25
50.35
50.40
50.42
50.41
50.43
50.50
50.63
50.80
50.98
51.13
51.25
51.31
51.34
51.35
51.33
51.30
51.26
51.22
51.18
51.17
51.20
51.26
51.34
51.43
51.58
51.78
52.05
52.34
52.63
52.88
53.07
53.21
53.29
53.33
53.32
53.25
53.14
52.99
52.84
52.72
52.63
52.59
52.59
52.60
52.50
52.26
51.86
51.37
50.99
50.76
50.72
50.81
50.99
51.23
51.48
51.75
52.00
52.23
52.40
52.52
52.57
52.58
52.55
52.53
52.53
52.55
52.59
52.64
52.64
52.58
52.45
52.29
52.10
51.94
51.82
51.74
51.70
51.69
51.72
51.80
51.92
52.06
52.21
52.31
52.33
52.27
52.17
52.03
51.85
51.64
51.41
51.17
50.94
50.75
50.62
50.55
50.53
50.53
50.64
50.86
51.18
51.55
51.95
52.33
52.69
53.01
53.29
53.44
53.46
53.34
53.13
52.87
52.64
52.47
52.38
52.35
52.37
52.38
52.39
52.37
52.34
52.30
52.23
52.12
51.99
51.85
51.70
51.53
51.35
51.15
50.94
50.75
50.60
50.51
50.46
50.46
50.49
50.57
50.68
50.83
51.00
51.17
51.39
51.66
51.97
52.29
52.61
52.81
52.84
52.72
52.48
52.19
51.97
51.87
51.92
52.06
52.29
52.58
52.92
53.26
53.60
53.86
54.02
54.07
54.06
53.99
53.84
53.60
53.30
52.97
52.63
52.33
52.09
51.91
51.80
51.73
51.64
51.52
51.35
51.16
50.96
50.80
50.69
50.62
50.60
50.60
50.68
50.83
51.05
51.31
51.59
51.88
52.18
52.49
52.79
53.07
53.23
53.26
53.17
52.98
52.75
52.54
52.40
52.33
52.31
52.34
52.40
52.47
52.54
52.62
52.65
52.60
52.48
52.32
52.14
51.97
51.85
51.77
51.72
51.71
51.71