74.42
74.80
75.24
75.62
75.89
76.03
76.07
76.05
75.95
75.78
75.58
75.35
75.11
74.94
74.85
74.85
74.91
75.01
75.11
75.18
75.23
75.25
75.24
75.26
75.29
75.36
75.43
75.52
75.58
75.60
75.59
75.54
75.49
75.39
75.26
75.11
74.94
74.77
74.61
74.47
74.34
74.23
74.15
74.10
74.11
74.16
74.24
74.34
74.41
74.46
74.47
74.45
74.41
74.44
74.56
74.77
75.04
75.33
75.58
75.74
75.82
75.83
75.76
75.64
75.46
75.26
75.05
74.90
74.83
74.84
74.91
75.02
75.12
75.20
75.24
75.26
75.26
75.24
75.22
75.19
75.16
75.13
75.10
75.08
75.06
75.04
75.02
75.07
75.17
75.34
75.55
75.78
76.00
76.21
76.40
76.56
76.70
76.76
76.74
76.62
76.46
76.27
76.14
76.12
76.20
76.35
76.55
76.68
76.73
76.67
76.53
76.36
76.22
76.13
76.12
76.16
76.23
76.32
76.42
76.52
76.62
76.65
76.62
76.50
76.34
76.16
75.92
75.62
75.27
74.90
74.54
74.29
74.16
74.17
74.28
74.44
74.67
74.94
75.24
75.54
75.83
75.99
76.00
75.84
75.58
75.26
74.89
74.48
74.07
73.67
73.30
73.13
73.19
73.49
73.94
74.48
74.99
75.42
75.76
76.01
76.18
76.38
76.61
76.90
77.22
77.54
77.76
77.86
77.83
77.71
77.54
77.28
76.95
76.56
76.15
75.80
75.54
75.39
75.31
75.29
75.24
75.12
74.92
74.68
74.42
74.22
74.09
74.05
74.07
74.14
74.23
74.34
74.44
74.55
74.65
74.79
74.98
75.22
75.49
75.75
76.01
76.24
76.44
76.61
76.75
76.86
76.95
77.01
77.06
77.08
77.02
76.85
76.58
76.25
75.91
75.59
75.32
75.11
74.96
74.86
74.79
74.76
74.75
74.75
74.77
74.74
74.65
74.51
74.32
74.12
74.03
74.07
74.25
74.53
74.77
74.94
75.01
75.01
74.95
74.91
74.92
74.98
75.08
75.19
75.35
75.53
75.73
75.95
76.15
76.37
76.59
76.82
77.05
77.26
77.42
77.52
77.57
77.57
77.54
77.43
77.26
77.01
76.74
76.45
76.14
75.83
75.51
75.20
74.93
74.71
74.56
74.48
74.45
74.46
74.57
74.80
75.12
75.51
75.91
76.28
76.59
76.82
77.00
77.13
77.05
76.75
76.23
75.59
75.03
74.62
74.41
74.34
74.39
74.45
74.50
74.50
74.48
74.44
74.41
74.41
74.45
74.50
74.56
74.65
74.78
74.93
75.10
75.26
75.44
75.64
75.85
76.06
76.25
76.32
76.25
76.02
75.70
75.34
75.06
74.92
74.93
75.05
75.23
75.41
75.53
75.59
75.60
75.58
75.61
75.72
75.92
76.17
76.44
76.58
76.56
76.35
76.03
75.64
75.36
75.23
75.30
75.48
75.75
76.00
76.21
76.34
76.41
76.42
76.36
76.24
76.10
75.93
75.69
75.36
74.95
74.51
74.06
73.72
73.51
73.44
73.48
73.58
73.78
74.07
74.43
74.82
75.21
75.55
75.83
76.03
76.17
76.26
76.36
76.49
76.67
76.86
77.06
77.16
77.16
77.05
76.86
76.62
76.35
76.04
75.72
75.40
75.10
74.83
74.60
74.41
74.25
74.12
74.06
74.05
74.09
74.17
74.27
74.41
74.57
74.77
74.97
75.16
75.37
75.59
75.82
76.05
76.23
76.36
76.43
76.45
76.45
76.42
76.38
76.33
76.28
76.22
76.15
76.05
75.92
75.79
75.65
75.54
75.48
75.46
75.48
75.52
75.55
75.55
75.52
75.48
75.42
75.38
75.38
75.40
75.46
75.52
75.62
75.75
75.91
76.08
76.24
76.37
76.46
76.50
76.49
76.47
76.39
76.28
76.14
75.97
75.81
75.62
75.42
75.20
74.98
74.78
74.62
74.51
74.47
74.46
74.49
74.51
74.51
74.48
74.43
74.35
74.24
74.09
73.93
73.76
73.72
73.81
74.04
74.36
74.73
75.02
75.22
75.29
75.27
75.19
75.01
74.76
74.43
74.07
73.71
73.50
73.47
73.64
73.94
74.31
74.66
74.95
75.16
75.30
75.37
75.46
75.58
75.74
75.92
76.10
76.17
76.10
75.89
75.59
75.24
74.92
74.68
74.53
74.45
74.42
74.43
74.47
74.53
74.59
74.66
74.75
74.87
75.01
75.16
75.32
75.46
75.59
75.70
75.80
75.85
75.85
75.81
75.73
75.64
75.52
75.36
75.18
74.99
74.81
74.63
74.48
74.34
74.23
74.14
74.12
74.18
74.32
74.51
74.72
74.91
75.06
75.16
75.23
75.26
75.27
75.26
75.24
75.21
75.18
75.21
75.29
75.44
75.63
75.84
75.96
75.99
75.90
75.73
75.52
75.38
75.32
75.37
75.49
75.66
75.82
75.96
76.05
76.12
76.16
76.18
76.18
76.18
76.16
76.12
76.04
75.93
75.80
75.67
75.59
75.59
75.66
75.79
75.94
76.07
76.18
76.24
76.27
76.28
76.22
76.08
75.87
75.63
75.37
75.25
75.30
75.53
75.88
76.29
76.59
76.73
76.68
76.50
76.24
75.97
75.71
75.49
75.31
75.17
75.04
74.90
74.75
74.61
74.48
74.44
74.51
74.70
74.95
75.23
75.53
75.81
76.07
76.31
76.51
76.62
76.64
76.57
76.43
76.26
76.05
75.80
75.53
75.26
75.03
74.85
74.74
74.67
74.64
74.69
74.83
75.04
75.29
75.56
75.85
76.15
76.47
76.77
77.05
77.24
77.33
77.33
77.25
77.13
77.07
77.09
77.20
77.38
77.59
77.71
77.70
77.55
77.30
77.01
76.75
76.56
76.44
76.39
76.39
76.37
76.31
76.19
76.05
75.89
75.68
75.42
75.10
74.77
74.44
74.24
74.20
74.31
74.54
74.83
75.04
75.13
75.09
74.94
74.71
74.41
74.08
73.73
73.40
73.19
73.15
73.27
73.50
73.79
74.17
74.62
75.11
75.61
76.08
76.44
76.65
76.71
76.67
76.54
76.40
76.27
76.16
76.07
76.01
75.97
75.94
75.92
75.91
75.91
75.94
76.01
76.10
76.22
76.35
76.44
76.50
76.51
76.49
76.45
76.37
76.26
76.11
75.95
75.78
75.68
75.65
75.70
75.81
75.95
76.10
76.25
76.40
76.54
76.66
76.71
76.68
76.57
76.41
76.30
76.27
76.35
76.49
76.67
76.81
76.90
76.91
76.87
76.79
76.70
76.59
76.49
76.39
76.30
76.25
76.24
76.27
76.33
76.41
76.47
76.50
76.50
76.47
76.42
76.39
76.39
76.42
76.48
76.54
76.61
76.68
76.75
76.81
76.86
76.80
76.60
76.28
75.87
75.43
75.08
74.84
74.73
74.72
74.79
74.90
75.03
75.18
75.33
75.46
75.51
75.45
75.27
75.03
74.75
74.49
74.26
74.09
73.97
73.94
74.00
74.15
74.35
74.58
74.79
74.97
75.09
75.17
75.22
75.27
75.33
75.40
75.49
75.58
75.66
75.74
75.81
75.87
75.91
76.00
76.15
76.35
76.58
76.81
76.99
77.09
77.10
77.04
76.95
76.78
76.54
76.24
75.91
75.57
75.36
75.30
75.40
75.61
75.88
76.16
76.42
76.63
76.79
76.92
76.91
76.74
76.43
76.02
75.58
75.21
74.95
74.83
74.80
74.90
75.11
75.41
75.76
76.13
76.40
76.56
76.59
76.52
76.39
76.26
76.13
76.04
75.97
75.93
75.98
76.14
76.40
76.72
77.07
77.37
77.58
77.70
77.74
77.74
77.69
77.62
77.54
77.46
77.37
77.21
76.97
76.64
76.27
75.89
75.57
75.35
75.22
75.18
75.19
75.19
75.15
75.07
74.95
74.81
74.73
74.71
74.77
74.87
75.01
75.13
75.22
75.27
75.29
75.29
75.30
75.33
75.39
75.47
75.57
75.71
75.87
76.05
76.22
76.33
76.37
76.32
76.21
76.07
75.92
75.76
75.61
75.47
75.35
75.32
75.41
75.61
75.88
76.18
76.46
76.70
76.88
77.02
77.11
77.17
77.20
77.22
77.21
77.20
77.18
77.16
77.13
77.11
77.08
77.06
77.05
77.03
77.02
77.01
76.98
76.91
76.82
76.71
76.60
76.54
76.55
76.63
76.77
76.93
77.01
77.01
76.90
76.72
76.50
76.27
76.04
75.82
75.62
75.40
75.14
74.85
74.54
74.24
74.00
73.81
73.69
73.62
73.59
73.76
74.12
74.70
75.38
76.11
76.69
77.08
77.23
77.23
77.10
76.90
76.66
76.40
76.15
75.91
75.69
75.50
75.34
75.21
75.11
75.00
74.89
74.76
74.63
74.51
74.45
74.46
74.55
74.69
74.86
74.99
75.05
75.04
74.97
74.88
74.84
74.89
75.04
75.25
75.49
75.74
75.98
76.20
76.40
76.58
76.61
76.50
76.23
75.87
75.47
75.05
74.65
74.28
73.95
73.75
73.69
73.77
73.95
74.18
74.42
74.62
74.79
74.92
75.01
75.10
75.20
75.31
75.43
75.54
75.67
75.82
75.99
76.16
76.32
76.47
76.61
76.72
76.82
76.90
76.93
76.92
76.86
76.77
76.67
76.59
76.54
76.53
76.55
76.59
76.66
76.77
76.92
77.07
77.23
77.33
77.36
77.30
77.20
77.06
76.85
76.58
76.25
75.90
75.63
75.48
75.45
75.52
75.64
75.72
75.72
75.63
75.48
75.30
75.18
75.16
75.24
75.39
75.58
75.79
76.00
76.20
76.39
76.55
76.63
76.63
76.54
76.40
76.22
76.03
75.85
75.67
75.51
75.37
75.28
75.24
75.26
75.30
75.38
75.41
75.38
75.29
75.15
75.00
74.86
74.76
74.70
74.68
74.68
74.75
74.89
75.10
75.35
75.62
75.82
75.95
75.99
75.96
75.89
75.85
75.85
75.92
76.02
76.17
76.36
76.58
76.81
77.04
77.22
77.35
77.42
77.45
77.45
77.37
77.21
76.98
76.72
76.44
76.14
75.83
75.52
75.21
74.94
74.77
74.74
74.83
75.02
75.25
75.51
75.77
76.02
76.24
76.44
76.59
76.67
76.69
76.67
76.62
76.55
76.47
76.39
76.32
76.24
76.18
76.13
76.08
76.05
76.02
76.03
76.07
76.15
76.25
76.36
76.39
76.33
76.16
75.92
75.66
75.43
75.28
75.21
75.21
75.25
75.31
75.40
75.49
75.58
75.58
75.49
75.29
75.03
74.74
74.52
74.41
74.41
74.50
74.64
74.76
74.83
74.84
74.79
74.72
74.77
74.96
75.31
75.75
76.23
76.61
76.85
76.91
76.86
76.72
76.55
76.40
76.27
76.16
76.08
76.07
76.14
76.29
76.48
76.70
76.84
76.88
76.81
76.67
76.47
76.26
76.04
75.84
75.65
75.48
75.33
75.22
75.12
75.05
75.00
74.98
75.02
75.09
75.20
75.31
75.43
75.54
75.64
75.73
75.84
75.96
76.10
76.25
76.39
76.50
76.56
76.57
76.55
76.51
76.50
76.55
76.66
76.81
76.98
77.13
77.24
77.30
77.33
77.33
77.26
77.12
76.91
76.65
76.39
76.16
75.97
75.84
75.76
75.72
75.67
75.62
75.55
75.47
75.39
75.32
75.24
75.18
75.13
75.08
75.02
74.94
74.83
74.71
74.58
74.49
74.44
74.44
74.46
74.59
74.82
75.16
75.54
75.94
76.23
76.36
76.33
76.18
75.96
75.75
75.60
75.51
75.47
75.48
75.45
75.39
75.26
75.11
74.95
74.80
74.70
74.65
74.63
74.63
74.68
74.78
74.91
75.06
75.21
75.31
75.33
75.28
75.17
75.04
74.94
74.90
74.93
75.01
75.12
75.32
75.62
76.01
76.44
76.88
77.25
77.52
77.69
77.76
77.78
77.69
77.51
77.25
76.95
76.64
76.28
75.87
75.44
75.00
74.67
74.47
74.41
74.45
74.57
74.77
75.07
75.43
75.82
76.21
76.55
76.83
77.03
77.17
77.26
77.31
77.33
77.32
77.30
77.27
77.16
76.95
76.64
76.29
75.92
75.61
75.38
75.26
75.22
75.22
75.25
75.26
75.26
75.24
75.22
75.24
75.33
75.48
75.66
75.86
76.04
76.17
76.26
76.30
76.32
76.26
76.12
75.92
75.67
75.40
75.20
75.07
75.03
75.05
75.12
75.13
75.07
74.91
74.70
74.49
74.30
74.15
74.04
73.96
73.96
74.04
74.20
74.41
74.64
74.85
75.02
75.14
75.21
75.25
75.27
75.26
75.25
75.22
75.19
75.19
75.22
75.28
75.36
75.45
75.60
75.80
76.06
76.35
76.64
76.91
77.16
77.38
77.57
77.73
77.82
77.86
77.84
77.78
77.70
77.52
77.25
76.89
76.48
76.06
75.68
75.37
75.13
74.95
74.83
74.78
74.80
74.88
74.99
75.12
75.29
75.49
75.70
75.93
76.09
76.17
76.16
76.09
75.99
75.89
75.81
75.77
75.75
75.75
75.79
75.87
75.99
76.12
76.26
76.38
76.45
76.47
76.47
76.44
76.42
76.43
76.46
76.51
76.58
76.67
76.79
76.94
77.11
77.27
77.39
77.47
77.50
77.50
77.47
77.37
77.20
76.96
76.69
76.41
76.19
76.06
76.01
76.03
76.10
76.14
76.13
76.07
75.97
75.84
75.77
75.75
75.81
75.91
76.09
76.35
76.67
77.02
77.37
77.65
77.84
77.93
77.94
77.90
77.77
77.55
77.27
76.95
76.62
76.30
76.01
75.75
75.53
75.35
75.14
74.92
74.65
74.38
74.12
73.93
73.82
73.81
73.87
73.97
74.09
74.23
74.37
74.50
74.61
74.72
74.80
74.88
74.93
74.98
75.04
75.11
75.22
75.33
75.45
75.61
75.83
76.09
76.38
76.67
76.87
76.94
76.89
76.75
76.57
76.35
76.13
75.91
75.71
75.61
75.63
75.77
75.99
76.25
76.52
76.79
77.05
77.28
77.48
77.51
77.36
77.02
76.57
76.06
75.62
75.30
75.10
75.02
75.01
75.06
75.14
75.24
75.36
75.47
75.55
75.59
75.59
75.56
75.50
75.49
75.54
75.65
75.80
75.97
76.09
76.14
76.12
76.04
75.93
75.78
75.59
75.37
75.15
74.93
74.78
74.71
74.73
74.82
74.94
75.05
75.14
75.20
75.23
75.24
75.23
75.21
75.19
75.16
75.19
75.28
75.43
75.62
75.83
75.99
76.07
76.07
76.01
75.92
75.83
75.76
75.73
75.72
75.73
75.72
75.69
75.64
75.56
75.48
75.37
75.23
75.07
74.90
74.73
74.60
74.52
74.49
74.49
74.52
74.57
74.62
74.68
74.74
74.80
74.93
75.14
75.44
75.79
76.16
76.46
76.67
76.78
76.82
76.80
76.69
76.50
76.23
75.92
75.60
75.27
74.93
74.58
74.26
73.96
73.81
73.82
74.00
74.28
74.57
74.83
75.02
75.15
75.23
75.28
75.29
75.29
75.27
75.25
75.21
75.18
75.15
75.11
75.09
75.04
74.96
74.85
74.73
74.61
74.57
74.63
74.80
75.04
75.31
75.64
76.03
76.46
76.90
77.32
77.59
77.70
77.63
77.44
77.18
76.88
76.57
76.27
75.99
75.74
75.61
75.60
75.72
75.93
76.19
76.36
76.41
76.31
76.12
75.87
75.68
75.57
75.58
75.66
75.78
75.94
76.10
76.26
76.42
76.48
76.43
76.26
76.02
75.75
75.46
75.19
74.93
74.70
74.50
74.36
74.28
74.27
74.29
74.35
74.45
74.59
74.77
74.96
75.14
75.37
75.65
75.97
76.30
76.62
76.87
77.02
77.08
77.06
76.98
76.86
76.68
76.47
76.24
76.01
75.85
75.78
75.79
75.86
75.97
76.13
76.33
76.56
76.80
77.03
77.19
77.26
77.25
77.17
77.05
76.97
76.94
76.97
77.05
77.05
76.94
76.71
76.40
76.05
75.70
75.37
75.06
74.78
74.55
74.38
74.29
74.26
74.28
74.33
74.40
74.48
74.57
74.65
74.73
74.82
74.94
75.08
75.22
75.37
75.48
75.54
75.55
75.54
75.49
75.47
75.46
75.49
75.53
75.59
75.62
75.63
75.60
75.54
75.48
75.46
75.50
75.61
75.76
75.94
76.03
76.03
75.92
75.74
75.53
75.34
75.23
75.18
75.20
75.25
75.38
75.59
75.86
76.16
76.34
76.36
76.19
75.90
75.54
75.21
74.93
74.75
74.63
74.57
74.63
74.81
75.11
75.47
75.86
76.14
76.28
76.25
76.11
75.90
75.68
75.47
75.30
75.17
75.07
74.99
74.94
74.90
74.88
74.88
74.91
74.97
75.07
75.19
75.32
75.42
75.48
75.50
75.48
75.44
75.42
75.42
75.46
75.51
75.57
75.66
75.79
75.94
76.10
76.26
76.44
76.64
76.85
77.06
77.25
77.33
77.25
77.02
76.70
76.39
76.12
75.93
75.79
75.71
75.62
75.49
75.32
75.13
74.94
74.81
74.75
74.78
74.87
74.99
75.07
75.10
75.06
74.98
74.87
74.80
74.78
74.84
74.94
75.07
75.13
75.10
74.96
74.76
74.53
74.39
74.38
74.51
74.74
75.02
75.34
75.70
76.08
76.44
76.78
77.00
77.09
77.04
76.90
76.70
76.57
76.56
76.68
76.89
77.15
77.38
77.54
77.63
77.66
77.64
77.62
77.62
77.63
77.66
77.65
77.58
77.44
77.27
77.09
76.82
76.46
76.03
75.56
75.10
74.72
74.44
74.27
74.19
74.18
74.30
74.54
74.89
75.30
75.74
76.08
76.31
76.39
76.38
76.30
76.22
76.19
76.20
76.26
76.34
76.37
76.35
76.27
76.14
75.99
75.88
75.84
75.87
75.96
76.07
76.20
76.34
76.46
76.58
76.69
76.75
76.77
76.74
76.68
76.60
76.52
76.43
76.34
76.27
76.20
76.14
76.09
76.05
76.02
75.97
75.90
75.80
75.69
75.57
75.46
75.36
75.27
75.19
75.12
75.07
75.03
75.00
74.98
74.97
74.96
74.96
74.96
74.96
74.96
75.02
75.14
75.32
75.54
75.77
75.92
75.96
75.88
75.73
75.53
75.44
75.50
75.73
76.07
76.46
76.79
77.02
77.13
77.14
77.09
77.05
77.04
77.09
77.17
77.28
77.28
77.16
76.91
76.57
76.20
75.83
75.46
75.13
74.84
74.64
74.55
74.56
74.65
74.78
74.94
75.11
75.27
75.43
75.56
75.69
75.79
75.87
75.93
75.98
75.94
75.79
75.54
75.22
74.89
74.63
74.48
74.46
74.53
74.65
74.76
74.82
74.82
74.77
74.70
74.64
74.60
74.60
74.62
74.65
74.72
74.82
74.96
75.11
75.26
75.35
75.37
75.31
75.20
75.06
74.98
75.00
75.11
75.30
75.52
75.72
75.89
76.02
76.11
76.16
76.09
75.87
75.51
75.07
74.73
74.55
74.55
74.68
74.90
75.08
75.20
75.21
75.15
75.05
74.95
74.87
74.82
74.80
74.79
74.85
74.98
75.18
75.42
75.67
75.86
75.98
76.01
75.97
75.90
75.85
75.85
75.91
76.02
76.14
76.27
76.40
76.53
76.64
76.74
76.82
76.89
76.94
76.98
77.01
77.03
77.04
77.05
77.05
77.05
77.02
76.96
76.86
76.75
76.63
76.49
76.32
76.13
75.94
75.76
75.64
75.60
75.65
75.76
75.79
75.72
75.53
75.25
74.94
74.65
74.39
74.19
74.04
73.94
73.89
73.90
73.97
74.08
74.20
74.33
74.45
74.57
74.67
74.77
74.87
74.99
75.13
75.27
75.41
75.48
75.49
75.41
75.28
75.12
75.00
74.94
74.96
75.03
75.13
75.19
75.20
75.14
75.04
74.91
74.82
74.80
74.85
74.95
75.07
75.15
75.17
75.13
75.03
74.91
74.83
74.81
74.86
74.96
75.05
75.13
75.18
75.20
75.21
75.20
75.19
75.16
75.14
75.12
75.12
75.16
75.23
75.32
75.42
75.52
75.62
75.70
75.78
75.85
75.90
75.95
75.98
76.00
76.02
75.98
75.87
75.69
75.48
75.25
75.16
75.23
75.48
75.85
76.27
76.55
76.64
76.51
76.23
75.86
75.53
75.28
75.15
75.10
75.11
75.14
75.17
75.18
75.18
75.17
75.15
75.13
75.11
75.09
75.07
75.03
74.95
74.85
74.74
74.61
74.50
74.39
74.29
74.21
74.24
74.42
74.73
75.12
75.55
75.88
76.06
76.08
75.98
75.80
75.61
75.43
75.28
75.16
75.07
75.00
74.95
74.92
74.90
74.90
74.90
74.90
74.91
74.92
74.94
74.95
74.96
74.97
74.98
74.98
75.02
75.08
75.17
75.28
75.40
75.38
75.19
74.84
74.39
73.89
73.47
73.16
72.99
72.92
72.94
73.03
73.18
73.39
73.62
73.86
74.16
74.54
74.99
75.47
75.89
76.21
76.43
76.55
76.62
76.62
76.60
76.55
76.48
76.41
76.31
76.19
76.04
75.87
75.71
75.54
75.34
75.14
74.93
74.74
74.59
74.49
74.45
74.45
74.48
74.51
74.51
74.48
74.44
74.38
74.35
74.35
74.38
74.44
74.51
74.61
74.74
74.90
75.07
75.24
75.32
75.29
75.15
74.94
74.68
74.49
74.40
74.42
74.52
74.67
74.74
74.69
74.52
74.26
73.96
73.72
73.59
73.57
73.63
73.83
74.15
74.58
75.06
75.56
75.96
76.23
76.35
76.36
76.30
76.21
76.13
76.06
76.01
75.97
75.87
75.68
75.41
75.09
74.75
74.56
74.54
74.71
75.00
75.37
75.74
76.08
76.37
76.61
76.79
76.85
76.78
76.59
76.31
75.99
75.74
75.60
75.57
75.63
75.74
75.83
75.88
75.87
75.81
75.73
75.63
75.53
75.43
75.34
75.25
75.26
75.37
75.59
75.88
76.19
76.39
76.47
76.38
76.20
75.98
75.76
75.56
75.40
75.26
75.18
75.15
75.17
75.24
75.32
75.34
75.26
75.09
74.86
74.59
74.38
74.23
74.17
74.18
74.22
74.35
74.55
74.83
75.13
75.45
75.70
75.86
75.93
75.93
75.88
75.80
75.70
75.59
75.48
75.38
75.37
75.46
75.66
75.93
76.23
76.48
76.65
76.74
76.76
76.74
76.63
76.44
76.17
75.87
75.56
75.21
74.81
74.39
73.96
73.56
73.19
72.87
72.60
72.38
72.34
72.49
72.84
73.30
73.83
74.34
74.80
75.18
75.50
75.75
75.93
76.07
76.16
76.21
76.24
76.22
76.15
76.05
75.91
75.77
75.69
75.67
75.73
75.84
75.98
76.10
76.20
76.25
76.28
76.28
76.27
76.25
76.22
76.18
76.15
76.12
76.09
76.07
76.05
76.03
76.07
76.17
76.34
76.55
76.78
77.02
77.29
77.57
77.84
78.09
78.26
78.34
78.33
78.25
78.12
77.92
77.65
77.32
76.96
76.64
76.36
76.15
75.99
75.88
75.78
75.69
75.58
75.48
75.38
75.29
75.21
75.15
75.09
75.05
75.02
74.99
74.98
74.97
74.96
74.91
74.79
74.62
74.41
74.19
74.05
74.01
74.10
74.26
74.46
74.63
74.75
74.79
74.77
74.72
74.59
74.39
74.12
73.82
73.51
73.35
73.36
73.57
73.89
74.29
74.68
75.04
75.35
75.59
75.79
75.88
75.88
75.77
75.60
75.43
75.27
75.14
75.04
74.97
74.95
74.98
75.05
75.16
75.27
75.37
75.43
75.45
75.44
75.41
75.44
75.56
75.78
76.05
76.34
76.58
76.75
76.82
76.83
76.79
76.70
76.55
76.37
76.17
75.96
75.71
75.42
75.09
74.74
74.41
74.10
73.82
73.58
73.39
73.23
73.13
73.09
73.12
73.18
73.27
73.45
73.73
74.10
74.51
74.93
75.34
75.71
76.04
76.33
76.56
76.70
76.73
76.65
76.52
76.29
75.97
75.60
75.19
74.79
74.42
74.08
73.78
73.53
73.33
73.25
73.30
73.48
73.74
74.05
74.36
74.67
74.96
75.22
75.44
75.57
75.61
75.55
75.42
75.26
75.16
75.14
75.23
75.39
75.59
75.77
75.93
76.04
76.12
76.17
76.14
76.03
75.85
75.62
75.37
75.13
74.89
74.68
74.50
74.34
74.24
74.20
74.21
74.26
74.34
74.48
74.69
74.95
75.25
75.55
75.71
75.69
75.47
75.14
74.90
74.81
74.92
75.17
75.49
75.74
75.88
75.87
75.77
75.60
75.43
75.27
75.14
75.05
74.98
74.90
74.82
74.71
74.60
74.49
74.36
74.21
74.04
73.86
73.70
73.65
73.74
73.98
74.31
74.68
74.96
75.10
75.09
74.97
74.78
74.61
74.48
74.42
74.41
74.43
74.50
74.62
74.78
74.95
75.13
75.28
75.38
75.43
75.44
75.42
75.39
75.35
75.30
75.25
75.20
75.15
75.11
75.08
75.05
74.95
74.76
74.48
74.15
73.81
73.57
73.49
73.56
73.74
73.99
74.19
74.31
74.32
74.26
74.15
74.04
73.94
73.88
73.84
73.82
73.85
73.91
74.02
74.14
74.27
74.46
74.70
74.99
75.30
75.61
75.85
76.00
76.05
76.02
75.96
75.80
75.57
75.27
74.94
74.61
74.21
73.74
73.21
72.67
72.15
71.80
71.66
71.75
71.98
72.30
72.70
73.14
73.60
74.05
74.47
74.80
75.01
75.10
75.11
75.13
75.21
75.36
75.55
75.77
75.93
76.02
76.03
75.98
75.89
75.84
75.83
75.89
76.00
76.12
76.12
75.97
75.65
75.23
74.76
74.34
74.00
73.76
73.61
73.52
73.46
73.40
73.34
73.28
73.23
73.17
73.13
73.09
73.06
73.03
73.06
73.17
73.33
73.54
73.76
73.99
74.20
74.39
74.55
74.69
74.81
74.90
74.97
75.02
75.05
75.05
75.00
74.91
74.80
74.69
74.56
74.45
74.35
74.25
74.18
74.11
74.06
74.02
73.99
74.03
74.13
74.30
74.51
74.74
74.86
74.84
74.68
74.42
74.11
73.94
73.96
74.19
74.55
74.99
75.41
75.76
76.01
76.19
76.31
76.43
76.57
76.74
76.93
77.12
77.22
77.21
77.09
76.89
76.65
76.45
76.31
76.25
76.24
76.28
76.32
76.34
76.34
76.32
76.29
76.23
76.13
76.00
75.86
75.71
75.60
75.53
75.50
75.51
75.49
75.42
75.30
75.14
74.97
74.88
74.89
75.01
75.20
75.43
75.70
76.00
76.32
76.63
76.92
77.08
77.07
76.91
76.64
76.31
76.06
75.93
75.96
76.08
76.27
76.39
76.40
76.28
76.07
75.82
75.57
75.35
75.18
75.05
74.95
74.97
75.10
75.35
75.67
76.01
76.23
76.27
76.13
75.86
75.52
75.23
75.02
74.93
74.93
74.98
75.10
75.27
75.48
75.71
75.94
76.08
76.10
76.01
75.84
75.64
75.46
75.31
75.18
75.09
74.96
74.80
74.58
74.35
74.11
73.94
73.85
73.85
73.91
74.01
74.16
74.35
74.57
74.80
75.03
75.21
75.34
75.42
75.45
75.44
75.44
75.46
75.50
75.56
75.62
75.63
75.58
75.45
75.29
75.11
74.97
74.91
74.92
74.99
75.09
75.18
75.25
75.28
75.29
75.28
75.29
75.32
75.37
75.45
75.53
75.61
75.69
75.76
75.82
75.88
75.87
75.79
75.64
75.44
75.34
75.35
75.50
75.74
76.03
76.26
76.39
76.41
76.35
76.23
76.06
75.84
75.59
75.33
75.07
74.86
74.71
74.62
74.58
74.57
74.61
74.70
74.84
74.99
75.16
75.29
75.38
75.42
75.43
75.41
75.41
75.42
75.46
75.52
75.58
75.60
75.55
75.43
75.27
75.10
75.02
75.07
75.26
75.54
75.87
76.08
76.13
76.00
75.75
75.42
75.12
74.87
74.71
74.61
74.56
74.55
74.56
74.60
74.64
74.64
74.58
74.45
74.28
74.10
74.02
74.06
74.25
74.54
74.86
75.13
75.29
75.34
75.30
75.20
75.07
74.92
74.77
74.62
74.48
74.33
74.17
73.99
73.82
73.65
73.55
73.53
73.60
73.72
73.87
74.01
74.12
74.20
74.24
74.25
74.22
74.15
74.04
73.90
73.76
73.65
73.57
73.54
73.55
73.57
73.72
74.00
74.41
74.89
75.39
75.91
76.42
76.92
77.38
77.79
78.04
78.10
77.98
77.73
77.44
77.15
76.88
76.65
76.45
76.26
76.07
75.88
75.70
75.54
75.37
75.19
75.00
74.82
74.64
74.57
74.60
74.76
74.98
75.25
75.53
75.81
76.06
76.29
76.49
76.61
76.63
76.55
76.42
76.25
76.06
75.88
75.70
75.54
75.39
75.27
75.17
75.10
75.04
74.99
74.91
74.77
74.58
74.37
74.14
73.98
73.89
73.89
73.94
74.04
74.08
74.04
73.90
73.70
73.47
73.28
73.16
73.12
73.14
73.20
73.29
73.38
73.49
73.58
73.68
73.76
73.83
73.88
73.93
73.99
74.08
74.19
74.31
74.43
74.60
74.82
75.09
75.38
75.67
75.95
76.20
76.41
76.60
76.75
76.84
76.87
76.85
76.79
76.70
76.63
76.59
76.58
76.60
76.63
76.67
76.72
76.77
76.82
76.86
76.73
76.42
75.91
75.29
74.63
74.08
73.69
73.48
73.42
73.46
73.60
73.81
74.08
74.36
74.65
74.85
74.93
74.88
74.74
74.61
74.51
74.47
74.46
74.49
74.54
74.59
74.66
74.72
74.78
74.80
74.79
74.74
74.67
74.58
74.51
74.48
74.48
74.51
74.56
74.62
74.68
74.74
74.79
74.84
74.91
75.01
75.13
75.26
75.39
75.46
75.46
75.38
75.25
75.09
74.98
74.92
74.94
75.02
75.12
75.21
75.28
75.31
75.31
75.30
75.36
75.50
75.73
76.01
76.32
76.54
76.66
76.65
76.55
76.40
76.23
76.03
75.84
75.67
75.53
75.45
75.42
75.43
75.47
75.55
75.67
75.83
76.00
76.18
76.29
76.32
76.28
76.18
76.05
75.95
75.91
75.94
76.02
76.13
76.23
76.29
76.32
76.33
76.32
76.24
76.09
75.87
75.62
75.36
75.21
75.20
75.34
75.58
75.88
76.13
76.28
76.31
76.27
76.17
76.09
76.06
76.09
76.15
76.25
76.32
76.38
76.39
76.38
76.35
76.34
76.36
76.40
76.46
76.51
76.53
76.51
76.47
76.42
76.34
76.22
76.07
75.91
75.75
75.60
75.46
75.33
75.23
75.15
75.05
74.94
74.82
74.68
74.56
74.38
74.16
73.89
73.60
73.31
73.17
73.21
73.44
73.79
74.21
74.57
74.84
74.98
75.02
75.00
75.01
75.08
75.24
75.44
75.67
75.84
75.95
75.97
75.93
75.86
75.76
75.65
75.54
75.43
75.33
75.27
75.26
75.29
75.34
75.42
75.45
75.42
75.32
75.19
75.03
74.86
74.70
74.54
74.41
74.29
74.19
74.12
74.05
74.01
74.06
74.21
74.46
74.78
75.11
75.48
75.86
76.24
76.60
76.92
77.13
77.20
77.13
76.97
76.75
76.51
76.25
76.01
75.78
75.58
75.44
75.35
75.33
75.35
75.40
75.46
75.54
75.61
75.69
75.76
75.82
75.87
75.92
75.95
75.98
75.89
75.68
75.33
74.91
74.46
74.09
73.84
73.73
73.72
73.78
73.89
74.02
74.17
74.32
74.46
74.58
74.69
74.79
74.87
74.93
74.97
75.01
75.03
75.05
75.11
75.23
75.40
75.61
75.83
75.97
76.00
75.92
75.75
75.55
75.37
75.26
75.22
75.23
75.28
75.33
75.35
75.36
75.34
75.31
75.22
75.06
74.84
74.59
74.33
74.07
73.84
73.63
73.45
73.30
73.28
73.42
73.70
74.08
74.50
74.82
75.00
75.02
74.93
74.76
74.63
74.57
74.60
74.70
74.84
74.97
75.08
75.15
75.19
75.19
75.13
75.03
74.91
74.77
74.63
74.50
74.39
74.28
74.20
74.12
74.07
74.02
73.99
73.97
73.93
73.87
73.77
73.67
73.56
73.51
73.52
73.61
73.75
73.91
74.08
74.25
74.41
74.56
74.68
74.78
74.87
74.93
74.98
75.02
75.04
75.06
75.07
75.07
75.06
75.17
75.39
75.74
76.16
76.60
76.94
77.12
77.14
77.03
76.85
76.63
76.38
76.13
75.90
75.69
75.56
75.52
75.57
75.68
75.77
75.83
75.82
75.77
75.69
75.66
75.68
75.76
75.89
76.03
76.16
76.26
76.31
76.33
76.33
76.33
76.36
76.41
76.48
76.56
76.55
76.46
76.26
75.99
75.70
75.54
75.55
75.74
76.04
76.42
76.76
77.04
77.24
77.36
77.43
77.43
77.36
77.25
77.10
76.93
76.74
76.53
76.30
76.07
75.85
75.70
75.64
75.67
75.77
75.90
75.97
75.95
75.84
75.66
75.44
75.16
74.82
74.44
74.03
73.72
73.53
73.48
73.52
73.63
73.65
73.53
73.26
72.90
72.49
72.17
72.00
71.98
72.08
72.25
72.46
72.69
72.93
73.15
73.35
73.52
73.67
73.79
73.89
73.96
74.07
74.22
74.42
74.65
74.88
75.07
75.22
75.31
75.36
75.37
75.33
75.25
75.12
74.98
74.82
74.77
74.86
75.09
75.40
75.76
76.00
76.08
75.96
75.73
75.41
75.12
74.88
74.72
74.62
74.55
74.48
74.40
74.33
74.26
74.28
74.40
74.62
74.90
75.21
75.47
75.65
75.75
75.77
75.75
75.72
75.70
75.70
75.72
75.75
75.81
75.90
76.02
76.16
76.30
76.33
76.23
75.98
75.65
75.28
74.92
74.61
74.36
74.16
74.02
73.97
74.01
74.15
74.35
74.57
74.78
74.95
75.08
75.16
75.21
75.20
75.15
75.05
74.92
74.79
74.73
74.77
74.92
75.13
75.38
75.62
75.82
75.97
76.07
76.06
75.93
75.68
75.37
75.02
74.77
74.67
74.72
74.87
75.10
75.28
75.37
75.37
75.29
75.17
75.05
74.94
74.88
74.84
74.82
74.81
74.82
74.83
74.85
74.87
74.87
74.83
74.76
74.67
74.57
74.53
74.55
74.64
74.77
74.94
75.08
75.19
75.26
75.29
75.30
75.34
75.43
75.58
75.76
75.95
76.12
76.24
76.31
76.35
76.35
76.31
76.22
76.10
75.95
75.80
75.67
75.59
75.56
75.55
75.55
75.53
75.49
75.43
75.37
75.31
75.25
75.19
75.14
75.10
75.04
74.95
74.84
74.72
74.60
74.53
74.54
74.62
74.75
74.91
75.13
75.41
75.75
76.11
76.46
76.73
76.91
76.99
76.99
76.94
76.80
76.58
76.29
75.96
75.62
75.33
75.09
74.92
74.81
74.73
74.62
74.44
74.18
73.88
73.58
73.38
73.33
73.44
73.65
73.93
74.28
74.71
75.18
75.66
76.12
76.44
76.58
76.55
76.39
76.15
75.86
75.56
75.27
75.00
74.83
74.79
74.88
75.06
75.29
75.51
75.71
75.86
75.98
76.06
76.14
76.23
76.33
76.44
76.55
76.62
76.65
76.64
76.59
76.53
76.43
76.30
76.14
75.96
75.79
75.60
75.39
75.17
74.96
74.76
74.57
74.41
74.28
74.17
74.09
74.02
73.98
73.95
73.93
73.92
74.00
74.17
74.44
74.77
75.12
75.39
75.54
75.56
75.50
75.37
75.23
75.11
75.02
74.96
74.89
74.81
74.70
74.60
74.49
74.41
74.38
74.39
74.43
74.48
74.63
74.88
75.21
75.60
76.00
76.36
76.66
76.89
77.05
77.17
77.10
76.85
76.42
75.88
75.29
74.81
74.49
74.34
74.32
74.40
74.49
74.55
74.57
74.55
74.50
74.39
74.21
73.97
73.69
73.41
73.16
72.97
72.83
72.75
72.70
72.63
72.52
72.36
72.18
71.99
71.93
72.05
72.34
72.74
73.19
73.66
74.11
74.53
74.90
75.25
75.57
75.87
76.15
76.38
76.58
76.74
76.87
76.97
77.04
77.05
77.03
76.95
76.85
76.73
76.55
76.32
76.03
75.72
75.42
75.15
74.94
74.80
74.71
74.66
74.65
74.66
74.68
74.71
74.75
74.85
75.00
75.22
75.46
75.72
75.91
76.02
76.05
76.01
75.93
75.93
76.04
76.28
76.59
76.93
77.18
77.29
77.25
77.09
76.87
76.62
76.36
76.10
75.86
75.65
75.46
75.31
75.18
75.09
75.04
75.05
75.10
75.19
75.29
75.38
75.43
75.44
75.43
75.40
75.38
75.39
75.42
75.48
75.55
75.62
75.69
75.76
75.82
75.87
75.88
75.86
75.80
75.71
75.62
75.62
75.75
76.02
76.36
76.74
77.03
77.17
77.15
77.03
76.83
76.60
76.34
76.10
75.87
75.66
75.55
75.57
75.72
75.94
76.21
76.46
76.68
76.85
76.98
77.07
77.08
77.00
76.84
76.62
76.34
75.98
75.57
75.15
74.74
74.38
74.10
73.90
73.76
73.68
73.69
73.80
73.99
74.23
74.49
74.71
74.84
74.89
74.88
74.83
74.74
74.65
74.54
74.44
74.35
74.29
74.27
74.30
74.36
74.43
74.59
74.85
75.20
75.59
76.00
76.31
76.49
76.55
76.50
76.39
76.18
75.89
75.54
75.15
74.77
74.51
74.41
74.48
74.66
74.91
75.15
75.33
75.44
75.50
75.51
75.54
75.62
75.74
75.90
76.07
76.24
76.39
76.54
76.66
76.74
76.77
76.75
76.70
76.62
76.51
76.36
76.19
76.00
75.82
75.64
75.49
75.35
75.24
75.15
75.18
75.36
75.67
76.07
76.51
76.84
77.03
77.05
76.96
76.79
76.55
76.26
75.93
75.60
75.28
74.99
74.73
74.51
74.33
74.19
74.10
74.08
74.11
74.18
74.27
74.43
74.65
74.93
75.24
75.55
75.79
75.94
76.00
75.99
75.92
75.86
75.81
75.78
75.77
75.81
75.88
75.99
76.13
76.27
76.40
76.53
76.64
76.74
76.83
76.82
76.70
76.47
76.18
75.86
75.61
75.48
75.46
75.53
75.66
75.82
76.00
76.18
76.35
76.50
76.58
76.58
76.49
76.35
76.18
75.97
75.73
75.47
75.21
74.97
74.77
74.63
74.55
74.52
74.52
74.63
74.85
75.17
75.54
75.94
76.27
76.52
76.66
76.73
76.73
76.65
76.47
76.22
75.92
75.61
75.49
75.61
75.98
76.51
76.93
77.17
77.16
76.99
76.71
76.42
76.17
75.98
75.85
75.77
75.75
75.79
75.89
76.01
76.15
76.16
76.01
75.69
75.27
74.80
74.46
74.28
74.31
74.47
74.72
74.99
75.24
75.46
75.64
75.79
75.85
75.82
75.70
75.53
75.33
75.17
75.07
75.06
75.09
75.17
75.21
75.21
75.14
75.03
74.90
74.70
74.45
74.14
73.81
73.48
73.23
73.06
73.00
73.00
73.06
73.23
73.52
73.90
74.33
74.65
74.79
74.74
74.56
74.30
74.07
73.92
73.88
73.90
73.98
74.09
74.21
74.34
74.47
74.59
74.69
74.78
74.85
74.91
74.96
75.05
75.19
75.38
75.61
75.84
76.03
76.18
76.28
76.33
76.35
76.42
76.57
76.81
77.09
77.39
77.52
77.46
77.17
76.75
76.25
75.79
75.39
75.09
74.87
74.73
74.62
74.52
74.42
74.33
74.25
74.18
74.12
74.07
74.04
74.01
74.07
74.23
74.49
74.80
75.09
75.31
75.45
75.52
75.55
75.56
75.58
75.62
75.66
75.71
75.82
75.98
76.20
76.45
76.71
76.88
76.94
76.88
76.73
76.54
76.30
76.02
75.71
75.41
75.12
74.83
74.54
74.26
73.99
73.75
73.60
73.54
73.57
73.68
73.82
74.01
74.23
74.49
74.74
74.99
75.19
75.34
75.42
75.46
75.46
75.46
75.48
75.52
75.57
75.63
75.69
75.75
75.81
75.86
75.90
76.04
76.30
76.68
77.12
77.48
77.70
77.77
77.72
77.60
77.40
77.14
76.85
76.54
76.25
76.08
76.07
76.21
76.46
76.78
76.90
76.78
76.38
75.82
75.17
74.65
74.33
74.25
74.34
74.54
74.77
74.96
75.10
75.19
75.25
75.24
75.19
75.09
74.96
74.82
74.73
74.71
74.76
74.86
75.00
75.14
75.29
75.44
75.57
75.68
75.70
75.60
75.40
75.13
74.83
74.60
74.47
74.46
74.54
74.67
74.92
75.26
75.71
76.20
76.53
76.65
76.54
76.28
75.92
75.56
75.25
75.03
74.87
74.76
74.73
74.76
74.84
74.97
75.11
75.23
75.31
75.36
75.37
75.36
75.33
75.29
75.25
75.21
75.17
75.16
75.18
75.24
75.32
75.42
75.49
75.53
75.52
75.49
75.45
75.36
75.24
75.10
74.93
74.77
74.56
74.30
74.00
73.68
73.37
73.13
72.98
72.93
72.95
73.02
73.21
73.50
73.89
74.33
74.78
75.08
75.19
75.10
74.87
74.75
74.79
75.05
75.44
75.90
76.26
76.46
76.46
76.33
76.12
75.91
75.74
75.64
75.58
75.57
75.53
75.44
75.31
75.14
74.97
74.82
74.71
74.65
74.63
74.63
74.65
74.69
74.73
74.77
74.81
74.85
74.89
74.92
74.95
74.97
74.93
74.83
74.66
74.45
74.23
74.06
73.97
73.95
74.00
74.09
74.23
74.40
74.61
74.83
75.05
75.28
75.52
75.77
76.01
76.23
76.40
76.51
76.56
76.56
76.54
76.49
76.43
76.37
76.30
76.27
76.27
76.31
76.37
76.45
76.51
76.54
76.53
76.49
76.44
76.30
76.07
75.74
75.36
74.97
74.62
74.33
74.10
73.94
73.83
73.90
74.15
74.58
75.13
75.71
76.17
76.43
76.49
76.40
76.21
76.01
75.84
75.73
75.67
75.64
75.62
75.58
75.52
75.46
75.38
75.37
75.41
75.53
75.69
75.88
76.01
76.08
76.07
76.00
75.91
75.76
75.58
75.37
75.15
74.93
74.73
74.55
74.39
74.26
74.13
73.99
73.84
73.69
73.55
73.50
73.56
73.73
73.97
74.25
74.51
74.73
74.90
75.03
75.11
75.14
75.11
75.03
74.92
74.80
74.69
74.62
74.59
74.59
74.62
74.63
74.61
74.57
74.51
74.44
74.40
74.38
74.41
74.46
74.52
74.59
74.66
74.73
74.79
74.84
74.94
75.10
75.31
75.54
75.79
76.00
76.16
76.26
76.32
76.34
76.29
76.15
75.95
75.70
75.38
75.00
74.57
74.14
73.72
73.39
73.16
73.05
73.02
73.05
73.15
73.30
73.50
73.72
73.95
74.16
74.35
74.52
74.67
74.79
74.88
74.95
75.01
75.05
75.07
75.08
75.09
75.08
75.08
75.07
75.04
74.97
74.87
74.75
74.63
74.54
74.49
74.48
74.50
74.54
74.62
74.74
74.89
75.05
75.22
75.45
75.77
76.17
76.59
77.02
77.35
77.54
77.60
77.55
77.38
77.11
76.75
76.36
75.95
75.62
75.38
75.24
75.19
75.19
75.19
75.14
75.05
74.93
74.80
74.77
74.87
75.11
75.43
75.79
76.05
76.18
76.16
76.02
75.82
75.61
75.42
75.26
75.13
75.04
75.00
75.01
75.07
75.16
75.27
75.31
75.25
75.09
74.86
74.61
74.42
74.33
74.36
74.47
74.63
74.81
75.00
75.19
75.37
75.52
75.60
75.60
75.52
75.37
75.20
75.04
74.92
74.83
74.78
74.70
74.59
74.42
74.23
74.02
73.86
73.73
73.66
73.63
73.62
73.64
73.67
73.71
73.76
73.80
73.87
73.96
74.08
74.22
74.35
74.54
74.77
75.05
75.36
75.66
75.96
76.28
76.59
76.88
77.14
77.24
77.15
76.87
76.46
75.99
75.55
75.19
74.93
74.75
74.63
74.57
74.55
74.56
74.60
74.64
74.63
74.57
74.44
74.28
74.09
73.98
73.97
74.08
74.25
74.47
74.67
74.85
74.98
75.07
75.16
75.25
75.36
75.47
75.57
75.67
75.75
75.82
75.89
75.93
75.92
75.83
75.67
75.47
75.25
75.06
74.91
74.80
74.74
74.71
74.60
74.38
74.05
73.65
73.24
72.93
72.77
72.78
72.90
73.10
73.37
73.69
74.03
74.38
74.71
74.95
75.10
75.15
75.12
75.04
74.98
74.97
75.01
75.10
75.21
75.35
75.53
75.73
75.94
76.14
76.28
76.33
76.30
76.20
76.07
75.90
75.69
75.45
75.21
74.97
74.75
74.56
74.40
74.26
74.10
73.90
73.66
73.40
73.14
73.04
73.11
73.36
73.74
74.18
74.58
74.91
75.15
75.31
75.40
75.47
75.54
75.61
75.68
75.75
75.78
75.77
75.73
75.66
75.57
75.51
75.48
75.49
75.52
75.56
75.67
75.85
76.09
76.36
76.63
76.79
76.81
76.67
76.43
76.13
75.78
75.40
75.01
74.62
74.27
74.08
74.10
74.32
74.67
75.09
75.49
75.82
76.06
76.23
76.31
76.31
76.24
76.12
75.98
75.80
75.59
75.36
75.13
74.90
74.75
74.68
74.71
74.79
74.92
74.98
74.96
74.84
74.66
74.44
74.22
73.99
73.78
73.59
73.43
73.34
73.34
73.43
73.58
73.76
73.95
74.14
74.32
74.48
74.62
74.77
74.92
75.09
75.25
75.41
75.60
75.84
76.12
76.42
76.71
76.88
76.90
76.75
76.51
76.20
76.00
75.95
76.08
76.33
76.65
76.94
77.18
77.33
77.42
77.44
77.39
77.27
77.13
76.97
76.77
76.56
76.32
76.09
75.86
75.66
75.48
75.33
75.21
75.11
75.09
75.15
75.29
75.48
75.70
75.86
75.96
75.98
75.94
75.86
75.76
75.65
75.53
75.43
75.33
75.27
75.25
75.28
75.34
75.42
75.53
75.67
75.84
76.02
76.20
76.37
76.52
76.66
76.77
76.86
76.95
77.07
77.19
77.33
77.45
77.47
77.34
77.08
76.73
76.34
75.91
75.47
75.03
74.61
74.31
74.15
74.14
74.23
74.39
74.53
74.63
74.67
74.66
74.61
74.66
74.81
75.09
75.44
75.83
76.11
76.24
76.22
76.08
75.87
75.60
75.29
74.94
74.60
74.27
74.05
73.97
74.01
74.15
74.35
74.52
74.64
74.69
74.69
74.65
74.64
74.68
74.78
74.91
75.07
75.20
75.29
75.34
75.36
75.35
75.33
75.29
75.25
75.21
75.17
75.11
75.02
74.90
74.77
74.64
74.56
74.56
74.64
74.76
74.89
75.00
75.08
75.12
75.15
75.16
75.16
75.15
75.14
75.12
75.10
75.08
75.07
75.05
75.04
75.11
75.27
75.53
75.84
76.18
76.46
76.65
76.76
76.79
76.77
76.72
76.64
76.55
76.46
76.37
76.26
76.13
75.98
75.82
75.67
75.50
75.31
75.11
74.91
74.72
74.68
74.82
75.14
75.57
76.06
76.42
76.61
76.61
76.46
76.23
75.98
75.73
75.52
75.35
75.29
75.35
75.53
75.79
76.10
76.36
76.54
76.65
76.69
76.68
76.66
76.65
76.67
76.69
76.73
76.66
76.47
76.15
75.76
75.34
75.00
74.77
74.68
74.69
74.76
74.85
74.94
75.00
75.05
75.07
75.12
75.18
75.27
75.37
75.47
75.47
75.33
75.06
74.70
74.31
74.07
74.03
74.22
74.55
74.97
75.34
75.63
75.79
75.87
75.87
75.75
75.50
75.14
74.72
74.28
74.01
73.96
74.13
74.46
74.83
75.18
75.46
75.69
75.87
76.00
76.09
76.15
76.19
76.20
76.28
76.44
76.69
76.99
77.30
77.51
77.57
77.48
77.28
77.02
76.70
76.35
75.98
75.61
75.27
75.04
74.94
74.99
75.12
75.32
75.50
75.62
75.67
75.67
75.64
75.60
75.59
75.60
75.63
75.67
75.69
75.68
75.64
75.57
75.50
75.42
75.34
75.27
75.20
75.14
75.07
74.97
74.86
74.73
74.60
74.50
74.45
74.44
74.46
74.43
74.31
74.11
73.86
73.58
73.35
73.20
73.14
73.14
73.19
73.34
73.61
73.98
74.40
74.83
75.17
75.38
75.46
75.44
75.34
75.23
75.13
75.05
74.99
74.95
74.87
74.74
74.56
74.35
74.13
73.94
73.80
73.71
73.66
73.65
73.71
73.85
74.06
74.31
74.58
74.79
74.92
74.96
74.94
74.88
74.81
74.76
74.74
74.74
74.75
74.75
74.72
74.66
74.58
74.50
74.41
74.33
74.25
74.19
74.16
74.17
74.22
74.30
74.39
74.49
74.58
74.67
74.75
74.82
74.91
75.01
75.14
75.27
75.40
75.56
75.73
75.91
76.10
76.28
76.40
76.43
76.37
76.26
76.11
75.95
75.79
75.63
75.49
75.36
75.23
75.08
74.92
74.76
74.60
74.44
74.26
74.06
73.87
73.69
73.58
73.55
73.61
73.72
73.87
74.06
74.29
74.54
74.79
75.03
75.36
75.78
76.31
76.87
77.43
77.83
78.02
78.00
77.82
77.60
77.38
77.21
77.08
76.99
76.84
76.62
76.33
76.01
75.67
75.40
75.21
75.12
75.11
75.15
75.16
75.14
75.06
74.95
74.83
74.72
74.64
74.61
74.61
74.63
74.69
74.79
74.92
75.07
75.23
75.33
75.35
75.29
75.19
75.05
74.95
74.91
74.94
75.01
75.12
75.24
75.37
75.49
75.60
75.70
75.76
75.78
75.75
75.68
75.60
75.46
75.26
74.99
74.70
74.41
74.13
73.87
73.64
73.45
73.37
73.41
73.58
73.83
74.12
74.40
74.64
74.82
74.97
75.07
75.11
75.09
75.02
74.91
74.79
74.66
74.54
74.42
74.32
74.23
74.13
74.01
73.87
73.73
73.59
73.59
73.77
74.11
74.56
75.06
75.54
75.97
76.33
76.61
76.83
76.94
76.94
76.84
76.67
76.46
76.26
76.09
75.97
75.89
75.84
75.81
75.80
75.80
75.82
75.84
75.83
75.80
75.73
75.64
75.55
75.37
75.11
74.76
74.37
74.07
73.91
73.92
74.03
74.21
74.44
74.68
74.92
75.14
75.35
75.50
75.59
75.62
75.61
75.57
75.49
75.36
75.20
75.02
74.85
74.78
74.86
75.08
75.39
75.74
76.01
76.14
76.12
75.99
75.79
75.58
75.40
75.24
75.12
75.03
74.94
74.84
74.72
74.60
74.48
74.43
74.45
74.55
74.69
74.86
75.07
75.31
75.56
75.82
76.06
76.20
76.22
76.12
75.93
75.64
75.27
74.84
74.38
73.94
73.63
73.48
73.52
73.67
73.91
74.16
74.39
74.59
74.74
74.87
74.94
74.95
74.91
74.83
74.73
74.67
74.68
74.75
74.87
75.02
75.20
75.40
75.64
75.87
76.10
76.30
76.49
76.64
76.77
76.87
76.87
76.75
76.53
76.23
75.91
75.63
75.43
75.32
75.28
75.29
75.33
75.40
75.48
75.56
75.64
75.67
75.62
75.50
75.34
75.15
74.99
74.86
74.78
74.73
74.69
74.63
74.56
74.48
74.40
74.35
74.33
74.36
74.41
74.48
74.50
74.46
74.36
74.21
74.04
73.92
73.87
73.90
73.97
74.08
74.12
74.08
73.94
73.74
73.50
73.37
73.36
73.49
73.72
74.00
74.33
74.69
75.07
75.44
75.78
76.06
76.26
76.39
76.46
76.48
76.45
76.36
76.23
76.07
75.90
75.73
75.57
75.43
75.31
75.21
75.13
75.06
75.02
74.98
74.96
74.94
74.94
74.93
74.94
74.92
74.86
74.78
74.68
74.58
74.50
74.46
74.46
74.49
74.53
74.59
74.66
74.72
74.78
74.83
74.88
74.91
74.95
74.97
74.99
75.01
75.01
75.02
75.02
75.02
75.05
75.11
75.19
75.30
75.41
75.49
75.53
75.54
75.51
75.46
75.38
75.26
75.11
74.95
74.78
74.65
74.56
74.52
74.52
74.55
74.54
74.47
74.35
74.19
74.02
73.97
74.09
74.38
74.78
75.23
75.62
75.89
76.04
76.08
76.11
76.15
76.23
76.32
76.42
76.47
76.45
76.36
76.23
76.07
75.87
75.65
75.40
75.15
74.92
74.73
74.60
74.53
74.51
74.52
74.55
74.60
74.65
74.71
74.76
74.87
75.03
75.25
75.49
75.75
75.99
76.22
76.42
76.59
76.73
76.74
76.60
76.30
75.92
75.50
75.15
74.91
74.80
74.79
74.84
74.97
75.16
75.38
75.63
75.88
76.11
76.32
76.50
76.66
76.78
76.83
76.79
76.67
76.50
76.27
76.00
75.70
75.41
75.12
74.92
74.80
74.79
74.84
74.94
75.04
75.12
75.17
75.20
75.21
75.25
75.35
75.51
75.70
75.91
76.05
76.13
76.12
76.05
75.95
75.77
75.53
75.22
74.89
74.55
74.29
74.12
74.04
74.04
74.09
74.23
74.45
74.73
75.06
75.39
75.52
75.41
75.04
74.52
73.91
73.40
73.07
72.94
72.96
73.08
73.27
73.49
73.73
73.96
74.18
74.38
74.55
74.70
74.81
74.93
75.06
75.20
75.34
75.47
75.60
75.70
75.79
75.87
75.93
76.00
76.09
76.20
76.32
76.44
76.51
76.50
76.41
76.27
76.11
76.01
76.01
76.12
76.30
76.51
76.69
76.80
76.84
76.82
76.76
76.71
76.67
76.66
76.68
76.70
76.79
76.94
77.16
77.41
77.67
77.82
77.82
77.68
77.43
77.13
76.88
76.73
76.69
76.73
76.83
76.91
76.94
76.91
76.85
76.75
76.70
76.71
76.78
76.90
76.98
77.02
76.99
76.92
76.82
76.65
76.42
76.12
75.81
75.49
75.18
74.91
74.67
74.46
74.29
74.19
74.14
74.16
74.21
74.29
74.36
74.40
74.41
74.39
74.36
74.34
74.36
74.40
74.46
74.53
74.61
74.68
74.75
74.81
74.86
74.96
75.11
75.32
75.55
75.80
76.03
76.25
76.44
76.60
76.74
76.85
76.93
77.00
77.04
77.07
77.03
76.92
76.75
76.53
76.35
76.23
76.19
76.20
76.25
76.28
76.25
76.17
76.04
75.90
75.76
75.61
75.48
75.36
75.26
75.25
75.36
75.57
75.85
76.16
76.42
76.61
76.71
76.74
76.72
76.62
76.43
76.17
75.87
75.56
75.32
75.15
75.08
75.08
75.13
75.24
75.40
75.59
75.80
76.02
76.16
76.23
76.21
76.14
76.02
75.89
75.74
75.60
75.47
75.36
75.34
75.43
75.62
75.89
76.19
76.42
76.54
76.54
76.46
76.36
76.25
76.16
76.09
76.04
76.02
76.05
76.12
76.22
76.33
76.34
76.21
75.96
75.62
75.24
74.94
74.74
74.67
74.69
74.78
74.82
74.80
74.68
74.51
74.31
74.18
74.15
74.22
74.37
74.56
74.72
74.82
74.84
74.81
74.75
74.72
74.74
74.82
74.94
75.08
75.20
75.29
75.34
75.35
75.34
75.29
75.20
75.07
74.92
74.77
74.68
74.65
74.71
74.82
74.96
75.11
75.27
75.41
75.55
75.59
75.52
75.33
75.08
74.79
74.60
74.54
74.63
74.82
75.07
75.43
75.88
76.42
76.99
77.55
77.89
77.95
77.74
77.33
76.82
76.28
75.77
75.31
74.92
74.60
74.37
74.23
74.17
74.18
74.22
74.27
74.30
74.31
74.30
74.27
74.24
74.21
74.17
74.14
74.11
74.08
74.05
74.04
74.02
74.01
74.08
74.25
74.51
74.83
75.17
75.45
75.65
75.75
75.79
75.77
75.77
75.81
75.90
76.02
76.19
76.39
76.61
76.84
77.07
77.17
77.12
76.92
76.63
76.28
75.94
75.64
75.40
75.20
75.06
75.03
75.13
75.36
75.65
75.99
76.25
76.41
76.44
76.39
76.28
76.16
76.05
75.98
75.92
75.89
75.85
75.78
75.70
75.60
75.50
75.48
75.57
75.75
76.01
76.29
76.50
76.61
76.59
76.50
76.36
76.21
76.08
75.99
75.92
75.88
75.83
75.77
75.68
75.58
75.48
75.39
75.30
75.22
75.16
75.05
74.89
74.68
74.44
74.20
74.01
73.91
73.90
73.95
74.04
74.13
74.20
74.23
74.25
74.24
74.28
74.37
74.53
74.71
74.91
75.00
74.96
74.77
74.49
74.16
73.84
73.56
73.33
73.15
73.02
72.98
73.03
73.18
73.37
73.60
73.80
73.97
74.09
74.17
74.22
74.26
74.32
74.40
74.49
74.58
74.69
74.82
74.98
75.14
75.30
75.51
75.76
76.05
76.36
76.61
76.78
76.86
76.87
76.83
76.73
76.58
76.39
76.19
75.98
75.81
75.68
75.61
75.59
75.59
75.61
75.65
75.69
75.74
75.79
75.86
75.96
76.08
76.22
76.35
76.35
76.18
75.84
75.40
74.91
74.51
74.26
74.18
74.22
74.34
74.41
74.38
74.23
74.01
73.75
73.52
73.37
73.29
73.27
73.30
73.38
73.51
73.69
73.88
74.07
74.23
74.34
74.40
74.42
74.41
74.49
74.68
74.99
75.37
75.72
76.01
76.21
76.34
76.42
76.47
76.52
76.59
76.65
76.72
76.73
76.67
76.53
76.36
76.17
75.91
75.61
75.25
74.89
74.53
74.30
74.23
74.33
74.55
74.83
75.11
75.37
75.59
75.76
75.90
75.97
75.98
75.94
75.86
75.76
75.56
75.28
74.90
74.49
74.06
73.78
73.70
73.81
74.06
74.40
74.69
74.90
74.99
75.01
74.97
74.97
75.03
75.19
75.39
75.62
75.83
75.99
76.11
76.19
76.26
76.33
76.42
76.52
76.61
76.61
76.52
76.31
76.05
75.75
75.43
75.08
74.73
74.39
74.07
73.88
73.81
73.89
74.05
74.27
74.51
74.77
75.01
75.23
75.43
75.57
75.65
75.68
75.66
75.61
75.57
75.55
75.56
75.59
75.63
75.63
75.57
75.44
75.27
75.09
74.96
74.89
74.90
74.97
75.07
75.22
75.41
75.62
75.85
76.07
76.27
76.45
76.61
76.74
76.84
76.87
76.82
76.69
76.50
76.32
76.16
76.04
75.95
75.90
75.83
75.76
75.67
75.57
75.47
75.40
75.37
75.38
75.42
75.48
75.55
75.63
75.70
75.76
75.82
75.93
76.08
76.30
76.54
76.78
77.02
77.24
77.43
77.60
77.74
77.77
77.68
77.48
77.20
76.89
76.60
76.35
76.16
76.01
75.91
75.84
75.80
75.79
75.79
75.80
75.82
75.84
75.87
75.89
75.91
75.91
75.87
75.79
75.70
75.60
75.49
75.39
75.30
75.22
75.18
75.18
75.23
75.30
75.39
75.54
75.75
76.01
76.31
76.60
76.83
76.97
77.02
77.00
76.93
76.83
76.72
76.60
76.49
76.38
76.31
76.29
76.31
76.36
76.43
76.43
76.34
76.15
75.91
75.63
75.38
75.17
75.01
74.90
74.83
74.76
74.68
74.60
74.50
74.41
74.35
74.33
74.35
74.40
74.47
74.65
74.96
75.39
75.88
76.40
76.79
77.02
77.08
77.00
76.85
76.69
76.57
76.51
76.49
76.46
76.38
76.25
76.09
75.93
75.76
75.60
75.46
75.33
75.23
75.12
74.99
74.85
74.71
74.57
74.52
74.58
74.75
74.99
75.27
75.52
75.75
75.91
76.04
76.12
76.15
76.12
76.03
75.92
75.80
75.72
75.70
75.76
75.87
76.01
76.13
76.22
76.27
76.30
76.30
76.25
76.17
76.05
75.91
75.76
75.62
75.48
75.36
75.26
75.17
75.10
75.05
75.01
74.98
74.99
75.03
75.12
75.22
75.34
75.46
75.57
75.67
75.76
75.83
75.87
75.86
75.81
75.73
75.63
75.53
75.43
75.34
75.26
75.19
75.10
74.99
74.87
74.73
74.60
74.58
74.69
74.95
75.29
75.68
75.99
76.20
76.28
76.27
76.19
76.08
75.94
75.79
75.64
75.51
75.33
75.11
74.84
74.56
74.27
74.08
74.02
74.07
74.22
74.41
74.61
74.78
74.91
75.01
75.08
75.04
74.89
74.63
74.31
73.96
73.61
73.28
72.98
72.72
72.66
72.82
73.21
73.74
74.34
74.82
75.13
75.23
75.18
75.03
74.90
74.82
74.83
74.90
75.01
75.17
75.36
75.58
75.81
76.04
76.22
76.35
76.43
76.45
76.45
76.42
76.38
76.33
76.28
76.23
76.20
76.22
76.27
76.35
76.43
76.34
76.03
75.49
74.81
74.09
73.46
73.00
72.73
72.61
72.60
72.64
72.70
72.76
72.81
72.86
73.04
73.36
73.83
74.38
74.89
75.28
75.55
75.70
75.77
75.78
75.75
75.68
75.60
75.51
75.42
75.33
75.26
75.19
75.13
75.14
75.21
75.36
75.56
75.77
75.95
76.10
76.20
76.26
76.28
76.26
76.19
76.08
75.94
75.80
75.65
75.51
75.39
75.28
75.19
75.17
75.23
75.36
75.55
75.75
75.91
76.00
76.00
75.96
75.87
75.71
75.48
75.19
74.87
74.54
74.34
74.28
74.39
74.60
74.88
75.14
75.34
75.46
75.52
75.56
75.60
75.65
75.70
75.75
75.75
75.68
75.54
75.36
75.17
74.99
74.86
74.77
74.72
74.70
74.68
74.64
74.57
74.50
74.42
74.37
74.36
74.38
74.43
74.49
74.57
74.64
74.71
74.78
74.84
74.86
74.84
74.78
74.70
74.61
74.48
74.33
74.15
73.96
73.78
73.66
73.63
73.68
73.78
73.92
74.07
74.23
74.38
74.52
74.64
74.80
75.01
75.25
75.52
75.79
75.99
76.10
76.12
76.07
75.96
75.78
75.57
75.33
75.10
74.93
74.84
74.84
74.90
75.00
75.07
75.09
75.05
74.96
74.85
74.78
74.77
74.82
74.93
75.06
75.15
75.17
75.13
75.04
74.92
74.84
74.82
74.87
74.96
75.08
75.14
75.10
74.96
74.76
74.53
74.31
74.12
73.99
73.89
73.83
73.75
73.62
73.44
73.24
73.04
72.97
73.07
73.35
73.74
74.19
74.66
75.11
75.53
75.90
76.22
76.37
76.36
76.17
75.87
75.61
75.45
75.42
75.48
75.61
75.72
75.78
75.79
75.75
75.68
75.57
75.42
75.24
75.05
74.86
74.76
74.77
74.90
75.10
75.34
75.52
75.60
75.58
75.47
75.32
75.20
75.13
75.13
75.17
75.25
75.37
75.53
75.71
75.92
76.12
76.25
76.30
76.27
76.18
76.05
75.86
75.59
75.27
74.92
74.57
74.32
74.20
74.21
74.31
74.47
74.62
74.71
74.74
74.72
74.66
74.67
74.76
74.94
75.18
75.34
75.38
75.28
75.09
74.84
74.60
74.38
74.21
74.08
73.98
73.89
73.79
73.68
73.56
73.45
73.48
73.68
74.05
74.52
75.03
75.53
75.96
76.33
76.62
76.84
76.95
76.95
76.85
76.68
76.47
76.22
75.93
75.63
75.33
75.05
74.88
74.83
74.92
75.08
75.31
75.52
75.72
75.87
75.98
76.06
76.08
76.06
75.98
75.88
75.76
75.63
75.51
75.40
75.30
75.21
75.19
75.25
75.38
75.56
75.71
75.81
75.83
75.80
75.74
75.57
75.31
74.95
74.53
74.11
73.81
73.66
73.68
73.82
74.03
74.23
74.39
74.48
74.51
74.51
74.54
74.61
74.73
74.88
75.05
75.16
75.21
75.18
75.09
74.97
74.81
74.61
74.39
74.16
73.93
73.78
73.71
73.73
73.81
73.93
74.10
74.31
74.54
74.79
75.02
75.29
75.60
75.94
76.29
76.63
76.81
76.79
76.58
76.24
75.83
75.42
75.04
74.72
74.45
74.27
74.17
74.14
74.17
74.23
74.29
74.33
74.34
74.33
74.30
74.35
74.48
74.71
74.99
75.30
75.58
75.81
75.98
76.10
76.18
76.25
76.33
76.42
76.52
76.61
76.67
76.69
76.66
76.61
76.54
76.46
76.39
76.31
76.24
76.18
76.07
75.91
75.70
75.46
75.21
75.08
75.09
75.26
75.52
75.83
76.06
76.17
76.12
75.98
75.77
75.59
75.45
75.39
75.37
75.37
75.36
75.34
75.30
75.26
75.27
75.35
75.48
75.66
75.86
76.03
76.16
76.25
76.29
76.31
76.17
75.86
75.39
74.82
74.22
73.73
73.41
73.26
73.25
73.34
73.54
73.85
74.22
74.64
75.06
75.37
75.56
75.61
75.56
75.44
75.30
75.18
75.08
75.01
74.96
74.90
74.82
74.73
74.62
74.51
74.43
74.40
74.40
74.44
74.50
74.56
74.63
74.70
74.76
74.82
74.87
74.91
74.95
74.97
74.97
74.92
74.84
74.74
74.63
74.52
74.42
74.32
74.24
74.16
74.18
74.31
74.54
74.83
75.16
75.48
75.79
76.07
76.32
76.52
76.72
76.92
77.11
77.30
77.46
77.53
77.48
77.31
77.07
76.79
76.45
76.05
75.60
75.15
74.72
74.44
74.32
74.38
74.56
74.82
75.07
75.26
75.38
75.45
75.47
75.49
75.51
75.56
75.61
75.67
75.70
75.70
75.66
75.60
75.52
75.44
75.36
75.29
75.22
75.21
75.28
75.41
75.59
75.80
75.95
76.03
76.03
75.98
75.89
75.78
75.66
75.54
75.43
75.33
75.29
75.33
75.45
75.61
75.80
75.89
75.86
75.68
75.41
75.09
74.81
74.60
74.47
74.41
74.40
74.47
74.64
74.88
75.16
75.46
75.67
75.76
75.74
75.63
75.46
75.24
74.98
74.69
74.40
74.12
73.89
73.72
73.62
73.57
73.55
73.60
73.69
73.82
73.98
74.14
74.25
74.28
74.24
74.14
74.07
74.04
74.07
74.14
74.24
74.37
74.54
74.73
74.94
75.14
75.30
75.41
75.46
75.48
75.46
75.43
75.38
75.32
75.27
75.22
75.17
75.12
75.09
75.06
75.03
75.07
75.17
75.34
75.54
75.77
75.96
76.11
76.22
76.27
76.30
76.41
76.63
76.96
77.35
77.77
78.07
78.23
78.22
78.10
77.90
77.63
77.31
76.97
76.62
76.29
75.91
75.48
74.99
74.48
74.00
73.68
73.57
73.68
73.93
74.25
74.57
74.88
75.15
75.39
75.54
75.58
75.53
75.41
75.25
75.08
74.89
74.72
74.56
74.41
74.29
74.19
74.11
74.05
74.00
73.94
73.86
73.76
73.65
73.54
73.48
73.50
73.59
73.73
73.90
74.07
74.24
74.40
74.55
74.67
74.78
74.87
74.93
74.98
75.02
74.99
74.89
74.72
74.51
74.28
74.08
73.92
73.81
73.75
73.71
73.73
73.80
73.91
74.05
74.20
74.39
74.65
74.95
75.27
75.64
76.05
76.50
76.95
77.37
77.67
77.84
77.85
77.77
77.61
77.36
77.03
76.64
76.23
75.82
75.49
75.25
75.13
75.09
75.11
75.23
75.43
75.71
76.03
76.36
76.54
76.55
76.36
76.05
75.67
75.29
74.94
74.64
74.40
74.21
74.01
73.79
73.54
73.29
73.04
72.86
72.77
72.77
72.84
72.95
73.19
73.56
74.06
74.62
75.19
75.64
75.91
76.01
75.96
75.83
75.72
75.67
75.70
75.80
75.85
75.82
75.71
75.54
75.34
75.20
75.17
75.24
75.38
75.57
75.81
76.07
76.36
76.66
76.93
77.10
77.15
77.07
76.90
76.68
76.49
76.36
76.30
76.30
76.33
76.31
76.21
76.03
75.79
75.52
75.23
74.92
74.60
74.29
74.00
73.72
73.45
73.18
72.92
72.70
72.61
72.67
72.90
73.22
73.59
73.99
74.37
74.72
75.04
75.31
75.51
75.64
75.70
75.70
75.66
75.60
75.53
75.45
75.37
75.32
75.30
75.33
75.39
75.46
75.57
75.71
75.87
76.05
76.22
76.33
76.37
76.32
76.21
76.07
75.89
75.68
75.44
75.19
74.96
74.71
74.46
74.21
73.97
73.75
73.61
73.56
73.60
73.70
73.84
73.95
74.00
73.99
73.92
73.83
73.72
73.60
73.49
73.38
73.29
73.23
73.22
73.26
73.32
73.40
73.54
73.75
74.01
74.30
74.60
74.90
75.22
75.54
75.83
76.11
76.35
76.55
76.71
76.85
76.92
76.93
76.90
76.82
76.72
76.59
76.43
76.23
76.03
75.84
75.63
75.41
75.18
74.96
74.75
74.59
74.49
74.44
74.44
74.47
74.54
74.66
74.82
74.99
75.16
75.27
75.31
75.27
75.17
75.04
74.97
74.99
75.11
75.30
75.52
75.65
75.65
75.51
75.28
74.99
74.71
74.47
74.27
74.11
74.00
74.03
74.21
74.53
74.95
75.40
75.78
76.04
76.17
76.20
76.13
75.98
75.76
75.52
75.27
75.03
74.80
74.60
74.43
74.28
74.19
74.16
74.18
74.24
74.32
74.55
74.93
75.47
76.09
76.74
77.18
77.35
77.24
76.94
76.52
76.12
75.79
75.57
75.44
75.37
75.36
75.39
75.44
75.51
75.58
75.63
75.64
75.61
75.56
75.50
75.35
75.10
74.76
74.38
73.98
73.68
73.49
73.45
73.50
73.61
73.69
73.69
73.60
73.45
73.27
73.10
72.97
72.87
72.81
72.78
72.77
72.78
72.79
72.81
72.84
72.87
72.89
72.91
72.94
73.01
73.14
73.33
73.55
73.79
74.01
74.23
74.42
74.58
74.72
74.83
74.92
74.98
75.03
75.06
75.03
74.92
74.74
74.53
74.29
74.11
74.01
73.99
74.03
74.11
74.24
74.41
74.61
74.83
75.05
75.17
75.18
75.07
74.88
74.65
74.43
74.23
74.08
73.98
73.90
73.88
73.91
73.99
74.10
74.23
74.31
74.32
74.25
74.14
74.05
74.02
74.05
74.12
74.21
74.29
74.35
74.37
74.37
74.34
74.36
74.43
74.57
74.74
74.93
75.09
75.21
75.29
75.32
75.33
75.37
75.46
75.61
75.78
75.97
76.16
76.33
76.49
76.63
76.75
76.74
76.58
76.28
75.90
75.47
75.12
74.88
74.78
74.77
74.83
74.93
75.06
75.20
75.34
75.48
75.52
75.45
75.28
75.03
74.75
74.57
74.52
74.61
74.81
75.06
75.29
75.46
75.56
75.59
75.61
75.64
75.67
75.71
75.76
75.75
75.68
75.53
75.35
75.16
75.01
74.93
74.93
74.99
75.09
75.18
75.24
75.28
75.28
75.28
75.25
75.23
75.19
75.16
75.13
75.13
75.16
75.23
75.31
75.41
75.49
75.53
75.53
75.50
75.45
75.45
75.50
75.62
75.78
75.95
76.08
76.13
76.11
76.04
75.93
75.83
75.76
75.72
75.71
75.72
75.71
75.68
75.62
75.55
75.47
75.44
75.48
75.59
75.74
75.80
75.75
75.57
75.31
75.00
74.70
74.44
74.24
74.08
73.97
73.92
73.92
73.99
74.09
74.20
74.25
74.20
74.05
73.83
73.58
73.38
73.24
73.18
73.19
73.24
73.31
73.40
73.49
73.58
73.67
73.83
74.07
74.40
74.76
75.14
75.42
75.59
75.62
75.55
75.42
75.36
75.41
75.58
75.83
76.12
76.32
76.38
76.30
76.12
75.89
75.64
75.43
75.25
75.12
75.01
75.02
75.15
75.39
75.70
76.01
76.29
76.53
76.72
76.87
76.88
76.73
76.42
76.02
75.59
75.25
75.05
75.01
75.10
75.26
75.41
75.52
75.57
75.57
75.55
75.52
75.52
75.54
75.59
75.64
75.69
75.75
75.80
75.85
75.89
75.87
75.78
75.63
75.43
75.22
75.06
74.97
74.96
75.01
75.10
75.21
75.33
75.45
75.56
75.66
75.65
75.49
75.20
74.82
74.41
74.15
74.09
74.26
74.58
74.99
75.46
75.97
76.48
76.98
77.36
77.59
77.67
77.63
77.52
77.33
77.09
76.81
76.52
76.23
75.99
75.81
75.69
75.63
75.60
75.58
75.54
75.49
75.43
75.36
75.32
75.32
75.35
75.41
75.48
75.61
75.80
76.06
76.34
76.62
76.82
76.90
76.85
76.72
76.54
76.38
76.27
76.24
76.26
76.31
76.33
76.30
76.21
76.08
75.93
75.83
75.80
75.84
75.93
76.05
76.13
76.15
76.11
76.02
75.90
75.74
75.55
75.34
75.11
74.87
74.61
74.35
74.09
73.85
73.72
73.71
73.82
74.02
74.26
74.52
74.79
75.04
75.26
75.46
75.63
75.77
75.88
75.96
76.02
76.03
76.00
75.93
75.82
75.71
75.61
75.56
75.54
75.55
75.59
75.58
75.51
75.39
75.23
75.05
74.89
74.78
74.71
74.67
74.67
74.68
74.71
74.74
74.78
74.82
74.91
75.06
75.26
75.50
75.75
75.94
76.04
76.06
76.02
75.91
75.74
75.53
75.30
75.07
74.85
74.66
74.48
74.33
74.21
74.17
74.21
74.33
74.51
74.71
74.92
75.13
75.32
75.49
75.64
75.68
75.60
75.41
75.15
74.85
74.54
74.24
73.97
73.72
73.51
73.39
73.37
73.43
73.57
73.74
73.90
74.03
74.12
74.17
74.20
74.24
74.29
74.37
74.46
74.55
74.66
74.80
74.96
75.13
75.29
75.50
75.75
76.05
76.36
76.67
76.85
76.87
76.74
76.50
76.22
75.95
75.71
75.50
75.33
75.06
74.66
74.14
73.55
72.95
72.58
72.51
72.75
73.20
73.77
74.26
74.61
74.76
74.78
74.70
74.63
74.61
74.67
74.79
74.93
75.07
75.17
75.23
75.26
75.27
75.29
75.33
75.39
75.46
75.55
75.55
75.45
75.26
75.00
74.71
74.44
74.22
74.05
73.93
73.85
73.85
73.94
74.12
74.34
74.59
74.75
74.82
74.76
74.63
74.45
74.33
74.29
74.36
74.49
74.59
74.61
74.54
74.40
74.24
74.11
74.04
74.04
74.09
74.18
74.23
74.22
74.16
74.05
73.91
73.88
73.97
74.19
74.50
74.85
75.15
75.39
75.53
75.60
75.62
75.63
75.64
75.66
75.70
75.74
75.71
75.58
75.35
75.06
74.75
74.47
74.23
74.05
73.92
73.84
73.84
73.93
74.10
74.33
74.57
74.79
74.97
75.10
75.19
75.23
75.36
75.59
75.94
76.34
76.77
77.05
77.16
77.06
76.83
76.54
76.24
75.97
75.73
75.52
75.31
75.12
74.92
74.73
74.56
74.46
74.45
74.53
74.66
74.82
75.08
75.43
75.86
76.34
76.81
77.15
77.33
77.33
77.21
77.00
76.75
76.48
76.21
75.96
75.73
75.48
75.20
74.88
74.56
74.25
74.02
73.89
73.85
73.89
73.97
74.06
74.13
74.17
74.20
74.20
74.19
74.18
74.16
74.13
74.11
74.14
74.24
74.40
74.60
74.81
74.94
74.97
74.89
74.73
74.60
74.55
74.59
74.69
74.84
74.92
74.91
74.81
74.64
74.43
74.29
74.24
74.30
74.43
74.61
74.76
74.84
74.86
74.83
74.76
74.67
74.57
74.47
74.38
74.29
74.24
74.23
74.27
74.33
74.41
74.53
74.67
74.85
75.03
75.21
75.30
75.28
75.14
74.93
74.68
74.52
74.49
74.60
74.81
75.07
75.36
75.65
75.92
76.17
76.39
76.55
76.65
76.68
76.67
76.62
76.56
76.48
76.40
76.33
76.18
75.94
75.62
75.25
74.88
74.62
74.51
74.57
74.74
74.98
75.23
75.46
75.65
75.80
75.92
75.95
75.90
75.76
75.57
75.35
75.12
74.90
74.70
74.53
74.37
74.25
74.14
74.06
74.00
73.96
73.96
74.00
74.09
74.19
74.31
74.43
74.54
74.65
74.74
74.82
74.83
74.77
74.63
74.44
74.24
74.08
73.99
73.98
74.03
74.12
74.23
74.34
74.46
74.57
74.67
74.73
74.75
74.72
74.66
74.59
74.50
74.42
74.33
74.26
74.22
74.22
74.26
74.33
74.41
74.56
74.76
75.02
75.31
75.61
75.81
75.89
75.85
75.72
75.54
75.33
75.11
74.90
74.70
74.53
74.40
74.33
74.32
74.35
74.40
74.47
74.55
74.63
74.70
74.77
74.80
74.80
74.75
74.68
74.59
74.55
74.57
74.67
74.80
74.96
75.13
75.29
75.45
75.58
75.70
75.77
75.79
75.77
75.71
75.63
75.51
75.36
75.19
75.00
74.84
74.72
74.66
74.63
74.63
74.65
74.68
74.72
74.76
74.81
74.77
74.63
74.40
74.10
73.78
73.55
73.42
73.41
73.49
73.63
73.77
73.90
73.99
74.06
74.10
74.15
74.22
74.31
74.41
74.51
74.61
74.70
74.78
74.84
74.90
74.92
74.89
74.83
74.74
74.64
74.56
74.51
74.51
74.53
74.57
74.57
74.51
74.39
74.23
74.05
73.92
73.87
73.89
73.96
74.07
74.19
74.32
74.45
74.57
74.62
74.60
74.50
74.35
74.17
74.01
73.88
73.80
73.75
73.73
73.84
74.08
74.46
74.92
75.40
75.75
75.91
75.87
75.68
75.41
75.12
74.84
74.60
74.40
74.24
74.03
73.77
73.43
73.07
72.70
72.43
72.29
72.28
72.37
72.51
72.67
72.81
72.92
73.00
73.05
73.14
73.28
73.47
73.68
73.90
74.14
74.39
74.66
74.91
75.15
75.34
75.46
75.53
75.54
75.52
75.51
75.51
75.54
75.59
75.56
75.44
75.23
74.96
74.67
74.48
74.43
74.54
74.74
75.00
75.24
75.42
75.52
75.57
75.57
75.59
75.66
75.78
75.92
76.08
76.22
76.32
76.37
76.38
76.37
76.32
76.23
76.09
75.94
75.79
75.64
75.50
75.37
75.26
75.17
75.08
74.96
74.83
74.70
74.56
74.47
74.41
74.41
74.44
74.49
74.55
74.62
74.68
74.75
74.81
74.86
74.90
74.94
74.97
74.99
75.00
75.01
75.02
75.03
75.08
75.19
75.37
75.58
75.80
76.03
76.23
76.42
76.58
76.71
76.80
76.83
76.80
76.74
76.66
76.49
76.22
75.86
75.46
75.04
74.64
74.27
73.95
73.67
73.44
73.36
73.44
73.69
74.05
74.45
74.82
75.11
75.31
75.43
75.50
75.54
75.58
75.64
75.69
75.75
75.83
75.93
76.06
76.20
76.35
76.35
76.18
75.84
75.40
74.91
74.54
74.35
74.36
74.50
74.74
74.89
74.91
74.77
74.52
74.35
74.30
74.41
74.63
74.90
75.16
75.35
75.47
75.53
75.54
75.55
75.56
75.60
75.64
75.69
75.72
75.71
75.67
75.60
75.52
75.41
75.28
75.11
74.93
74.76
74.63
74.54
74.50
74.50
74.53
74.57
74.63
74.68
74.74
74.80
74.79
74.72
74.58
74.39
74.19
74.04
73.95
73.95
74.01
74.10
74.24
74.42
74.63
74.85
75.06
75.26
75.44
75.60
75.73
75.84
75.89
75.90
75.85
75.78
75.60
75.33
74.96
74.54
74.11
73.83
73.74
73.85
74.09
74.42
74.79
75.16
75.52
75.85
76.15
76.32
76.36
76.26
76.07
75.82
75.55
75.28
75.02
74.79
74.58
74.43
74.34
74.32
74.33
74.38
74.45
74.53
74.60
74.68
74.75
74.73
74.62
74.39
74.11
73.80
73.54
73.35
73.26
73.23
73.25
73.28
73.30
73.30
73.28
73.25
73.25
73.27
73.32
73.40
73.59
73.91
74.35
74.85
75.37
75.82
76.18
76.42
76.56
76.63
76.57
76.37
76.06
75.67
75.26
74.90
74.63
74.46
74.37
74.34
74.30
74.23
74.11
73.97
73.82
73.70
73.62
73.58
73.58
73.60
73.63
73.68
73.72
73.77
73.82
73.78
73.65
73.41
73.12
72.80
72.58
72.51
72.59
72.78
73.03
73.41
73.93
74.56
75.24
75.92
76.40
76.63
76.60
76.39
76.06
75.66
75.25
74.83
74.44
74.15
73.96
73.88
73.89
73.95
74.08
74.26
74.48
74.71
74.94
75.14
75.28
75.36
75.40
75.41
75.39
75.36
75.32
75.27
75.22
75.12
74.97
74.75
74.51
74.26
74.09
74.04
74.11
74.26
74.46
74.68
74.90
75.12
75.32
75.49
75.64
75.77
75.87
75.94
76.00
76.04
76.07
76.08
76.09
76.09
76.08
76.07
76.06
76.05
76.04
75.98
75.86
75.67
75.45
75.22
75.05
74.95
74.94
74.99
75.02
75.02
74.96
74.87
74.76
74.67
74.61
74.59
74.59
74.62
74.66
74.71
74.75
74.80
74.84
74.83
74.75
74.60
74.41
74.20
74.01
73.87
73.78
73.72
73.70
73.67
73.63
73.57
73.50
73.42
73.39
73.44
73.55
73.71
73.88
74.10
74.33
74.59
74.84
75.08
75.30
75.49
75.65
75.78
75.88
75.91
75.85
75.71
75.52
75.31
75.12
74.96
74.85
74.79
74.75
74.69
74.58
74.42
74.23
74.03
73.84
73.66
73.50
73.36
73.43
73.73
74.28
74.97
75.73
76.38
76.86
77.16
77.31
77.34
77.29
77.19
77.05
76.90
76.75
76.62
76.55
76.52
76.52
76.55
76.46
76.23
75.84
75.36
74.84
74.46
74.27
74.27
74.43
74.67
74.91
75.11
75.25
75.33
75.37
75.43
75.53
75.68
75.85
76.04
76.16
76.22
76.19
76.11
75.99
75.83
75.63
75.40
75.17
74.95
74.74
74.55
74.39
74.26
74.12
73.98
73.83
73.68
73.54
73.44
73.38
73.38
73.41
73.46
73.50
73.51
73.50
73.46
73.40
73.37
73.37
73.40
73.46
73.53
73.57
73.59
73.57
73.52
73.46
73.40
73.33
73.26
73.20
73.15
73.11
73.07
73.04
73.02
73.00
72.99
72.98
72.98
72.97
72.97
72.95
72.89
72.81
72.70
72.59
72.54
72.55
72.64
72.77
72.93
73.12
73.35
73.59
73.84
74.08
74.26
74.39
74.46
74.49
74.53
74.62
74.75
74.91
75.08
75.22
75.32
75.37
75.39
75.38
75.41
75.49
75.62
75.79
75.97
76.08
76.08
75.97
75.78
75.56
75.35
75.17
75.03
74.93
74.87
74.91
75.07
75.33
75.66
76.01
76.24
76.29
76.14
75.88
75.54
75.19
74.87
74.60
74.38
74.20
74.09
74.05
74.08
74.14
74.23
74.42
74.70
75.07
75.49
75.92
76.22
76.37
76.35
76.20
75.99
75.73
75.46
75.19
74.93
74.76
74.68
74.69
74.77
74.89
75.01
75.10
75.17
75.20
75.21
75.21
75.20
75.18
75.16
75.13
75.03
74.83
74.54
74.21
73.85
73.53
73.26
73.06
72.92
72.82
72.79
72.82
72.90
73.02
73.15
73.35
73.60
73.90
74.23
74.55
74.93
75.38
75.89
76.41
76.91
77.19
77.20
76.93
76.48
75.92
75.40
74.98
74.68
74.49
74.38
74.31
74.26
74.21
74.17
74.12
74.09
74.06
74.04
74.02
73.98
73.91
73.81
73.70
73.59
73.56
73.62
73.80
74.04
74.31
74.54
74.70
74.77
74.78
74.75
74.71
74.69
74.69
74.70
74.73
74.71
74.63
74.49
74.31
74.11
73.97
73.90
73.91
73.97
74.07
74.16
74.23
74.27
74.28
74.27
74.28
74.31
74.37
74.44
74.52
74.63
74.77
74.93
75.10
75.27
75.40
75.48
75.51
75.51
75.48
75.46
75.46
75.49
75.54
75.60
75.63
75.64
75.61
75.55
75.43
75.24
74.99
74.71
74.42
74.14
73.88
73.66
73.46
73.30
73.20
73.16
73.17
73.23
73.31
73.45
73.67
73.94
74.24
74.55
74.76
74.85
74.82
74.70
74.52
74.37
74.27
74.24
74.26
74.32
74.36
74.39
74.39
74.37
74.33
74.31
74.33
74.37
74.44
74.51
74.54
74.50
74.39
74.24
74.07
73.92
73.81
73.74
73.70
73.69
73.76
73.90
74.10
74.35
74.61
74.90
75.20
75.50
75.80
76.04
76.22
76.34
76.40
76.42
76.36
76.22
76.00
75.74
75.47
75.20
74.94
74.71
74.52
74.35
74.24
74.19
74.20
74.25
74.32
74.44
74.59
74.77
74.96
75.15
75.28
75.32
75.29
75.19
75.06
74.99
75.01
75.13
75.32
75.53
75.79
76.08
76.38
76.68
76.96
77.13
77.18
77.09
76.92
76.70
76.51
76.37
76.31
76.30
76.34
76.31
76.22
76.03
75.79
75.52
75.26
75.00
74.77
74.57
74.45
74.42
74.49
74.61
74.78
74.93
75.05
75.14
75.19
75.21
75.25
75.30
75.37
75.46
75.54
75.55
75.46
75.26
75.00
74.72
74.50
74.39
74.40
74.49
74.64
74.76
74.83
74.84
74.79
74.72
74.66
74.62
74.62
74.63
74.66
74.70
74.75
74.79
74.83
74.87
74.96
75.10
75.30
75.54
75.78
75.98
76.14
76.25
76.31
76.33
76.33
76.32
76.29
76.25
76.21
76.09
75.89
75.58
75.24
74.90
74.60
74.36
74.17
74.03
73.90
73.78
73.65
73.53
73.41
73.36
73.39
73.49
73.65
73.83
73.99
74.12
74.20
74.25
74.27
74.24
74.17
74.06
73.92
73.78
73.74
73.84
74.07
74.39
74.76
75.11
75.41
75.66
75.85
75.99
75.98
75.82
75.50
75.09
74.64
74.26
73.99
73.86
73.83
73.87
73.98
74.16
74.38
74.62
74.87
75.04
75.14
75.14
75.09
74.99
74.87
74.74
74.60
74.48
74.37
74.27
74.18
74.12
74.06
74.05
74.07
74.14
74.24
74.34
74.48
74.64
74.83
75.02
75.21
75.36
75.46
75.50
75.50
75.48
75.38
75.22
74.98
74.71
74.43
74.10
73.73
73.33
72.92
72.53
72.39
72.54
72.99
73.62
74.36
74.99
75.44
75.68
75.76
75.72
75.63
75.52
75.41
75.32
75.23
75.11
74.93
74.71
74.46
74.21
74.07
74.08
74.24
74.50
74.79
75.07
75.32
75.53
75.70
75.81
75.86
75.84
75.79
75.71
75.56
75.35
75.07
74.77
74.46
74.17
73.90
73.66
73.46
73.30
73.19
73.15
73.16
73.22
73.30
73.45
73.66
73.93
74.24
74.54
74.75
74.85
74.82
74.70
74.52
74.40
74.36
74.42
74.54
74.71
74.81
74.83
74.75
74.59
74.40
74.24
74.15
74.13
74.16
74.22
74.31
74.41
74.51
74.61
74.70
74.78
74.84
74.90
74.94
74.95
74.92
74.85
74.75
74.64
74.56
74.51
74.51
74.53
74.57
74.62
74.67
74.73
74.79
74.84
74.88
74.92
74.95
74.97
74.99
74.98
74.93
74.84
74.74
74.63
74.54
74.49
74.49
74.51
74.55
74.66
74.83
75.07
75.34
75.62
75.80
75.88
75.83
75.70
75.52
75.34
75.18
75.06
74.97
74.91
74.92
75.02
75.19
75.41
75.65
75.86
76.03
76.15
76.22
76.26
76.28
76.27
76.25
76.23
76.14
76.00
75.79
75.54
75.29
75.15
75.15
75.31
75.56
75.87
76.14
76.35
76.48
76.55
76.56
76.55
76.50
76.45
76.38
76.32
76.23
76.11
75.97
75.82
75.67
75.45
75.15
74.78
74.36
73.95
73.58
73.27
73.05
72.89
72.78
72.74
72.77
72.86
72.98
73.12
73.37
73.74
74.23
74.77
75.32
75.75
76.00
76.08
76.02
75.87
75.77
75.77
75.88
76.08
76.32
76.47
76.50
76.38
76.18
75.99
75.88
75.86
75.91
76.00
76.04
75.99
75.86
75.66
75.44
75.26
75.14
75.11
75.13
75.19
75.23
75.21
75.14
75.02
74.89
74.80
74.78
74.82
74.92
75.05
75.13
75.16
75.11
75.02
74.91
74.83
74.81
74.86
74.96
75.08
75.19
75.27
75.31
75.32
75.31
75.32
75.34
75.40
75.47
75.54
75.65
75.78
75.94
76.11
76.27
76.35
76.31
76.17
75.95
75.69
75.50
75.41
75.43
75.52
75.62
75.68
75.68
75.65
75.59
75.52
75.44
75.36
75.29
75.22
75.16
75.11
75.07
75.04
75.01
75.02
75.07
75.15
75.25
75.36
75.42
75.41
75.33
75.20
75.05
74.94
74.89
74.92
74.99
75.10
75.22
75.35
75.48
75.59
75.69
75.75
75.77
75.74
75.68
75.60
75.43
75.17
74.82
74.42
74.01
73.73
73.59
73.63
73.78
74.01
74.16
74.21
74.13
73.95
73.73
73.61
73.64
73.85
74.16
74.42
74.58
74.61
74.54
74.41
74.38
74.49
74.75
75.10
75.51
75.82
75.99
76.01
75.91
75.74
75.47
75.13
74.72
74.29
73.86
73.57
73.45
73.49
73.66
73.90
74.13
74.31
74.42
74.47
74.49
74.50
74.52
74.56
74.61
74.67
74.72
74.78
74.83
74.87
74.91
74.92
74.88
74.81
74.72
74.62
74.51
74.41
74.32
74.24
74.17
74.16
74.23
74.37
74.56
74.77
74.98
75.18
75.37
75.53
75.67
75.79
75.88
75.95
76.00
75.99
75.90
75.73
75.52
75.29
75.09
74.93
74.82
74.76
74.72
74.69
74.64
74.57
74.49
74.41
74.33
74.26
74.19
74.14
74.09
74.08
74.11
74.18
74.27
74.37
74.45
74.49
74.50
74.48
74.43
74.38
74.32
74.27
74.21
74.16
74.23
74.42
74.75
75.15
75.58
75.94
76.17
76.28
76.28
76.22
76.05
75.80
75.48
75.11
74.75
74.48
74.33
74.32
74.40
74.48
74.55
74.56
74.54
74.50
74.44
74.38
74.31
74.25
74.20
74.09
73.93
73.72
73.48
73.23
73.02
72.85
72.75
72.68
72.66
72.69
72.76
72.88
73.02
73.18
73.33
73.47
73.60
73.71
73.80
73.90
74.02
74.16
74.30
74.43
74.50
74.50
74.42
74.28
74.12
73.97
73.86
73.79
73.75
73.73
73.82
74.01
74.30
74.65
75.02
75.30
75.47
75.52
75.46
75.35
75.22
75.11
75.02
74.96
74.92
74.90
74.89
74.88
74.89
74.87
74.83
74.75
74.66
74.56
74.46
74.36
74.28
74.20
74.14
74.14
74.21
74.36
74.55
74.76
74.95
75.10
75.20
75.25
75.28
75.31
75.36
75.42
75.50
75.58
75.61
75.56
75.45
75.30
75.12
74.96
74.84
74.76
74.72
74.70
74.71
74.73
74.76
74.79
74.83
74.83
74.81
74.74
74.66
74.57
74.47
74.38
74.29
74.22
74.15
74.10
74.06
74.02
74.00
74.01
74.06
74.14
74.24
74.36
74.44
74.49
74.50
74.48
74.44
74.50
74.67
74.97
75.34
75.74
76.07
76.27
76.35
76.34
76.25
76.13
75.98
75.82
75.67
75.53
75.37
75.20
75.02
74.84
74.66
74.51
74.37
74.26
74.16
74.09
74.08
74.16
74.31
74.50
74.72
74.89
74.98
75.00
74.95
74.87
74.74
74.57
74.37
74.15
73.94
73.90
74.07
74.44
74.95
75.53
75.95
76.18
76.16
75.98
75.75
75.52
75.33
75.18
75.07
74.98
74.93
74.89
74.87
74.86
74.92
75.04
75.23
75.46
75.70
75.89
76.00
76.02
75.98
75.90
75.83
75.77
75.74
75.73
75.74
75.68
75.54
75.30
75.01
74.70
74.50
74.44
74.53
74.73
74.99
75.20
75.32
75.34
75.28
75.17
75.00
74.79
74.55
74.29
74.05
73.90
73.87
73.96
74.13
74.35
74.54
74.67
74.73
74.73
74.69
74.60
74.46
74.29
74.10
73.99
73.98
74.08
74.25
74.46
74.64
74.76
74.80
74.79
74.74
74.66
74.57
74.48
74.39
74.31
74.26
74.25
74.28
74.35
74.43
74.51
74.60
74.68
74.75
74.82
74.79
74.67
74.44
74.14
73.83
73.64
73.62
73.79
74.08
74.43
74.74
74.96
75.06
75.07
75.03
74.94
74.83
74.70
74.58
74.46
74.41
74.43
74.53
74.68
74.85
75.01
75.13
75.21
75.25
75.27
75.30
75.34
75.40
75.48
75.48
75.39
75.20
74.95
74.67
74.46
74.36
74.37
74.47
74.62
74.75
74.82
74.83
74.79
74.72
74.66
74.63
74.62
74.63
74.67
74.70
74.75
74.79
74.83
74.87
74.96
75.10
75.30
75.54
75.78
75.90
75.89
75.73
75.47
75.15
74.82
74.49
74.17
73.89
73.65
73.49
73.44
73.49
73.60
73.75
73.93
74.11
74.28
74.44
74.58
74.71
74.81
74.89
74.95
75.00
75.08
75.22
75.41
75.63
75.78
75.82
75.76
75.62
75.44
75.34
75.36
75.51
75.75
76.04
76.27
76.40
76.42
76.36
76.24
76.06
75.84
75.59
75.33
75.07
74.79
74.46
74.10
73.74
73.39
73.15
73.04
73.07
73.20
73.38
73.65
73.99
74.39
74.81
75.22
75.52
75.69
75.72
75.65
75.51
75.39
75.31
75.29
75.31
75.37
75.41
75.43
75.43
75.40
75.36
75.31
75.26
75.21
75.17
75.15
75.17
75.23
75.32
75.41
75.40
75.27
75.00
74.65
74.26
73.93
73.67
73.50
73.41
73.38
73.37
73.35
73.32
73.28
73.24
73.25
73.33
73.47
73.65
73.85
74.00
74.07
74.07
74.01
73.91
73.88
73.93
74.07
74.28
74.51
74.68
74.74
74.69
74.57
74.40
74.21
74.01
73.81
73.63
73.47
73.41
73.47
73.65
73.90
74.18
74.48
74.77
75.04
75.28
75.49
75.53
75.38
75.04
74.59
74.16
73.81
73.58
73.43
73.36
73.40
73.54
73.77
74.05
74.35
74.62
74.85
75.01
75.13
75.20
75.22
75.17
75.08
74.96
74.82
74.76
74.80
74.94
75.16
75.40
75.58
75.66
75.63
75.52
75.36
75.23
75.15
75.14
75.18
75.26
75.32
75.36
75.37
75.36
75.33
75.29
75.25
75.21
75.17
75.13
75.07
74.98
74.87
74.74
74.62
74.52
74.47
74.46
74.48
74.52
74.52
74.47
74.36
74.20
74.06
73.94
73.86
73.81
73.79
73.76
73.71
73.63
73.55
73.46
73.37
73.29
73.22
73.16
73.11
73.01
72.86
72.66
72.43
72.19
72.04
72.00
72.08
72.23
72.44
72.67
72.90
73.12
73.32
73.50
73.73
74.03
74.39
74.79
75.19
75.51
75.73
75.85
75.89
75.87
75.78
75.64
75.45
75.24
75.03
74.82
74.64
74.47
74.33
74.21
74.12
74.05
74.00
73.96
73.94
73.92
73.92
73.92
73.92
73.90
73.86
73.78
73.68
73.57
73.58
73.71
73.98
74.33
74.71
75.00
75.15
75.14
75.02
74.82
74.64
74.51
74.44
74.42
74.44
74.46
74.46
74.43
74.39
74.35
74.35
74.41
74.54
74.70
74.89
75.06
75.18
75.26
75.30
75.31
75.28
75.20
75.08
74.94
74.79
74.70
74.67
74.73
74.83
74.97
75.18
75.44
75.77
76.11
76.46
76.73
76.90
76.98
76.98
76.93
76.79
76.57
76.28
75.95
75.73
75.64
75.70
75.87
76.10
76.31
76.46
76.55
76.58
76.57
76.48
76.31
76.07
75.79
75.50
75.29
75.20
75.23
75.35
75.52
75.69
75.84
75.95
76.04
76.09
76.07
75.97
75.80
75.58
75.35
75.08
74.80
74.50
74.22
73.95
73.77
73.68
73.68
73.76
73.88
74.02
74.18
74.33
74.47
74.60
74.79
75.05
75.40
75.78
76.16
76.40
76.45
76.30
76.02
75.66
75.18
74.62
73.97
73.31
72.77
72.41
72.24
72.21
72.29
72.52
72.88
73.35
73.87
74.41
74.84
75.14
75.29
75.32
75.28
75.18
75.04
74.90
74.74
74.60
74.46
74.34
74.24
74.16
74.09
74.12
74.25
74.49
74.79
75.12
75.43
75.69
75.88
76.03
76.13
76.14
76.06
75.89
75.67
75.43
75.16
74.86
74.56
74.26
73.99
73.71
73.44
73.18
72.93
72.70
72.54
72.43
72.39
72.39
72.42
72.50
72.63
72.79
72.96
73.14
73.31
73.47
73.61
73.73
73.85
73.99
74.13
74.29
74.43
74.56
74.68
74.77
74.85
74.92
75.00
75.09
75.20
75.33
75.45
75.48
75.41
75.24
74.99
74.72
74.48
74.32
74.24
74.23
74.26
74.32
74.40
74.49
74.58
74.66
74.71
74.72
74.69
74.63
74.56
74.50
74.48
74.49
74.52
74.57
74.60
74.60
74.57
74.52
74.46
74.50
74.66
74.95
75.31
75.71
75.98
76.08
75.98
75.76
75.48
75.19
74.92
74.69
74.48
74.32
74.18
74.08
74.00
73.95
73.91
73.89
73.88
73.89
73.89
73.90
73.91
73.93
73.94
73.95
73.88
73.72
73.46
73.15
72.81
72.54
72.34
72.24
72.21
72.23
72.34
72.53
72.79
73.10
73.41
73.75
74.09
74.43
74.75
75.04
75.30
75.52
75.69
75.84
75.94
75.97
75.91
75.76
75.57
75.35
75.12
74.90
74.70
74.52
74.37
74.24
74.14
74.06
74.00
73.93
73.85
73.75
73.63
73.52
73.39
73.23
73.06
72.88
72.71
72.66
72.74
72.98
73.31
73.68
74.01
74.27
74.44
74.53
74.57
74.54
74.45
74.31
74.14
73.96
73.76
73.53
73.29
73.06
72.84
72.72
72.71
72.83
73.03
73.28
73.54
73.81
74.05
74.28
74.47
74.69
74.94
75.23
75.52
75.81
75.96
75.97
75.81
75.56
75.24
74.97
74.81
74.75
74.78
74.86
74.98
75.12
75.27
75.41
75.51
75.57
75.58
75.56
75.51
75.58
75.80
76.18
76.65
77.16
77.56
77.81
77.89
77.85
77.72
77.45
77.07
76.58
76.05
75.52
75.01
74.54
74.13
73.79
73.50
73.33
73.27
73.32
73.45
73.62
73.76
73.84
73.86
73.82
73.75
73.69
73.65
73.64
73.65
73.68
73.66
73.59
73.45
73.28
73.09
72.95
72.88
72.90
72.96
73.07
73.22
73.40
73.62
73.84
73.93
73.85
73.58
73.21
72.77
72.48
72.38
72.51
72.78
73.15
73.53
73.89
74.20
74.46
74.67
74.81
74.88
74.88
74.83
74.75
74.61
74.39
74.11
73.80
73.49
73.27
73.17
73.20
73.31
73.48
73.63
73.73
73.76
73.74
73.68
73.66
73.69
73.78
73.91
74.06
74.30
74.62
75.02
75.47
75.91
76.26
76.47
76.54
76.51
76.41
76.23
76.01
75.74
75.46
75.18
74.95
74.78
74.68
74.62
74.60
74.60
74.63
74.67
74.71
74.73
74.72
74.67
74.60
74.52
74.41
74.27
74.11
73.93
73.76
73.60
73.45
73.33
73.22
73.13
73.09
73.10
73.15
73.24
73.33
73.49
73.71
73.99
74.29
74.59
74.82
74.97
75.02
75.00
74.93
74.84
74.73
74.61
74.49
74.39
74.29
74.21
74.14
74.08
74.04
74.03
74.07
74.14
74.24
74.35
74.49
74.65
74.84
75.03
75.22
75.42
75.63
75.85
76.07
76.19
76.20
76.09
75.90
75.66
75.44
75.24
75.09
74.98
74.90
74.86
74.83
74.82
74.82
74.84
74.83
74.79
74.72
74.63
74.54
74.50
74.52
74.62
74.76
74.92
75.04
75.10
75.08
75.01
74.90
74.84
74.82
74.88
74.98
75.10
75.21
75.29
75.32
75.33
75.32
75.30
75.27
75.23
75.19
75.15
75.15
75.17
75.24
75.32
75.42
75.49
75.53
75.52
75.49
75.45
75.39
75.33
75.27
75.21
75.08
74.87
74.56
74.21
73.85
73.63
73.59
73.74
74.02
74.38
74.66
74.82
74.84
74.76
74.60
74.49
74.45
74.50
74.62
74.78
74.98
75.22
75.48
75.74
75.99
76.17
76.26
76.25
76.18
76.07
75.93
75.79
75.64
75.51
75.39
75.25
75.11
74.94
74.78
74.62
74.53
74.52
74.59
74.72
74.87
75.07
75.30
75.55
75.80
76.04
76.21
76.29
76.28
76.20
76.08
75.97
75.87
75.82
75.79
75.72
75.61
75.45
75.26
75.06
74.83
74.59
74.34
74.09
73.85
73.70
73.63
73.66
73.75
73.88
74.03
74.19
74.34
74.49
74.61
74.67
74.65
74.54
74.39
74.20
74.07
73.99
73.99
74.05
74.14
74.33
74.62
75.00
75.43
75.87
76.26
76.59
76.84
77.03
77.16
77.08
76.78
76.26
75.61
74.92
74.38
74.06
73.99
74.11
74.34
74.60
74.82
74.99
75.11
75.19
75.23
75.25
75.25
75.23
75.21
75.19
75.16
75.13
75.10
75.10
75.14
75.21
75.30
75.41
75.40
75.27
75.00
74.66
74.27
73.93
73.67
73.51
73.42
73.39
73.40
73.44
73.50
73.56
73.63
73.70
73.77
73.82
73.87
73.92
73.95
73.98
74.00
74.01
74.02
74.08
74.20
74.37
74.59
74.81
75.00
75.15
75.25
75.30
75.33
75.38
75.47
75.62
75.80
75.99
76.07
76.01
75.81
75.52
75.19
74.89
74.65
74.51
74.44
74.44
74.51
74.64
74.81
74.99
75.06
75.00
74.80
74.51
74.17
73.84
73.56
73.33
73.15
73.01
72.92
72.86
72.82
72.81
72.81
72.82
72.83
72.85
72.88
72.90
72.97
73.11
73.30
73.53
73.77
74.00
74.22
74.41
74.58
74.72
74.86
75.00
75.16
75.31
75.46
75.53
75.53
75.45
75.31
75.15
75.03
74.96
74.98
75.04
75.14
75.30
75.54
75.83
76.16
76.48
76.66
76.65
76.45
76.13
75.81
75.56
75.41
75.34
75.32
75.32
75.31
75.29
75.26
75.23
75.16
75.07
74.95
74.81
74.67
74.59
74.58
74.66
74.78
74.93
75.12
75.34
75.58
75.83
76.06
76.14
76.05
75.76
75.36
74.90
74.50
74.21
74.05
73.99
74.00
74.06
74.15
74.26
74.38
74.49
74.60
74.70
74.78
74.85
74.91
74.98
75.07
75.19
75.31
75.43
75.50
75.49
75.40
75.27
75.10
74.96
74.84
74.77
74.74
74.72
74.73
74.75
74.77
74.81
74.81
74.78
74.72
74.64
74.55
74.46
74.37
74.29
74.21
74.15
74.10
74.06
74.02
74.00
73.98
73.95
73.88
73.79
73.68
73.57
73.46
73.36
73.27
73.20
73.13
73.10
73.12
73.18
73.26
73.36
73.47
73.57
73.66
73.74
73.82
73.82
73.76
73.62
73.43
73.23
73.07
72.98
72.98
73.03
73.11
73.17
73.17
73.11
73.01
72.99
73.09
73.31
73.61
73.94
74.29
74.63
74.93
75.21
75.44
75.55
75.54
75.39
75.16
74.88
74.61
74.38
74.19
74.06
73.95
73.94
74.01
74.17
74.38
74.61
74.71
74.66
74.42
74.07
73.66
73.26
72.90
72.60
72.35
72.16
72.10
72.17
72.37
72.66
72.98
73.31
73.64
73.94
74.20
74.43
74.57
74.61
74.55
74.43
74.27
74.11
73.98
73.89
73.84
73.81
73.93
74.22
74.68
75.23
75.74
76.15
76.43
76.60
76.69
76.69
76.61
76.47
76.29
76.10
75.85
75.55
75.21
74.85
74.50
74.20
73.96
73.80
73.70
73.64
73.62
73.63
73.65
73.69
73.73
73.85
74.07
74.38
74.73
75.10
75.44
75.71
75.92
76.08
76.18
76.21
76.19
76.10
75.99
75.85
75.71
75.58
75.45
75.34
75.24
75.16
75.10
75.04
75.01
74.98
75.04
75.20
75.47