271.67
272.00
272.31
272.57
272.79
272.94
273.06
273.14
273.18
273.21
273.21
273.20
273.19
273.17
273.14
273.12
273.09
273.13
273.22
273.38
273.58
273.69
273.68
273.53
273.28
272.99
272.71
272.46
272.26
272.10
271.99
272.02
272.20
272.53
272.94
273.40
273.67
273.70
273.47
273.08
272.58
272.15
271.83
271.68
271.64
271.69
271.79
271.92
272.08
272.23
272.38
272.47
272.48
272.40
272.28
272.12
271.79
271.28
270.58
269.79
268.99
268.29
267.74
267.38
267.15
267.04
267.17
267.55
268.16
268.90
269.69
270.29
270.62
270.67
270.50
270.30
270.15
270.09
270.09
270.14
270.17
270.16
270.08
269.97
269.85
269.76
269.75
269.80
269.90
270.03
270.34
270.82
271.50
272.26
273.05
273.68
274.10
274.28
274.29
274.17
274.00
273.81
273.63
273.48
273.34
273.20
273.05
272.89
272.73
272.58
272.39
272.16
271.88
271.58
271.29
271.04
270.85
270.73
270.66
270.62
270.59
270.55
270.50
270.43
270.36
270.29
270.23
270.17
270.12
270.19
270.39
270.72
271.12
271.56
271.92
272.16
272.27
272.28
272.21
272.19
272.22
272.34
272.52
272.72
272.93
273.13
273.32
273.49
273.63
273.70
273.69
273.58
273.43
273.24
272.99
272.68
272.33
271.95
271.58
271.19
270.76
270.32
269.89
269.48
269.17
268.97
268.89
268.89
268.95
269.07
269.25
269.47
269.70
269.93
269.99
269.85
269.49
269.00
268.44
268.08
267.98
268.18
268.58
269.09
269.72
270.41
271.14
271.86
272.42
272.80
272.96
272.97
272.87
272.71
272.50
272.27
272.04
271.83
271.66
271.55
271.49
271.48
271.50
271.54
271.59
271.65
271.71
271.77
271.80
271.78
271.73
271.66
271.57
271.35
270.97
270.44
269.83
269.20
268.75
268.52
268.55
268.76
269.07
269.48
269.94
270.42
270.90
271.35
271.59
271.59
271.35
270.95
270.45
270.06
269.82
269.76
269.85
270.02
270.25
270.50
270.76
271.00
271.26
271.51
271.77
272.02
272.25
272.39
272.45
272.41
272.30
272.16
271.92
271.58
271.15
270.68
270.21
269.84
269.61
269.51
269.53
269.62
269.81
270.09
270.44
270.82
271.20
271.46
271.56
271.50
271.32
271.07
270.92
270.91
271.07
271.34
271.67
271.97
272.21
272.37
272.46
272.50
272.42
272.22
271.91
271.54
271.14
270.85
270.71
270.74
270.88
271.09
271.31
271.52
271.69
271.82
271.93
271.95
271.89
271.75
271.55
271.52
271.70
272.11
272.65
273.27
273.77
274.09
274.20
274.16
274.02
273.68
273.15
272.45
271.67
270.87
270.19
269.66
269.30
269.09
268.99
268.90
268.77
268.58
268.37
268.15
268.09
268.23
268.59
269.07
269.62
270.24
270.90
271.58
272.24
272.85
273.29
273.53
273.56
273.44
273.23
272.94
272.59
272.20
271.82
271.45
271.25
271.24
271.44
271.76
272.17
272.44
272.53
272.40
272.13
271.75
271.29
270.79
270.30
269.83
269.48
269.28
269.23
269.29
269.42
269.71
270.13
270.70
271.32
271.95
272.53
273.03
273.43
273.74
273.97
274.03
273.91
273.62
273.22
272.76
272.41
272.19
272.13
272.19
272.33
272.44
272.47
272.42
272.31
272.16
271.94
271.66
271.31
270.95
270.59
270.23
269.87
269.52
269.19
268.90
268.83
269.02
269.47
270.08
270.78
271.33
271.67
271.76
271.68
271.62
271.63
271.77
271.98
272.24
272.44
272.54
272.53
272.43
272.30
272.21
272.20
272.29
272.45
272.64
272.82
272.97
273.08
273.15
273.19
273.15
273.04
272.85
272.62
272.37
272.13
271.89
271.68
271.50
271.34
271.21
271.11
271.04
270.98
270.94
270.84
270.65
270.38
270.07
269.73
269.57
269.61
269.87
270.28
270.76
271.35
272.03
272.77
273.51
274.22
274.65
274.76
274.53
274.07
273.48
272.88
272.33
271.87
271.51
271.30
271.27
271.38
271.61
271.89
272.15
272.35
272.47
272.53
272.55
272.47
272.32
272.08
271.81
271.52
271.15
270.72
270.21
269.69
269.17
268.78
268.53
268.43
268.45
268.54
268.74
269.02
269.38
269.77
270.17
270.59
271.05
271.53
271.99
272.43
272.81
273.15
273.43
273.66
273.83
273.94
273.98
273.95
273.88
273.79
273.57
273.23
272.76
272.24
271.69
271.41
271.44
271.82
272.41
272.99
273.46
273.77
273.94
274.02
274.17
274.46
274.90
275.43
276.00
276.39
276.57
276.50
276.26
275.92
275.53
275.12
274.72
274.35
274.01
273.67
273.32
272.94
272.58
272.24
271.96
271.75
271.62
271.55
271.52
271.53
271.56
271.61
271.66
271.71
271.85
272.07
272.38
272.74
273.11
273.31
273.30
273.07
272.69
272.22
271.80
271.48
271.28
271.18
271.15
271.18
271.24
271.33
271.42
271.41
271.28
271.01
270.66
270.27
269.93
269.67
269.50
269.41
269.38
269.34
269.27
269.15
269.00
268.85
268.80
268.88
269.11
269.42
269.78
270.09
270.34
270.49
270.57
270.60
270.61
270.63
270.66
270.70
270.74
270.87
271.08
271.39
271.74
272.11
272.34
272.39
272.24
271.96
271.61
271.38
271.34
271.50
271.80
272.19
272.42
272.44
272.21
271.83
271.36
271.01
270.84
270.90
271.10
271.40
271.69
271.94
272.12
272.24
272.23
272.09
271.82
271.49
271.12
270.80
270.56
270.42
270.35
270.34
270.41
270.58
270.83
271.12
271.42
271.66
271.82
271.89
271.89
271.85
271.82
271.84
271.92
272.03
272.16
272.19
272.09
271.86
271.54
271.18
270.84
270.55
270.31
270.13
269.99
269.92
269.92
269.98
270.07
270.19
270.47
270.94
271.59
272.34
273.11
273.72
274.13
274.30
274.30
274.17
273.86
273.38
272.76
272.07
271.42
270.87
270.43
270.10
269.86
269.68
269.53
269.39
269.28
269.18
269.18
269.30
269.52
269.81
270.13
270.45
270.76
271.05
271.30
271.51
271.63
271.65
271.58
271.45
271.28
271.01
270.65
270.20
269.71
269.23
268.82
268.52
268.33
268.24
268.21
268.34
268.63
269.07
269.58
270.12
270.66
271.16
271.61
272.00
272.32
272.48
272.46
272.26
271.94
271.57
271.27
271.10
271.09
271.18
271.34
271.49
271.59
271.63
271.63
271.56
271.45
271.29
271.11
270.93
270.77
270.67
270.61
270.59
270.60
270.60
270.58
270.53
270.48
270.41
270.42
270.53
270.73
271.00
271.29
271.67
272.12
272.65
273.20
273.73
274.04
274.08
273.84
273.41
272.87
272.37
271.96
271.67
271.49
271.39
271.29
271.19
271.05
270.90
270.74
270.57
270.37
270.16
269.96
269.76
269.69
269.76
269.98
270.30
270.67
271.11
271.59
272.12
272.64
273.07
273.40
273.61
273.73
273.77
273.70
273.54
273.29
272.99
272.68
272.39
272.16
271.99
271.87
271.79
271.61
271.31
270.87
270.35
269.81
269.39
269.12
269.04
269.08
269.22
269.51
269.96
270.54
271.19
271.85
272.32
272.55
272.52
272.31
271.99
271.55
271.03
270.44
269.85
269.28
268.98
268.98
269.30
269.83
270.48
271.17
271.87
272.52
273.11
273.62
273.82
273.66
273.13
272.39
271.71
271.21
270.95
270.88
270.95
271.05
271.15
271.20
271.23
271.24
271.24
271.22
271.20
271.17
271.14
271.14
271.17
271.24
271.33
271.42
271.44
271.37
271.18
270.94
270.67
270.60
270.79
271.25
271.88
272.60
273.12
273.38
273.32
273.05
272.64
272.27
272.00
271.86
271.82
271.86
271.92
271.98
272.02
272.05
272.07
272.02
271.91
271.73
271.51
271.28
271.12
271.08
271.15
271.30
271.49
271.71
271.93
272.14
272.34
272.51
272.65
272.78
272.87
272.95
272.84
272.54
272.03
271.40
270.73
270.22
269.93
269.89
270.03
270.28
270.58
270.88
271.15
271.38
271.58
271.79
272.03
272.31
272.59
272.86
273.01
273.00
272.84
272.57
272.25
271.85
271.39
270.88
270.38
269.89
269.54
269.32
269.26
269.31
269.44
269.64
269.89
270.18
270.48
270.77
271.09
271.45
271.83
272.22
272.59
272.76
272.70
272.41
271.98
271.62
271.41
271.41
271.54
271.77
272.02
272.26
272.47
272.64
272.79
272.84
272.81
272.69
272.52
272.32
272.10
271.89
271.70
271.53
271.38
271.15
270.82
270.38
269.89
269.40
269.06
268.91
268.97
269.17
269.47
269.73
269.91
269.99
270.00
269.95
269.86
269.75
269.64
269.52
269.42
269.32
269.23
269.16
269.10
269.05
269.04
269.08
269.15
269.24
269.35
269.49
269.65
269.84
270.03
270.38
270.89
271.58
272.36
273.14
273.77
274.18
274.35
274.35
274.22
273.98
273.67
273.31
272.93
272.57
272.33
272.26
272.35
272.56
272.83
273.04
273.12
273.07
272.92
272.72
272.45
272.15
271.82
271.50
271.19
270.96
270.83
270.80
270.85
270.94
271.06
271.20
271.33
271.47
271.59
271.59
271.45
271.17
270.80
270.39
269.90
269.33
268.71
268.07
267.45
266.95
266.57
266.33
266.19
266.14
266.26
266.54
266.98
267.50
268.16
268.93
269.80
270.68
271.53
272.21
272.67
272.91
272.97
272.91
272.74
272.48
272.17
271.84
271.51
271.11
270.66
270.14
269.61
269.10
268.77
268.64
268.73
268.96
269.29
269.61
269.89
270.08
270.22
270.30
270.31
270.27
270.17
270.03
269.89
269.87
270.01
270.32
270.74
271.20
271.55
271.72
271.69
271.53
271.28
271.09
271.01
271.05
271.19
271.38
271.50
271.50
271.37
271.15
270.93
270.76
270.65
270.59
270.57
270.55
270.53
270.48
270.42
270.36
270.37
270.48
270.70
270.97
271.27
271.54
271.77
271.95
272.07
272.16
272.26
272.40
272.58
272.79
272.99
273.14
273.21
273.19
273.12
273.00
272.95
272.98
273.11
273.31
273.53
273.71
273.83
273.87
273.85
273.79
273.73
273.69
273.68
273.69
273.71
273.75
273.78
273.82
273.85
273.89
273.70
273.27
272.57
271.74
271.06
270.63
270.51
270.62
270.87
271.21
271.61
272.01
272.39
272.75
273.18
273.68
274.26
274.87
275.46
275.80
275.83
275.55
275.05
274.43
273.81
273.26
272.80
272.44
272.16
271.93
271.73
271.55
271.40
271.27
271.09
270.83
270.50
270.14
269.77
269.44
269.17
268.98
268.84
268.76
268.68
268.61
268.52
268.43
268.35
268.35
268.45
268.66
268.93
269.23
269.54
269.83
270.10
270.33
270.53
270.83
271.25
271.80
272.41
272.84
273.03
272.95
272.68
272.29
272.01
271.89
271.97
272.19
272.49
272.68
272.69
272.51
272.19
271.79
271.42
271.11
270.89
270.74
270.65
270.66
270.76
270.95
271.20
271.46
271.73
271.99
272.22
272.43
272.60
272.59
272.36
271.91
271.33
270.70
270.13
269.69
269.40
269.23
269.15
269.24
269.51
269.94
270.46
271.01
271.53
271.98
272.36
272.65
272.88
273.02
273.07
273.06
272.99
272.86
272.68
272.47
272.24
272.02
271.83
271.70
271.62
271.58
271.58
271.55
271.47
271.34
271.17
270.99
270.79
270.56
270.32
270.08
269.85
269.70
269.64
269.67
269.76
269.89
269.96
269.95
269.83
269.65
269.44
269.35
269.41
269.65
269.99
270.39
270.76
271.06
271.26
271.39
271.46
271.49
271.48
271.45
271.40
271.35
271.32
271.32
271.36
271.42
271.49
271.65
271.90
272.24
272.63
272.87
272.91
272.73
272.40
271.99
271.57
271.18
270.84
270.56
270.33
270.18
270.11
270.10
270.15
270.22
270.35
270.51
270.70
270.90
271.10
271.35
271.63
271.96
272.30
272.62
272.74
272.61
272.22
271.66
271.03
270.47
270.06
269.82
269.71
269.71
269.91
270.31
270.89
271.57
272.29
272.83
273.13
273.18
273.04
272.79
272.43
272.01
271.55
271.10
270.67
270.41
270.35
270.51
270.81
270.97
270.93
270.63
270.18
269.64
269.25
269.09
269.18
269.45
269.83
270.16
270.38
270.46
270.44
270.35
270.37
270.56
270.92
271.40
271.92
272.29
272.46
272.39
272.16
271.83
271.42
270.97
270.49
270.02
269.58
269.30
269.19
269.27
269.46
269.74
270.03
270.29
270.52
270.70
270.84
270.95
271.03
271.09
271.12
271.14
271.11
271.05
270.95
270.83
270.70
270.55
270.37
270.17
269.97
269.78
269.63
269.53
269.49
269.48
269.56
269.72
269.95
270.23
270.51
270.63
270.55
270.25
269.81
269.30
268.98
268.91
269.14
269.56
270.09
270.46
270.58
270.43
270.08
269.62
269.24
269.00
268.93
269.00
269.16
269.36
269.59
269.83
270.06
270.27
270.43
270.53
270.58
270.58
270.55
270.47
270.35
270.19
270.02
269.84
269.76
269.77
269.91
270.11
270.35
270.72
271.20
271.80
272.44
273.08
273.47
273.56
273.33
272.88
272.38
271.92
271.55
271.26
271.04
270.97
271.04
271.24
271.54
271.87
272.20
272.48
272.70
272.88
273.01
273.12
273.24
273.36
273.48
273.59
273.61
273.52
273.33
273.07
272.78
272.42
272.02
271.57
271.12
270.70
270.49
270.55
270.88
271.39
271.99
272.46
272.75
272.80
272.68
272.46
272.31
272.27
272.40
272.62
272.91
273.11
273.20
273.14
272.98
272.77
272.60
272.52
272.55
272.64
272.62
272.43
272.07
271.60
271.07
270.73
270.62
270.78
271.12
271.56
271.95
272.22
272.35
272.37
272.31
272.19
272.05
271.89
271.74
271.59
271.40
271.16
270.88
270.59
270.29
270.13
270.11
270.25
270.50
270.80
271.11
271.39
271.61
271.79
271.93
272.00
272.01
271.96
271.88
271.77
271.63
271.46
271.26
271.05
270.85
270.80
270.92
271.22
271.63
272.10
272.46
272.64
272.62
272.47
272.24
272.11
272.15
272.38
272.74
273.08
273.36
273.54
273.63
273.66
273.60
273.44
273.20
272.91
272.61
272.34
272.11
271.95
271.84
271.77
271.63
271.39
271.04
270.63
270.20
269.82
269.48
269.23
269.03
268.90
268.83
268.84
268.90
269.01
269.13
269.32
269.57
269.87
270.20
270.53
270.91
271.36
271.87
272.40
272.90
273.29
273.53
273.62
273.59
273.49
273.26
272.91
272.46
271.95
271.44
270.93
270.42
269.94
269.50
269.24
269.20
269.37
269.68
270.08
270.41
270.62
270.67
270.63
270.51
270.39
270.32
270.31
270.33
270.39
270.49
270.62
270.79
270.97
271.16
271.22
271.15
270.93
270.62
270.26
269.97
269.78
269.72
269.74
269.82
270.02
270.33
270.75
271.21
271.69
272.01
272.14
272.07
271.85
271.55
271.36
271.34
271.52
271.84
272.23
272.62
272.98
273.29
273.55
273.75
273.90
274.02
274.10
274.15
274.01
273.68
273.14
272.49
271.79
271.08
270.37
269.69
269.07
268.53
268.31
268.44
268.94
269.67
270.52
271.22
271.68
271.86
271.84
271.67
271.36
270.93
270.42
269.88
269.35
269.01
268.91
269.05
269.37
269.78
270.13
270.38
270.47
270.46
270.37
270.27
270.16
270.08
270.02
269.98
270.00
270.10
270.27
270.48
270.71
270.91
271.07
271.18
271.25
271.28
271.37
271.53
271.78
272.07
272.38
272.73
273.13
273.56
273.99
274.24
274.27
274.06
273.70
273.25
272.84
272.52
272.32
272.22
272.19
272.18
272.18
272.17
272.16
272.14
272.09
272.01
271.90
271.78
271.65
271.31
270.74
269.92
268.98
268.00
267.31
267.00
267.10
267.49
268.06
268.69
269.32
269.91
270.44
270.89
271.21
271.40
271.45
271.42
271.31
271.22
271.18
271.19
271.24
271.32
271.43
271.58
271.77
271.96
272.15
272.41
272.75
273.15
273.59
273.84
273.85
273.60
273.17
272.65
272.26
272.04
272.05
272.21
272.48
272.77
273.05
273.30
273.52
273.69
273.62
273.26
272.63
271.83
270.96
270.19
269.59
269.19
268.95
268.84
268.88
269.04
269.32
269.66
270.02
270.32
270.55
270.67
270.73
270.72
270.61
270.37
270.02
269.62
269.20
268.86
268.65
268.57
268.59
268.68
268.93
269.31
269.83
270.42
271.02
271.61
272.14
272.62
273.02
273.33
273.55
273.67
273.72
273.71
273.59
273.35
273.01
272.61
272.18
271.72
271.22
270.70
270.19
269.72
269.45
269.43
269.66
270.05
270.54
270.93
271.17
271.22
271.14
270.96
270.82
270.74
270.75
270.83
270.94
271.00
270.97
270.85
270.66
270.44
270.24
270.07
269.95
269.87
269.81
269.87
270.03
270.31
270.64
271.01
271.39
271.79
272.19
272.56
272.90
273.20
273.45
273.65
273.82
273.94
273.87
273.59
273.09
272.47
271.98
271.71
271.69
271.86
272.14
272.39
272.54
272.56
272.50
272.37
272.18
271.94
271.68
271.40
271.13
270.74
270.24
269.60
268.91
268.21
267.72
267.46
267.47
267.67
267.99
268.34
268.69
269.01
269.28
269.51
269.73
269.93
270.13
270.32
270.49
270.79
271.26
271.89
272.61
273.34
273.98
274.46
274.78
274.95
275.03
274.95
274.72
274.36
273.93
273.47
273.07
272.76
272.55
272.43
272.33
272.21
272.06
271.90
271.74
271.67
271.70
271.85
272.07
272.32
272.59
272.86
273.10
273.32
273.51
273.65
273.72
273.73
273.70
273.64
273.62
273.65
273.74
273.88
274.03
274.08
274.01
273.80
273.50
273.15
272.77
272.37
271.96
271.57
271.21
270.98
270.88
270.92
271.07
271.27
271.40
271.41
271.29
271.09
270.83
270.64
270.53
270.54
270.62
270.75
270.80
270.74
270.55
270.28
270.00
269.73
269.51
269.32
269.18
269.17
269.32
269.62
270.01
270.44
270.88
271.31
271.69
272.03
272.32
272.38
272.17
271.69
271.05
270.33
269.76
269.40
269.28
269.35
269.53
269.88
270.35
270.93
271.56
272.18
272.71
273.13
273.41
273.59
273.68
273.74
273.78
273.82
273.85
273.89
273.84
273.69
273.44
273.14
272.81
272.49
272.18
271.90
271.66
271.45
271.20
270.90
270.53
270.13
269.74
269.32
268.88
268.41
267.96
267.64
267.49
267.52
267.67
267.90
268.29
268.80
269.45
270.14
270.83
271.51
272.16
272.77
273.31
273.79
274.00
273.91
273.54
272.98
272.33
271.72
271.21
270.84
270.59
270.44
270.34
270.26
270.19
270.13
270.09
269.99
269.85
269.65
269.42
269.19
269.09
269.17
269.42
269.80
270.23
270.65
271.03
271.35
271.61
271.81
271.89
271.82
271.63
271.35
271.03
270.64
270.20
269.73
269.24
268.84
268.54
268.35
268.26
268.23
268.41
268.81
269.42
270.15
270.92
271.57
272.04
272.32
272.45
272.46
272.42
272.35
272.28
272.22
272.17
272.25
272.50
272.92
273.42
273.97
274.33
274.44
274.28
273.95
273.50
272.99
272.48
271.99
271.54
271.14
270.80
270.52
270.30
270.12
269.99
269.88
269.76
269.64
269.52
269.41
269.34
269.31
269.32
269.37
269.44
269.62
269.93
270.37
270.86
271.30
271.63
271.83
271.92
271.94
271.90
271.83
271.73
271.62
271.51
271.38
271.23
271.06
270.88
270.71
270.55
270.41
270.29
270.19
270.11
270.18
270.42
270.84
271.35
271.90
272.30
272.48
272.42
272.19
271.86
271.51
271.16
270.86
270.60
270.39
270.30
270.34
270.51
270.76
271.06
271.19
271.09
270.75
270.26
269.69
269.25
269.01
269.00
269.15
269.41
269.76
270.17
270.60
271.03
271.44
271.81
272.13
272.40
272.63
272.72
272.68
272.51
272.26
271.96
271.70
271.51
271.40
271.35
271.36
271.37
271.37
271.35
271.32
271.28
271.23
271.19
271.15
271.12
271.08
271.06
271.04
271.02
271.01
271.00
270.96
270.90
270.81
270.70
270.59
270.40
270.12
269.76
269.36
268.96
268.67
268.55
268.59
268.75
268.98
269.30
269.70
270.15
270.63
271.08
271.51
271.88
272.20
272.47
272.69
272.75
272.65
272.38
272.01
271.57
271.08
270.57
270.08
269.62
269.32
269.20
269.26
269.46
269.73
270.09
270.53
271.02
271.53
272.01
272.38
272.60
272.67
272.63
272.52
272.38
272.25
272.15
272.07
272.01
271.83
271.52
271.06
270.52
269.95
269.47
269.13
268.93
268.85
268.86
268.98
269.20
269.50
269.84
270.20
270.55
270.87
271.15
271.40
271.60
271.66
271.56
271.30
270.94
270.53
270.13
269.78
269.49
269.27
269.15
269.13
269.22
269.38
269.58
269.77
269.93
270.04
270.12
270.17
270.19
270.20
270.19
270.18
270.16
270.11
270.03
269.92
269.79
269.66
269.56
269.50
269.48
269.50
269.54
269.70
269.98
270.40
270.88
271.39
271.75
271.92
271.89
271.71
271.44
271.15
270.87
270.62
270.42
270.25
270.13
270.03
269.96
269.91
269.88
269.87
269.87
269.87
269.88
269.90
269.91
269.93
269.94
269.96
270.10
270.40
270.85
271.39
271.96
272.39
272.63
272.66
272.54
272.31
272.17
272.15
272.29
272.53
272.84
273.11
273.32
273.45
273.52
273.54
273.50
273.40
273.26
273.09
272.92
272.77
272.67
272.62
272.60
272.61
272.58
272.50
272.37
272.20
272.02
271.84
271.67
271.51
271.37
271.26
271.19
271.17
271.20
271.27
271.35
271.55
271.88
272.33
272.84
273.36
273.82
274.18
274.42
274.56
274.63
274.73
274.88
275.10
275.35
275.46
275.37
275.08
274.66
274.17
273.68
273.23
272.86
272.55
272.30
272.14
272.06
272.05
272.10
272.18
272.38
272.72
273.19
273.72
274.27
274.55
274.53
274.16
273.57
272.86
272.24
271.78
271.52
271.41
271.43
271.49
271.58
271.66
271.74
271.81
271.87
271.91
271.95
271.98
272.00
271.91
271.69
271.34
270.91
270.46
270.12
269.93
269.90
270.00
270.17
270.47
270.88
271.39
271.94
272.41
272.76
272.96
273.05
273.06
272.95
272.75
272.46
272.12
271.77
271.44
271.12
270.84
270.60
270.40
270.18
269.94
269.67
269.39
269.12
268.92
268.82
268.80
268.86
268.96
269.17
269.47
269.88
270.33
270.79
271.23
271.63
271.99
272.29
272.54
272.61
272.47
272.14
271.69
271.17
270.78
270.55
270.52
270.63
270.84
271.18
271.64
272.19
272.78
273.37
273.84
274.16
274.33
274.37
274.33
274.23
274.10
273.94
273.78
273.58
273.32
273.02
272.70
272.38
272.11
271.91
271.77
271.68
271.64
271.68
271.81
272.01
272.26
272.53
272.75
272.88
272.93
272.91
272.85
272.69
272.41
272.04
271.61
271.17
270.81
270.53
270.36
270.28
270.26
270.36
270.59
270.93
271.34
271.76
271.99
271.98
271.71
271.26
270.72
270.28
270.00
269.90
269.95
270.09
270.21
270.27
270.25
270.16
270.04
269.93
269.84
269.78
269.76
269.81
269.93
270.13
270.37
270.62
270.79
270.86
270.80
270.67
270.49
270.36
270.32
270.38
270.51
270.68
270.87
271.06
271.25
271.42
271.57
271.78
272.06
272.41
272.79
273.18
273.47
273.63
273.66
273.59
273.46
273.29
273.10
272.91
272.72
272.56
272.22
271.70
270.97
270.14
269.29
268.59
268.11
267.88
267.83
267.91
268.08
268.30
268.54
268.79
269.03
269.20
269.28
269.26
269.19
269.15
269.18
269.30
269.48
269.68
269.79
269.77
269.61
269.35
269.05
268.81
268.66
268.63
268.68
268.79
268.85
268.83
268.72
268.55
268.35
268.30
268.43
268.77
269.23
269.76
270.14
270.32
270.27
270.06
269.75
269.52
269.42
269.49
269.67
269.93
270.29
270.76
271.32
271.91
272.48
272.81
272.83
272.54
272.03
271.41
270.90
270.58
270.48
270.54
270.72
270.91
271.08
271.19
271.26
271.32
271.39
271.46
271.55
271.63
271.76
271.95
272.19
272.45
272.72
272.90
272.96
272.90
272.75
272.56
272.39
272.28
272.24
272.25
272.30
272.32
272.29
272.20
272.07
271.92
271.83
271.79
271.83
271.92
272.05
272.18
272.32
272.46
272.58
272.69
272.70
272.60
272.40
272.13
271.82
271.54
271.30
271.11
270.98
270.88
270.93
271.13
271.47
271.90
272.37
272.76
273.03
273.16
273.20
273.16
272.93
272.52
271.94
271.27
270.55
269.81
269.09
268.42
267.82
267.38
267.12
267.04
267.09
267.22
267.49
267.88
268.38
268.92
269.46
270.00
270.53
271.03
271.49
271.89
272.20
272.42
272.56
272.62
272.63
272.61
272.56
272.49
272.42
272.35
272.17
271.88
271.46
270.99
270.50
270.15
270.00
270.05
270.24
270.52
270.75
270.86
270.85
270.74
270.57
270.39
270.23
270.11
270.02
269.95
269.96
270.05
270.22
270.43
270.64
270.81
270.95
271.04
271.11
271.20
271.34
271.52
271.73
271.94
272.12
272.25
272.33
272.37
272.38
272.23
271.91
271.43
270.85
270.24
269.83
269.67
269.79
270.09
270.52
270.92
271.25
271.47
271.59
271.65
271.57
271.37
271.05
270.66
270.24
269.91
269.70
269.62
269.64
269.72
269.85
270.00
270.16
270.32
270.46
270.65
270.88
271.15
271.44
271.73
272.05
272.41
272.80
273.19
273.53
273.81
274.02
274.16
274.25
274.25
274.15
273.97
273.74
273.48
273.25
273.06
272.93
272.83
272.78
272.59
272.24
271.72
271.10
270.44
269.93
269.62
269.53
269.60
269.77
269.99
270.21
270.40
270.57
270.71
270.75
270.66
270.46
270.19
269.88
269.65
269.51
269.50
269.57
269.70
269.85
270.03
270.20
270.36
270.51
270.56
270.50
270.32
270.07
269.79
269.63
269.63
269.81
270.11
270.47
270.78
270.99
271.09
271.10
271.02
270.87
270.67
270.44
270.20
269.94
269.67
269.39
269.12
268.87
268.73
268.71
268.82
269.01
269.26
269.57
269.95
270.38
270.82
271.24
271.55
271.73
271.76
271.69
271.55
271.42
271.33
271.31
271.33
271.38
271.42
271.44
271.43
271.40
271.36
271.31
271.26
271.21
271.16
271.12
271.19
271.39
271.73
272.14
272.57
272.91
273.09
273.11
273.00
272.83
272.60
272.36
272.12
271.89
271.68
271.50
271.35
271.22
271.12
271.07
271.07
271.12
271.20
271.30
271.30
271.18
270.93
270.59
270.22
269.97
269.89
270.00
270.24
270.56
270.91
271.26
271.61
271.92
272.20
272.41
272.55
272.62
272.63
272.61
272.59
272.58
272.60
272.63
272.68
272.72
272.77
272.82
272.86
272.90
272.93
272.95
272.97
272.99
273.00
272.96
272.85
272.67
272.46
272.23
272.09
272.05
272.12
272.28
272.45
272.62
272.75
272.86
272.94
272.95
272.88
272.73
272.53
272.31
272.09
271.87
271.67
271.50
271.35
271.23
271.13
271.05
271.00
270.96
270.93
270.92
270.91
270.91
270.92
270.90
270.85
270.77
270.68
270.57
270.60
270.79
271.15
271.61
272.11
272.56
272.93
273.19
273.36
273.46
273.51
273.52
273.49
273.45
273.39
273.26
273.02
272.70
272.33
271.94
271.60
271.31
271.09
270.93
270.83
270.84
270.98
271.24
271.57
271.85
272.04
272.12
272.11
272.05
271.90
271.66
271.35
271.01
270.67
270.31
269.95
269.59
269.25
268.95
268.74
268.64
268.63
268.71
268.83
269.03
269.30
269.63
270.00
270.36
270.67
270.92
271.10
271.22
271.29
271.46
271.76
272.19
272.70
273.23
273.64
273.90
273.98
273.93
273.79
273.51
273.12
272.63
272.09
271.54
271.08
270.72
270.49
270.35
270.29
270.34
270.49
270.73
271.02
271.24
271.38
271.40
271.34
271.22
271.10
271.00
270.93
270.88
270.86
270.87
270.93
271.03
271.15
271.28
271.38
271.45
271.47
271.46
271.43
271.54
271.84
272.32
272.90
273.53
274.08
274.50
274.77
274.91
274.97
274.93
274.81
274.63
274.42
274.19
273.84
273.34
272.71
272.02
271.32
270.67
270.12
269.67
269.32
269.06
268.95
269.00
269.20
269.48
269.82
270.25
270.76
271.35
271.96
272.47
272.84
273.05
273.15
273.15
272.96
272.58
272.01
271.34
270.64
270.01
269.49
269.10
268.81
268.63
268.49
268.38
268.28
268.20
268.13
268.24
268.54
269.04
269.66
270.32
270.96
271.53
272.00
272.39
272.70
272.92
273.09
273.20
273.27
273.30
273.12
272.71
272.06
271.28
270.45
269.77
269.29
269.04
268.98
269.04
269.24
269.55
269.96
270.40
270.86
271.26
271.60
271.85
272.04
272.17
272.23
272.21
272.14
272.03
271.84
271.58
271.26
270.92
270.58
270.28
270.04
269.87
269.76
269.70
269.67
269.66
269.68
269.71
269.74
269.86
270.07
270.38
270.73
271.10
271.41
271.63
271.75
271.79
271.78
271.81
271.91
272.09
272.32
272.57
272.69
272.64
272.41
272.07
271.67
271.40
271.33
271.47
271.76
272.14
272.53
272.89
273.21
273.47
273.68
273.66
273.39
272.85
272.16
271.40
270.77
270.33
270.10
270.05
270.09
270.18
270.28
270.40
270.51
270.72
271.04
271.48
271.98
272.49
272.82
272.92
272.79
272.49
272.10
271.82
271.71
271.81
272.05
272.38
272.75
273.12
273.49
273.83
274.13
274.30
274.34
274.25
274.06
273.82
273.55
273.28
273.02
272.79
272.58
272.32
272.01
271.62
271.22
270.81
270.54
270.42
270.48
270.66
270.90
271.08
271.15
271.08
270.92
270.71
270.68
270.89
271.37
272.00
272.55
272.94
273.10
273.10
272.99
272.84
272.67
272.52
272.38
272.27
272.06
271.76
271.34
270.87
270.39
269.98
269.66
269.46
269.35
269.30
269.44
269.77
270.28
270.89
271.54
272.12
272.60
272.96
273.22
273.39
273.40
273.27
273.00
272.66
272.27
272.01
271.93
272.03
272.26
272.57
272.75
272.76
272.57
272.24
271.84
271.41
270.97
270.56
270.19
269.87
269.60
269.37
269.20
269.06
268.97
268.82
268.61
268.32
267.99
267.90
268.09
268.59
269.29
270.08
270.71
271.11
271.21
271.12
270.88
270.54
270.12
269.66
269.20
268.76
268.59
268.75
269.25
269.96
270.78
271.53
272.13
272.55
272.81
272.95
273.02
273.06
273.08
273.10
273.10
273.15
273.26
273.42
273.63
273.84
273.84
273.58
273.05
272.35
271.58
270.84
270.20
269.69
269.29
269.00
268.82
268.75
268.76
268.84
268.95
269.03
269.06
269.03
268.95
268.87
268.81
268.77
268.76
268.77
268.81
268.89
269.00
269.14
269.28
269.50
269.79
270.18
270.59
271.02
271.42
271.78
272.10
272.38
272.60
272.65
272.50
272.15
271.69
271.17
270.74
270.45
270.33
270.34
270.43
270.61
270.85
271.13
271.43
271.72
271.86
271.82
271.58
271.23
270.81
270.52
270.43
270.55
270.83
271.19
271.56
271.92
272.22
272.48
272.68
272.79
272.80
272.71
272.55
272.42
272.32
272.29
272.31
272.36
272.43
272.51
272.59
272.67
272.74
272.81
272.86
272.91
272.95
272.98
272.89
272.68
272.33
271.91
271.46
271.12
270.93
270.90
271.00
271.17
271.31
271.38
271.35
271.26
271.13
271.19
271.49
272.05
272.76
273.54
274.19
274.64
274.88
274.94
274.88
274.69
274.38
273.98
273.55
273.10
272.73
272.46
272.30
272.23
272.21
272.30
272.48
272.74
273.04
273.36
273.56
273.62
273.52
273.32
273.02
272.67
272.28
271.88
271.51
271.24
271.11
271.12
271.22
271.39
271.60
271.82
272.03
272.24
272.42
272.50
272.46
272.30
272.07
271.79
271.61
271.56
271.65
271.84
272.09
272.40
272.73
273.09
273.45
273.78
273.99
274.08
274.03
273.88
273.68
273.29
272.71
271.94
271.08
270.21
269.43
268.78
268.28
267.92
267.67
267.51
267.42
267.39
267.41
267.45
267.61
267.91
268.34
268.83
269.43
270.10
270.84
271.58
272.28
272.86
273.30
273.60
273.77
273.85
273.76
273.49
273.06
272.54
271.99
271.45
270.93
270.47
270.07
269.73
269.56
269.57
269.76
270.07
270.44
270.78
271.06
271.26
271.38
271.44
271.30
270.95
270.38
269.70
268.97
268.43
268.15
268.16
268.37
268.72
269.16
269.66
270.19
270.71
271.20
271.61
271.93
272.16
272.32
272.41
272.31
272.03
271.56
270.99
270.46
270.02
269.71
269.51
269.40
269.46
269.69
270.08
270.56
271.09
271.55
271.93
272.20
272.38
272.49
272.59
272.71
272.86
273.03
273.20
273.33
273.42
273.46
273.47
273.44
273.35
273.19
272.96
272.69
272.41
272.22
272.14
272.19
272.32
272.50
272.70
272.92
273.12
273.32
273.49
273.58
273.59
273.51
273.37
273.21
272.89
272.42
271.80
271.11
270.41
269.84
269.45
269.26
269.22
269.29
269.48
269.77
270.15
270.57
270.86
270.98
270.90
270.69
270.40
270.04
269.64
269.22
268.81
268.42
268.26
268.36
268.73
269.27
269.91
270.57
271.22
271.82
272.36
272.82
273.11
273.19
273.08
272.84
272.52
272.16
271.79
271.44
271.11
270.83
270.66
270.63
270.73
270.93
271.18
271.34
271.38
271.29
271.10
270.85
270.61
270.39
270.22
270.08
269.99
269.89
269.79
269.68
269.56
269.45
269.40
269.43
269.53
269.68
269.91
270.21
270.57
270.95
271.32
271.68
272.00
272.27
272.51
272.70
272.66
272.37
271.83
271.13
270.38
269.66
269.05
268.56
268.19
267.92
267.81
267.87
268.08
268.38
268.73
268.99
269.12
269.10
268.97
268.77
268.65
268.64
268.75
268.95
269.20
269.50
269.83
270.18
270.52
270.84
271.07
271.20
271.23
271.18
271.09
271.04
271.08
271.20
271.39
271.60
271.72
271.71
271.56
271.32
271.18
271.21
271.44
271.78
272.20
272.67
273.16
273.66
274.13
274.56
274.78
274.76
274.49
274.06
273.54
272.96
272.36
271.76
271.19
270.67
270.33
270.17
270.22
270.40
270.66
270.95
271.22
271.45
271.64
271.79
271.91
272.00
272.06
272.10
272.12
272.10
272.05
271.95
271.83
271.70
271.50
271.21
270.83
270.41
270.00
269.78
269.82
270.12
270.59
271.16
271.65
272.02
272.22
272.30
272.28
272.18
272.00
271.77
271.51
271.36
271.34
271.47
271.69
271.97
272.22
272.42
272.53
272.58
272.58
272.55
272.50
272.44
272.38
272.31
272.33
272.44
272.66
272.93
273.24
273.60
274.01
274.45
274.90
275.33
275.61
275.72
275.65
275.46
275.20
274.79
274.25
273.59
272.88
272.17
271.56
271.08
270.74
270.51
270.38
270.21
269.98
269.65
269.28
268.90
268.67
268.62
268.76
269.03
269.38
269.82
270.33
270.88
271.43
271.95
272.43
272.85
273.20
273.49
273.59
273.48
273.16
272.72
272.21
271.71
271.25
270.86
270.55
270.29
270.16
270.13
270.21
270.37
270.56
270.88
271.32
271.89
272.50
273.12
273.54
273.73
273.67
273.42
273.07
272.71
272.40
272.15
271.98
271.85
271.80
271.81
271.89
272.00
272.13
272.27
272.40
272.53
272.65
272.74
272.67
272.39
271.91
271.31
270.66
270.09
269.64
269.35
269.18
269.10
269.07
269.06
269.05
269.03
269.03
269.02
269.01
269.01
269.00
269.05
269.17
269.34
269.55
269.78
270.03
270.30
270.58
270.85
271.10
271.30
271.43
271.51
271.53
271.52
271.56
271.68
271.89
272.15
272.43
272.63
272.72
272.70
272.59
272.43
272.24
272.04
271.84
271.66
271.50
271.33
271.16
270.97
270.79
270.62
270.52
270.51
270.57
270.70
270.85
271.11
271.45
271.88
272.35
272.82
273.18
273.42
273.51
273.49
273.50
273.59
273.78
274.04
274.32
274.45
274.38
274.10
273.68
273.19
272.81
272.60
272.57
272.69
272.89
272.88
272.58
271.97
271.17
270.28
269.50
268.92
268.57
268.40
268.37
268.46
268.64
268.90
269.19
269.49
269.84
270.22
270.64
271.06
271.46
271.76
271.96
272.05
272.06
272.01
271.89
271.72
271.51
271.28
271.05
270.86
270.72
270.64
270.60
270.60
270.56
270.48
270.34
270.17
270.07
270.07
270.17
270.33
270.54
270.76
270.98
271.19
271.38
271.55
271.72
271.89
272.07
272.25
272.41
272.45
272.35
272.09
271.75
271.37
270.94
270.50
270.06
269.64
269.26
268.92
268.64
268.40
268.22
268.08
268.08
268.24
268.55
268.95
269.40
269.77
270.03
270.16
270.18
270.14
270.10
270.09
270.14
270.22
270.31
270.31
270.18
269.93
269.59
269.21
268.86
268.55
268.31
268.12
267.98
267.99
268.16
268.48
268.90
269.22
269.39
269.39
269.26
269.04
268.92
268.93
269.10
269.38
269.71
269.98
270.17
270.23
270.21
270.13
270.04
269.96
269.91
269.88
269.86
269.83
269.78
269.70
269.61
269.51
269.44
269.41
269.42
269.46
269.51
269.55
269.56
269.54
269.49
269.44
269.51
269.73
270.11
270.59
271.11
271.54
271.86
272.04
272.10
272.09
271.84
271.34
270.59
269.72
268.80
268.09
267.65
267.52
267.62
267.84
268.12
268.42
268.72
268.99
269.24
269.45
269.63
269.78
269.89
270.08
270.37
270.77
271.22
271.69
272.11
272.47
272.75
272.95
273.10
273.23
273.34
273.46
273.57
273.67
273.89
274.25
274.76
275.34
275.95
276.21
276.07
275.48
274.61
273.60
272.73
272.09
271.74
271.62
271.66
271.79
271.96
272.13
272.30
272.45
272.62
272.79
272.98
273.17
273.34
273.45
273.47
273.41
273.29
273.16
273.05
272.97
272.92
272.88
272.79
272.61
272.35
272.03
271.71
271.50
271.43
271.52
271.71
271.97
272.13
272.14
271.98
271.70
271.37
271.14
271.07
271.17
271.40
271.69
271.89
271.94
271.82
271.58
271.28
271.05
270.94
270.98
271.11
271.30
271.58
271.93
272.34
272.77
273.19
273.58
273.93
274.24
274.49
274.69
274.69
274.47
274.02
273.43
272.79
272.16
271.59
271.11
270.71
270.39
270.23
270.22
270.37
270.61
270.85
271.06
271.20
271.29
271.33
271.48
271.76
272.18
272.68
273.21
273.54
273.62
273.44
273.07
272.59
272.12
271.70
271.37
271.12
270.94
270.89
270.99
271.22
271.52
271.87
272.12
272.24
272.20
272.06
271.84
271.60
271.34
271.09
270.85
270.64
270.51
270.48
270.53
270.65
270.80
270.90
270.90
270.80
270.63
270.43
270.26
270.16
270.13
270.16
270.22
270.28
270.32
270.33
270.32
270.38
270.52
270.75
271.03
271.33
271.55
271.67
271.65
271.56
271.41
271.17
270.87
270.50
270.11
269.72
269.38
269.11
268.92
268.79
268.70
268.82
269.16
269.70
270.37
271.08
271.69
272.12
272.37
272.47
272.46
272.38
272.25
272.09
271.92
271.75
271.62
271.53
271.50
271.50
271.53
271.65
271.88
272.21
272.58
272.98
273.20
273.21
273.00
272.63
272.18
271.72
271.30
270.93
270.62
270.37
270.26
270.28
270.45
270.70
270.84
270.81
270.59
270.24
269.82
269.57
269.53
269.74
270.12
270.59
271.13
271.70
272.28
272.83
273.33
273.72
273.98
274.11
274.14
274.10
273.88
273.48
272.91
272.24
271.55
270.95
270.50
270.21
270.05
269.98
269.97
269.97
269.97
269.98
269.98
269.93
269.82
269.65
269.44
269.21
269.07
269.03
269.11
269.27
269.47
269.77
270.17
270.66
271.17
271.69
272.09
272.36
272.47
272.47
272.31
272.01
271.58
271.10
270.59
270.17
269.89
269.74
269.71
269.76
269.86
269.99
270.13
270.28
270.42
270.63
270.92
271.29
271.69
272.09
272.37
272.49
272.45
272.28
272.05
271.72
271.31
270.85
270.38
269.92
269.60
269.45
269.49
269.64
269.88
270.08
270.20
270.22
270.17
270.07
270.19
270.56
271.23
272.05
272.95
273.71
274.28
274.61
274.75
274.76
274.61
274.35
273.98
273.57
273.14
272.72
272.34
272.00
271.71
271.52
271.44
271.47
271.57
271.72
271.91
272.15
272.42
272.69
272.95
273.16
273.31
273.40
273.44
273.45
273.30
272.97
272.48
271.90
271.28
270.64
270.02
269.42
268.87
268.38
268.07
267.96
268.05
268.26
268.56
269.01
269.59
270.28
271.02
271.75
272.36
272.80
273.07
273.20
273.23
273.13
272.92
272.62
272.26
271.90
271.59
271.37
271.25
271.21
271.22
271.29
271.43
271.60
271.80
271.92
271.95
271.86
271.70
271.49
271.38
271.38
271.53
271.76
272.04
272.27
272.39
272.41
272.35
272.23
272.05
271.84
271.58
271.32
271.07
270.78
270.46
270.10
269.74
269.39
269.20
269.21
269.42
269.76
270.16
270.55
270.87
271.10
271.26
271.35
271.48
271.67
271.92
272.21
272.51
272.93
273.48
274.17
274.90
275.64
276.12
276.29
276.13
275.74
275.21
274.62
274.01
273.42
272.88
272.45
272.16
271.99
271.93
271.95
271.96
271.95
271.88
271.79
271.69
271.66
271.72
271.89
272.12
272.38
272.57
272.66
272.63
272.53
272.37
272.16
271.91
271.64
271.36
271.09
270.92
270.87
270.95
271.12
271.34
271.58
271.82
272.06
272.27
272.46
272.70
273.01
273.38
273.78
274.18
274.43
274.48
274.34
274.05
273.69
273.35
273.06
272.86
272.72
272.64
272.53
272.35
272.10
271.81
271.51
271.30
271.21
271.24
271.35
271.41
271.38
271.23
271.00
270.74
270.54
270.44
270.45
270.55
270.69
270.88
271.12
271.39
271.66
271.92
272.06
272.04
271.87
271.59
271.26
271.07
271.07
271.27
271.62
272.04
272.38
272.61
272.68
272.64
272.52
272.41
272.34
272.33
272.35
272.40
272.45
272.46
272.45
272.42
272.38
272.24
272.02
271.70
271.33
270.95
270.52
270.06
269.58
269.10
268.65
268.44
268.49
268.82
269.33
270.02
270.83
271.73
272.64
273.52
274.18
274.60
274.75
274.71
274.54
274.33
274.15
274.01
273.91
273.85
273.78
273.71
273.62
273.53
273.43
273.34
273.26
273.19
273.13
273.08
272.86
272.42
271.78
271.02
270.22
269.56
269.11
268.90
268.86
268.95
269.20
269.60
270.11
270.67
271.25
271.80
272.30
272.74
273.12
273.43
273.63
273.70
273.67
273.55
273.39
273.23
273.09
272.98
272.91
272.87
272.90
273.00
273.18
273.41
273.52
273.47
273.25
272.93
272.54
272.19
271.91
271.71
271.59
271.53
271.38
271.10
270.69
270.21
269.69
269.33
269.14
269.17
269.34
269.60
269.88
270.15
270.39
270.59
270.75
270.98
271.31
271.73
272.20
272.68
273.12
273.48
273.77
273.98
274.13
274.14
274.03
273.79
273.47
273.11
272.70
272.23
271.74
271.24
270.78
270.35
269.99
269.68
269.42
269.22
269.04
268.87
268.71
268.56
268.53
268.64
268.90
269.24
269.63
269.95
270.16
270.25
270.25
270.18
270.20
270.35
270.65
271.04
271.47
271.78
271.91
271.84
271.65
271.37
271.15
271.05
271.08
271.20
271.38
271.65
271.99
272.39
272.81
273.22
273.50
273.61
273.55
273.37
273.12
272.72
272.19
271.54
270.85
270.15
269.68
269.49
269.60
269.91
270.35
270.69
270.86
270.83
270.66
270.40
270.19
270.09
270.12
270.24
270.40
270.55
270.68
270.79
270.88
270.92
270.91
270.86
270.77
270.67
270.62
270.63
270.71
270.84
270.99
271.23
271.56
271.97
272.42
272.88
273.26
273.54
273.70
273.78
273.79
273.84
273.95
274.14
274.37
274.61
274.76
274.76
274.62
274.38
274.08
273.71
273.28
272.80
272.31
271.85
271.51
271.31
271.26
271.31
271.44
271.70
272.07
272.54
273.05
273.57
273.87
273.92
273.69
273.28
272.76
272.25
271.80
271.44
271.17
270.96
270.83
270.74
270.69
270.67
270.73
270.87
271.08
271.33
271.59
271.82
272.01
272.14
272.22
272.27
272.37
272.54
272.79
273.08
273.39
273.51
273.39
273.01
272.49
271.87
271.37
271.04
270.91
270.94
271.06
271.15
271.15
271.03
270.84
270.61
270.52
270.62
270.92
271.35
271.85
272.28
272.61
272.81
272.91
272.93
272.89
272.82
272.72
272.62
272.51
272.46
272.48
272.58
272.72
272.78
272.73
272.55
272.29
271.98
271.68
271.43
271.23
271.07
270.96
270.88
270.84
270.81
270.80
270.81
270.82
270.84
270.87
270.89
270.91
271.01
271.20
271.48
271.82
272.17
272.43
272.58
272.60
272.52
272.39
272.28
272.21
272.21
272.25
272.31
272.40
272.49
272.58
272.67
272.74
272.79
272.79
272.74
272.68
272.59
272.45
272.24
271.98
271.69
271.39
271.11
270.86
270.63
270.44
270.28
270.24
270.31
270.51
270.78
271.17
271.66
272.23
272.84
273.43
273.90
274.23
274.39
274.43
274.38
274.22
273.96
273.62
273.24
272.86
272.46
272.07
271.68
271.32
270.99
270.79
270.73
270.81
270.98
271.21
271.25
271.05
270.59
269.97
269.27
268.55
267.85
267.21
266.65
266.16
265.87
265.77
265.88
266.12
266.45
266.84
267.27
267.71
268.15
268.55
268.97
269.39
269.83
270.25
270.64
270.96
271.20
271.36
271.45
271.49
271.49
271.46
271.42
271.37
271.34
271.34
271.38
271.44
271.51
271.64
271.83
272.08
272.35
272.64
272.88
273.07
273.20
273.28
273.32
273.39
273.49
273.65
273.83
274.02
274.12
274.12
274.01
273.82
273.59
273.27
272.85
272.35
271.83
271.31
271.00
270.97
271.21
271.63
272.17
272.56
272.73
272.66
272.41
272.05
271.75
271.55
271.48
271.52
271.63
271.75
271.86
271.94
272.01
272.00
271.91
271.75
271.54
271.31
271.11
270.95
270.84
270.77
270.73
270.64
270.48
270.23
269.94
269.63
269.46
269.46
269.65
269.97
270.35
270.73
271.08
271.37
271.61
271.80
272.08
272.47
272.98
273.56
274.15
274.55
274.72
274.65
274.40
274.04
273.66
273.28
272.95
272.67
272.44
272.20
271.94
271.65
271.37
271.09
270.89
270.79
270.78
270.84
270.94
271.01
271.04
271.00
270.92
270.82
270.67
270.50
270.29
270.08
269.93
269.85
269.86
269.92
270.03
270.10
270.12
270.07
269.98
269.86
269.79
269.78
269.83
269.93
270.06
270.09
270.01
269.78
269.48
269.13
269.02
269.19
269.67
270.35
271.13
271.82
272.38
272.74
272.96
273.06
273.00
272.78
272.42
271.99
271.53
271.07
270.63
270.24
269.90
269.62
269.52
269.62
269.93
270.36
270.85
271.29
271.62
271.82
271.92
271.93
271.95
271.99
272.07
272.18
272.19
272.08
271.84
271.52
271.16
270.82
270.53
270.29
270.11
269.98
269.94
270.00
270.14
270.34
270.57
270.84
271.13
271.43
271.72
272.00
272.19
272.29
272.29
272.22
272.11
272.02
271.99
272.02
272.09
272.19
272.17
272.00
271.67
271.24
270.76
270.26
269.74
269.23
268.76
268.33
268.09
268.07
268.26
268.60
269.01
269.39
269.67
269.83
269.89
269.89
269.93
270.02
270.19
270.41
270.70
271.05
271.46
271.88
272.28
272.61
272.83
272.94
272.97
272.94
272.84
272.68
272.48
272.26
272.04
271.75
271.39
270.95
270.49
270.03
269.52
268.96
268.36
267.76
267.19
266.86
266.81
267.05
267.49
268.03
268.71
269.48
270.31
271.15
271.94
272.55
272.95
273.12
273.13
273.03
272.87
272.70
272.54
272.40
272.29
272.24
272.28
272.39
272.56
272.76
272.99
273.24
273.51
273.78
274.04
274.32
274.64
274.98
275.33
275.54
275.56
275.38
275.07
274.70
274.39
274.22
274.18
274.26
274.41
274.46
274.38
274.14
273.81
273.42
273.19
273.14
273.32
273.64
274.04
274.38
274.59
274.66
274.61
274.50
274.25
273.90
273.44
272.93
272.42
272.15
272.16
272.49
273.01
273.64
274.21
274.65
274.92
275.06
275.11
275.08
275.00
274.89
274.77
274.64
274.57
274.57
274.65
274.77
274.93
274.96
274.84
274.55
274.15
273.73
273.34
272.98
272.69
272.44
272.27
272.18
272.16
272.19
272.25
272.28
272.26
272.18
272.06
271.92
271.93
272.13
272.53
273.05
273.63
274.24
274.85
275.45
276.01
276.50
276.72
276.62
276.19
275.56
274.82
274.13
273.54
273.10
272.79
272.58
272.56
272.73
273.08
273.53
274.04
274.47
274.79
274.97
275.04
275.04
274.87
274.55
274.08
273.53
272.96
272.38
271.80
271.24
270.74
270.39
270.24
270.28
270.45
270.71
270.82
270.74
270.43
269.98
269.44
269.07
268.93
269.05
269.34
269.74
270.14
270.50
270.77
270.98
271.12
271.11
270.94
270.60
270.18
269.71
269.26
268.87
268.55
268.29
268.10
268.04
268.11
268.32
268.61
268.94
269.23
269.44
269.57
269.63
269.64
269.74
269.98
270.36
270.82
271.31
271.83
272.34
272.85
273.32
273.74
274.02
274.15
274.12
273.99
273.79
273.48
273.06
272.55
272.00
271.46
270.94
270.48
270.08
269.74
269.51
269.41
269.42
269.51
269.66
269.83
270.01
270.19
270.36
270.52
270.60
270.60
270.51
270.37
270.19
270.09
270.08
270.17
270.34
270.54
270.82
271.15
271.54
271.94
272.33
272.64
272.85
272.96
272.98
272.94
272.73
272.34
271.78
271.14
270.47
269.89
269.45
269.17
269.02
268.97
268.99
269.05
269.15
269.26
269.38
269.61
269.94
270.40
270.91
271.51
272.19
272.92
273.65
274.34
274.99
275.60
276.15
276.64
277.05
277.04
276.57
275.62
274.38
273.02
271.85
270.98
270.48
270.26
270.26
270.40
270.64
270.93
271.25
271.57
271.94
272.38
272.89
273.41
273.91
274.29
274.53
274.62
274.59
274.49
274.31
274.07
273.80
273.51
273.23
272.96
272.72
272.52
272.35
272.21
272.00
271.68
271.27
270.80
270.33
270.00
269.87
269.94
270.16
270.46
270.81
271.17
271.52
271.84
272.13
272.38
272.59
272.76
272.89
272.93
272.89
272.75
272.57
272.35
272.16
272.00
271.89
271.81
271.77
271.73
271.67
271.60
271.51
271.43
271.45
271.60
271.89
272.26
272.66
273.05
273.38
273.64
273.85
274.00
274.03
273.92
273.70
273.39
273.05
272.65
272.20
271.71
271.23
270.77
270.46
270.32
270.37
270.55
270.80
270.99
271.07
271.01
270.87
270.66
270.49
270.36
270.31
270.31
270.40
270.58
270.83
271.12
271.43
271.70
271.92
272.08
272.18
272.25
272.28
272.29
272.28
272.26
272.23
272.25
272.33
272.48
272.66
272.86
272.98
273.00
272.91
272.74
272.53
272.33
272.15
272.03
271.93
271.87
271.76
271.57
271.30
270.99
270.66
270.35
270.05
269.79
269.56
269.38
269.22
269.11
269.02
268.95
268.91
268.97
269.13
269.39
269.72
270.07
270.39
270.66
270.87
271.02
271.16
271.28
271.41
271.53
271.64
271.71
271.73
271.71
271.65
271.58
271.58
271.67
271.85
272.10
272.37
272.49
272.41