175.59
175.59
175.40
175.04
174.56
174.04
173.60
173.26
173.07
172.98
172.98
173.03
173.12
173.22
173.34
173.46
173.60
173.76
173.93
174.11
174.29
174.45
174.59
174.71
174.81
174.89
175.01
175.17
175.38
175.61
175.85
176.03
176.12
176.13
176.07
175.97
175.83
175.64
175.42
175.19
175.00
174.84
174.75
174.69
174.67
174.70
174.77
174.89
175.04
175.19
175.36
175.56
175.78
175.99
176.20
176.41
176.63
176.86
177.08
177.29
177.36
177.29
177.06
176.74
176.36
175.92
175.43
174.90
174.38
173.88
173.51
173.30
173.23
173.29
173.41
173.48
173.45
173.29
173.06
172.79
172.75
172.98
173.52
174.25
175.06
175.71
176.11
176.23
176.14
175.96
175.76
175.57
175.42
175.28
175.09
174.84
174.50
174.14
173.77
173.49
173.34
173.32
173.40
173.54
173.77
174.08
174.45
174.84
175.24
175.55
175.77
175.88
175.92
175.89
175.69
175.31
174.76
174.12
173.46
172.83
172.28
171.83
171.46
171.18
171.14
171.34
171.79
172.37
173.04
173.63
174.11
174.43
174.64
174.75
174.79
174.77
174.72
174.65
174.53
174.38
174.21
174.02
173.83
173.79
173.92
174.23
174.64
175.12
175.60
176.07
176.50
176.88
177.21
177.46
177.62
177.70
177.72
177.69
177.61
177.48
177.31
177.12
176.93
176.69
176.41
176.08
175.74
175.41
175.13
174.91
174.76
174.67
174.63
174.59
174.54
174.48
174.41
174.34
174.25
174.13
173.99
173.83
173.68
173.62
173.66
173.82
174.04
174.30
174.58
174.85
175.10
175.32
175.43
175.42
175.29
175.07
174.80
174.63
174.58
174.68
174.87
175.11
175.31
175.41
175.41
175.34
175.21
175.11
175.06
175.08
175.14
175.23
175.25
175.19
175.03
174.80
174.55
174.37
174.29
174.33
174.44
174.61
174.85
175.16
175.53
175.92
176.31
176.59
176.74
176.75
176.67
176.52
176.39
176.30
176.28
176.30
176.35
176.24
175.92
175.38
174.71
174.02
173.36
172.77
172.26
171.84
171.66
171.74
172.07
172.57
173.16
173.80
174.46
175.12
175.73
176.28
176.73
177.07
177.31
177.46
177.54
177.46
177.22
176.83
176.34
175.83
175.37
175.00
174.74
174.58
174.48
174.50
174.61
174.82
175.09
175.37
175.64
175.85
176.01
176.12
176.19
176.26
176.33
176.42
176.51
176.60
176.61
176.51
176.31
176.04
175.72
175.37
174.99
174.62
174.27
173.91
173.52
173.12
172.72
172.35
172.16
172.16
172.36
172.70
173.11
173.58
174.08
174.59
175.07
175.51
175.88
176.15
176.33
176.45
176.50
176.43
176.24
175.93
175.56
175.16
174.82
174.57
174.41
174.33
174.31
174.28
174.22
174.11
173.97
173.83
173.73
173.71
173.76
173.86
173.99
174.14
174.29
174.43
174.56
174.68
174.72
174.69
174.57
174.41
174.30
174.27
174.35
174.49
174.67
174.92
175.23
175.60
175.98
176.36
176.61
176.69
176.61
176.41
176.15
175.95
175.87
175.93
176.08
176.29
176.47
176.60
176.66
176.67
176.64
176.58
176.51
176.43
176.36
176.28
176.22
176.16
176.11
176.07
176.04
175.93
175.74
175.46
175.14
174.79
174.51
174.31
174.21
174.18
174.20
174.21
174.17
174.09
173.97
173.81
173.61
173.39
173.16
172.93
172.75
172.63
172.56
172.53
172.54
172.60
172.70
172.84
173.00
173.17
173.41
173.73
174.13
174.56
175.00
175.33
175.53
175.59
175.54
175.43
175.33
175.27
175.26
175.30
175.36
175.28
175.02
174.57
174.01
173.40
172.88
172.47
172.22
172.08
172.04
172.16
172.46
172.90
173.44
174.00
174.45
174.74
174.85
174.83
174.80
174.80
174.86
174.97
175.10
175.18
175.21
175.16
175.06
174.94
174.80
174.66
174.53
174.41
174.30
174.18
174.05
173.90
173.75
173.60
173.52
173.52
173.59
173.72
173.88
174.02
174.14
174.21
174.25
174.26
174.28
174.33
174.39
174.47
174.55
174.63
174.71
174.78
174.84
174.89
174.99
175.13
175.34
175.57
175.81
176.01
176.17
176.27
176.32
176.37
176.43
176.50
176.57
176.65
176.56
176.28
175.80
175.21
174.57
174.01
173.58
173.30
173.14
173.07
173.10
173.21
173.39
173.59
173.81
173.98
174.07
174.07
174.02
173.93
173.81
173.69
173.57
173.45
173.34
173.31
173.34
173.46
173.62
173.81
173.95
174.02
174.02
173.97
173.88
173.79
173.73
173.70
173.70
173.71
173.76
173.85
173.98
174.12
174.26
174.51
174.87
175.35
175.87
176.36
176.76
177.05
177.25
177.38
177.42
177.39
177.29
177.16
177.00
176.78
176.51
176.18
175.84
175.50
175.23
175.06
174.99
174.99
175.05
175.17
175.34
175.54
175.76
175.99
176.14
176.22
176.21
176.13
176.02
175.86
175.66
175.44
175.20
174.97
174.86
174.90
175.10
175.39
175.73
176.01
176.20
176.26
176.24
176.16
176.06
175.98
175.93
175.89
175.85
175.78
175.70
175.60
175.50
175.40
175.31
175.23
175.16
175.11
175.04
174.94
174.83
174.70
174.58
174.46
174.35
174.26
174.18
174.11
174.09
174.10
174.17
174.25
174.35
174.43
174.48
174.48
174.46
174.42
174.32
174.15
173.91
173.65
173.37
173.13
172.95
172.82
172.74
172.69
172.71
172.77
172.88
173.02
173.17
173.32
173.46
173.59
173.70
173.82
173.95
174.10
174.26
174.40
174.57
174.74
174.93
175.12
175.30
175.44
175.53
175.56
175.55
175.52
175.52
175.57
175.69
175.84
176.00
176.09
176.08
175.97
175.78
175.55
175.39
175.32
175.37
175.48
175.65
175.65
175.44
175.00
174.43
173.79
173.22
172.77
172.46
172.28
172.19
172.20
172.28
172.44
172.63
172.83
172.96
172.99
172.90
172.73
172.53
172.33
172.15
172.03
171.94
172.01
172.26
172.69
173.22
173.79
174.23
174.49
174.54
174.43
174.23
174.02
173.85
173.74
173.67
173.64
173.72
173.91
174.21
174.57
174.95
175.30
175.60
175.83
176.00
176.11
176.22
176.32
176.43
176.53
176.63
176.64
176.55
176.34
176.08
175.78
175.42
175.01
174.57
174.12
173.69
173.33
173.04
172.84
172.70
172.63
172.70
172.93
173.30
173.76
174.18
174.50
174.70
174.80
174.83
174.83
174.83
174.84
174.85
174.87
174.75
174.49
174.06
173.54
172.99
172.53
172.18
171.99
171.91
171.91
171.99
172.14
172.35
172.58
172.82
173.08
173.35
173.63
173.89
174.14
174.36
174.55
174.70
174.83
174.92
174.97
174.96
174.91
174.82
174.71
174.60
174.49
174.39
174.29
174.21
174.17
174.17
174.22
174.29
174.38
174.53
174.74
175.01
175.30
175.60
175.88
176.14
176.37
176.56
176.66
176.68
176.59
176.45
176.28
176.16
176.14
176.23
176.38
176.58
176.76
176.92
177.03
177.11
177.16
177.18
177.19
177.19
177.17
177.16
177.11
177.03
176.92
176.79
176.66
176.51
176.33
176.14
175.94
175.75
175.58
175.43
175.30
175.19
175.11
175.07
175.08
175.13
175.22
175.32
175.43
175.53
175.63
175.72
175.75
175.70
175.57
175.40
175.20
175.06
174.98
174.97
175.03
175.12
175.20
175.26
175.29
175.30
175.28
175.21
175.06
174.85
174.60
174.34
174.20
174.19
174.34
174.58
174.88
175.26
175.70
176.18
176.67
177.14
177.43
177.52
177.39
177.13
176.77
176.40
176.05
175.75
175.50
175.30
175.14
175.02
174.94
174.88
174.85
174.86
174.92
175.01
175.14
175.27
175.40
175.52
175.63
175.73
175.76
175.72
175.59
175.42
175.22
175.18
175.33
175.68
176.16
176.70
177.15
177.45
177.59
177.60
177.52
177.39
177.22
177.03
176.85
176.68
176.57
176.55
176.61
176.72
176.87
177.01
177.12
177.19
177.23
177.25
177.24
177.23
177.21
177.18
177.15
177.15
177.18
177.25
177.33
177.43
177.53
177.62
177.71
177.78
177.85
177.74
177.44
176.94
176.32
175.71
175.17
174.72
174.37
174.11
174.02
174.12
174.40
174.79
175.23
175.61
175.88
176.02
176.07
176.05
176.00
175.95
175.92
175.91
175.90
175.93
175.99
176.09
176.21
176.33
176.32
176.15
175.81
175.36
174.87
174.40
173.99
173.64
173.36
173.15
172.94
172.71
172.47
172.21
171.97
171.86
171.89
172.08
172.37
172.71
173.10
173.52
173.94
174.35
174.72
175.05
175.33
175.57
175.75
175.84
175.84
175.73
175.57
175.37
175.21
175.11
175.09
175.13
175.20
175.10
174.80
174.28
173.64
172.94
172.45
172.24
172.35
172.68
173.14
173.64
174.13
174.57
174.96
175.29
175.56
175.77
175.93
176.04
176.12
176.14
176.11
176.03
175.92
175.79
175.63
175.45
175.24
175.03
174.83
174.67
174.56
174.51
174.50
174.57
174.72
174.95
175.23
175.51
175.68
175.71
175.59
175.36
175.08
174.90
174.88
175.03
175.29
175.62
175.93
176.17
176.33
176.43
176.47
176.45
176.37
176.24
176.09
175.92
175.78
175.68
175.63
175.61
175.62
175.54
175.35
175.03
174.65
174.24
173.81
173.37
172.93
172.52
172.16
171.94
171.91
172.04
172.30
172.62
172.95
173.25
173.50
173.70
173.86
174.00
174.14
174.29
174.43
174.56
174.67
174.77
174.85
174.91
174.96
175.00
175.03
175.04
175.05
175.08
175.14
175.23
175.33
175.43
175.54
175.64
175.73
175.80
175.87
175.97
176.13
176.34
176.57
176.81
176.97
177.01
176.93
176.77
176.57
176.29
175.94
175.54
175.12
174.72
174.34
174.01
173.72
173.48
173.28
173.24
173.36
173.63
174.01
174.43
174.78
175.03
175.14
175.16
175.06
174.86
174.56
174.21
173.85
173.61
173.51
173.57
173.75
173.99
174.24
174.47
174.66
174.81
174.93
175.01
175.07
175.11
175.13
175.14
175.13
175.13
175.11
175.10
175.08
175.09
175.14
175.21
175.31
175.41
175.54
175.70
175.88
176.06
176.24
176.33
176.31
176.17
175.95
175.70
175.46
175.25
175.09
174.97
174.89
174.92
175.07
175.33
175.65
175.92
176.11
176.17
176.16
176.09
175.92
175.68
175.37
175.02
174.67
174.44
174.37
174.45
174.65
174.91
175.21
175.51
175.81
176.07
176.31
176.49
176.60
176.65
176.64
176.61
176.55
176.48
176.40
176.33
176.26
176.15
175.98
175.75
175.50
175.25
174.95
174.61
174.23
173.84
173.48
173.35
173.52
173.98
174.62
175.36
176.07
176.70
177.21
177.61
177.91
177.99
177.85
177.49
177.00
176.60
176.37
176.35
176.48
176.70
176.87
176.95
176.90
176.76
176.57
176.30
175.96
175.56
175.15
174.74
174.39
174.11
173.91
173.77
173.69
173.70
173.80
173.99
174.24
174.50
174.74
174.93
175.07
175.16
175.22
175.17
175.00
174.73
174.39
174.02
173.76
173.65
173.70
173.85
174.07
174.33
174.60
174.87
175.11
175.33
175.44
175.43
175.29
175.07
174.89
174.78
174.76
174.82
174.92
175.03
175.11
175.17
175.19
175.20
175.17
175.10
174.99
174.86
174.73
174.67
174.72
174.87
175.09
175.35
175.49
175.46
175.26
174.94
174.56
174.24
174.02
173.91
173.90
173.94
174.14
174.48
174.97
175.52
176.09
176.60
177.00
177.28
177.46
177.57
177.53
177.35
177.05
176.68
176.27
175.86
175.48
175.13
174.83
174.57
174.33
174.11
173.89
173.69
173.65
173.78
174.10
174.54
175.03
175.45
175.76
175.94
176.01
176.01
175.95
175.86
175.75
175.64
175.52
175.47
175.48
175.58
175.72
175.88
175.98
175.98
175.88
175.70
175.49
175.37
175.37
175.51
175.75
176.03
176.31
176.55
176.75
176.90
177.01
177.06
177.05
176.99
176.89
176.78
176.63
176.45
176.25
176.04
175.84
175.65
175.49
175.34
175.23
175.19
175.23
175.35
175.53
175.73
175.83
175.80
175.63
175.38
175.07
174.82
174.67
174.64
174.69
174.79
174.85
174.83
174.72
174.55
174.35
174.22
174.18
174.25
174.39
174.58
174.68
174.66
174.50
174.26
173.97
173.82
173.86
174.11
174.49
174.94
175.32
175.57
175.66
175.63
175.52
175.34
175.10
174.82
174.53
174.24
174.00
173.82
173.70
173.63
173.58
173.52
173.46
173.39
173.32
173.36
173.53
173.83
174.21
174.63
175.02
175.36
175.64
175.85
176.00
176.06
176.01
175.88
175.68
175.45
175.24
175.07
174.94
174.86
174.80
174.75
174.69
174.61
174.52
174.43
174.39
174.43
174.54
174.69
174.87
175.06
175.24
175.40
175.55
175.68
175.82
175.96
176.12
176.27
176.42
176.48
176.42
176.26
176.02
175.74
175.32
174.76
174.06
173.29
172.80
172.64
172.88
173.37
174.02
174.63
175.13
175.47
175.69
175.81
175.82
175.74
175.59
175.41
175.20
175.04
174.96
174.96
175.01
175.10
175.18
175.25
175.28
175.28
175.27
175.23
175.14
175.02
174.88
174.73
174.62
174.55
174.52
174.53
174.56
174.60
174.65
174.71
174.76
174.81
174.83
174.82
174.76
174.68
174.59
174.49
174.40
174.31
174.23
174.25
174.36
174.59
174.87
175.18
175.45
175.63
175.73
175.76
175.74
175.66
175.53
175.35
175.16
174.96
174.85
174.85
174.96
175.15
175.38
175.50
175.46
175.24
174.92
174.54
174.30
174.24
174.41
174.71
175.10
175.51
175.88
176.20
176.47
176.69
176.80
176.81
176.73
176.57
176.38
176.17
175.96
175.76
175.58
175.43
175.21
174.93
174.58
174.19
173.81
173.44
173.10
172.81
172.56
172.38
172.28
172.24
172.26
172.31
172.52
172.89
173.42
174.04
174.68
175.23
175.64
175.90
176.03
176.07
176.04
175.96
175.85
175.73
175.61
175.46
175.30
175.11
174.92
174.74
174.55
174.34
174.12
173.91
173.72
173.62
173.64
173.78
174.00
174.26
174.58
174.97
175.40
175.84
176.27
176.53
176.58
176.43
176.14
175.77
175.42
175.12
174.91
174.76
174.72
174.79
174.96
175.19
175.44
175.70
175.96
176.19
176.40
176.57
176.67
176.67
176.58
176.44
176.26
176.04
175.79
175.52
175.25
174.99
174.76
174.56
174.38
174.24
174.13
174.18
174.40
174.81
175.31
175.86
176.31
176.61
176.73
176.72
176.63
176.42
176.12
175.74
175.33
174.91
174.60
174.42
174.38
174.43
174.55
174.69
174.82
174.91
174.99
175.04
175.07
175.09
175.10
175.10
175.10
175.09
175.08
175.07
175.06
175.07
175.12
175.20
175.30
175.40
175.48
175.53
175.53
175.50
175.46
175.32
175.09
174.76
174.38
173.99
173.66
173.42
173.29
173.23
173.23
173.25
173.26
173.25
173.23
173.21
173.15
173.07
172.95
172.81
172.68
172.65
172.76
173.01
173.34
173.72
174.13
174.56
174.99
175.40
175.77
176.10
176.38
176.60
176.78
176.68
176.27
175.53
174.62
173.62
172.78
172.18
171.86
171.74
171.78
171.96
172.23
172.57
172.93
173.30
173.62
173.88
174.07
174.20
174.28
174.45
174.75
175.19
175.70
176.23
176.70
177.07
177.33
177.49
177.58
177.45
177.09
176.52
175.82
175.07
174.47
174.06
173.87
173.86
173.96
174.12
174.29
174.44
174.58
174.70
174.83
174.97
175.12
175.27
175.31
175.22
174.98
174.65
174.28
173.95
173.70
173.54
173.45
173.41
173.48
173.63
173.86
174.14
174.43
174.67
174.83
174.89
174.89
174.84
174.92
175.17
175.60
176.14
176.72
177.12
177.27
177.15
176.84
176.42
176.02
175.70
175.50
175.38
175.33
175.25
175.11
174.90
174.66
174.39
174.11
173.81
173.50
173.21
172.94
172.75
172.66
172.67
172.74
172.87
173.06
173.33
173.66
174.02
174.40
174.80
175.19
175.56
175.90
176.14
176.28
176.31
176.25
176.15
176.07
176.04
176.07
176.14
176.23
176.23
176.11
175.86
175.54
175.17
174.82
174.53
174.29
174.11
173.97
173.96
174.07
174.31
174.62
174.96
175.37
175.82
176.30
176.79
177.25
177.55
177.69
177.64
177.46
177.20
176.85
176.43
175.95
175.45
174.98
174.67
174.57
174.68
174.93
175.19
175.41
175.54
175.60
175.61
175.58
175.53
175.47
175.40
175.33
175.27
175.21
175.15
175.11
175.07
175.01
174.93
174.82
174.71
174.59
174.60
174.78
175.14
175.59
176.09
176.51
176.83
177.00
177.07
177.06
177.08
177.15
177.30
177.50
177.72
177.80
177.73
177.48
177.12
176.70
176.28
175.91
175.60
175.36
175.16
175.02
174.92
174.85
174.81
174.82
174.88
174.98
175.10
175.24
175.40
175.58
175.79
176.00
176.20
176.33
176.38
176.33
176.23
176.10
175.92
175.70
175.46
175.21
174.97
174.78
174.64
174.57
174.54
174.54
174.54
174.53
174.49
174.43
174.37
174.34
174.33
174.37
174.43
174.50
174.57
174.65
174.72
174.79
174.84
174.84
174.76
174.62
174.43
174.22
174.14
174.23
174.49
174.86
175.29
175.70
176.08
176.39
176.64
176.76
176.73
176.57
176.31
176.01
175.75
175.55
175.43
175.38
175.38
175.31
175.13
174.84
174.48
174.10
173.83
173.70
173.73
173.88
174.09
174.32
174.52
174.70
174.83
174.94
175.01
175.07
175.10
175.12
175.12
175.15
175.20
175.28
175.37
175.47
175.57
175.66
175.74
175.81
175.87
175.89
175.88
175.82
175.73
175.63
175.50
175.34
175.16
174.97
174.84
174.78
174.81
174.89
175.01
175.11
175.20
175.24
175.26
175.26
175.22
175.14
175.03
174.89
174.74
174.55
174.31
174.01
173.70
173.38
173.15
173.00
172.95
172.97
173.04
173.19
173.42
173.72
174.05
174.39
174.58
174.59
174.40
174.09
173.70
173.45
173.38
173.53
173.82
174.19
174.44
174.51
174.37
174.10
173.74
173.39
173.10
172.90
172.76
172.67
172.65
172.70
172.80
172.94
173.12
173.33
173.57
173.81
174.05
174.37
174.79
175.31
175.87
176.43
176.85
177.10
177.17
177.10
176.93
176.72
176.47
176.22
175.98
175.76
175.51
175.23
174.91
174.59
174.28
174.12
174.16
174.38
174.74
175.16
175.50
175.71
175.77
175.71
175.58
175.44
175.29
175.18
175.09
175.02
174.97
174.94
174.92
174.91
174.91
174.97
175.09
175.28
175.50
175.66
175.72
175.67
175.55
175.38
175.18
174.99
174.80
174.62
174.46
174.27
174.05
173.78
173.50
173.22
173.04
172.98
173.04
173.19
173.39
173.51
173.52
173.39
173.17
172.90
172.82
172.99
173.43
174.03
174.73
175.33
175.79
176.07
176.21
176.24
176.17
176.02
175.81
175.56
175.30
175.11
174.99
174.96
175.00
175.08
175.13
175.13
175.07
174.97
174.85
174.78
174.76
174.82
174.92
174.99
175.02
174.99
174.91
174.80
174.72
174.66
174.63
174.64
174.66
174.64
174.56
174.43
174.25
174.07
173.91
173.78
173.71
173.67
173.67
173.73
173.87
174.08
174.34
174.60
174.70
174.60
174.28
173.83
173.31
172.98
172.91
173.14
173.55
174.08
174.61
175.08
175.46
175.75
175.97
176.16
176.31
176.46
176.60
176.71
176.70
176.55
176.25
175.87
175.48
175.11
174.79
174.53
174.31
174.12
173.94
173.76
173.59
173.45
173.35
173.30
173.30
173.34
173.40
173.53
173.73
173.99
174.28
174.57
174.83
175.03
175.17
175.26
175.31
175.30
175.24
175.13
174.99
174.84
174.74
174.72
174.77
174.87
175.00
175.09
175.12
175.09
175.00
174.89
174.79
174.72
174.68
174.68
174.69
174.69
174.66
174.61
174.54
174.46
174.36
174.22
174.06
173.90
173.78
173.74
173.78
173.87
174.00
174.11
174.20
174.25
174.27
174.27
174.29
174.32
174.38
174.46
174.54
174.65
174.78
174.94
175.11
175.28
175.38
175.40
175.34
175.23
175.09
174.98
174.93
174.96
175.03
175.13
175.23
175.29
175.32
175.33
175.31
175.31
175.33
175.39
175.46
175.53
175.61
175.69
175.76
175.82
175.87
175.97
176.12
176.33
176.56
176.80
177.03
177.25
177.44
177.60
177.66
177.60
177.41
177.16
176.86
176.55
176.26
175.98
175.73
175.52
175.29
175.04
174.75
174.45
174.17
173.91
173.67
173.47
173.31
173.18
173.13
173.17
173.29
173.47
173.68
173.98
174.36
174.82
175.31
175.80
176.21
176.51
176.70
176.79
176.81
176.70
176.47
176.12
175.71
175.27
174.88
174.54
174.27
174.07
173.92
173.93
174.10
174.43
174.85
175.21
175.45
175.54
175.52
175.42
175.31
175.20
175.11
175.04
174.99
174.90
174.77
174.58
174.36
174.13
173.92
173.71
173.53
173.38
173.25
173.20
173.24
173.35
173.52
173.72
173.90
174.05
174.15
174.21
174.24
174.25
174.24
174.23
174.20
174.17
174.12
174.03
173.92
173.79
173.66
173.61
173.66
173.82
174.05
174.32
174.52
174.61
174.59
174.49
174.45
174.51
174.68
174.92
175.20
175.44
175.61
175.70
175.73
175.70
175.65
175.58
175.50
175.41
175.33
175.26
175.19
175.14
175.09
175.05
174.97
174.83
174.64
174.42
174.18
174.01
173.92
173.91
173.96
174.05
174.17
174.29
174.42
174.54
174.65
174.79
174.99
175.23
175.50
175.77
176.02
176.25
176.45
176.62
176.76
176.79
176.70
176.50
176.22
175.93
175.67
175.45
175.27
175.13
175.00
174.87
174.73
174.59
174.46
174.32
174.17
174.00
173.82
173.66
173.48
173.29
173.09
172.89
172.70
172.64
172.72
172.95
173.28
173.65
174.01
174.33
174.59
174.80
174.95
175.01
174.97
174.83
174.64
174.42
174.27
174.21
174.27
174.40
174.58
174.84
175.16
175.53
175.93
176.32
176.55
176.58
176.42
176.12
175.74
175.33
174.92
174.53
174.17
173.94
173.85
173.90
174.05
174.25
174.49
174.74
174.98
175.20
175.40
175.52
175.55
175.49
175.36
175.20
175.05
174.93
174.85
174.80
174.78
174.80
174.87
174.97
175.10
175.24
175.25
175.09
174.76
174.33
173.85
173.55
173.48
173.67
174.04
174.51
174.92
175.21
175.35
175.37
175.32
175.21
175.07
174.91
174.75
174.60
174.54
174.59
174.76
174.99
175.29
175.63
176.00
176.36
176.70
176.98
177.20
177.33
177.41
177.45
177.42
177.34
177.21
177.05
176.89
176.73
176.57
176.44
176.32
176.21
176.03
175.73
175.33
174.86
174.39
174.01
173.75
173.64
173.63
173.70
173.79
173.88
173.95
174.00
174.04
174.17
174.41
174.77
175.20
175.64
176.00
176.24
176.34
176.34
176.27
176.13
175.92
175.68
175.42
175.16
175.02
175.03
175.20
175.46
175.68
175.79
175.78
175.67
175.51
175.26
174.94
174.56
174.15
173.75
173.43
173.21
173.10
173.07
173.10
173.25
173.51
173.88
174.31
174.75
175.10
175.33
175.42
175.40
175.32
175.19
175.03
174.87
174.71
174.56
174.48
174.47
174.55
174.69
174.85
174.97
175.03
175.02
174.96
174.86
174.72
174.54
174.34
174.12
173.91
173.87
174.04
174.43
174.94
175.41
175.77
175.98
176.08
176.09
176.11
176.20
176.35
176.54
176.76
176.95
177.10
177.20
177.26
177.29
177.29
177.28
177.25
177.22
177.19
177.10
176.96
176.75
176.51
176.26
176.05
175.88
175.77
175.71
175.68
175.67
175.69
175.71
175.75
175.79
175.80
175.78
175.72
175.64
175.55
175.43
175.29
175.12
174.94
174.76
174.68
174.70
174.84
175.06
175.31
175.55
175.76
175.92
176.03
176.08
176.08
176.01
175.91
175.80
175.67
175.55
175.43
175.33
175.24
175.11
174.93
174.70
174.45
174.20
174.01
173.91
173.89
173.94
174.03
174.09
174.10
174.05
173.96
173.85
173.77
173.76
173.82
173.92
174.05
174.19
174.34
174.47
174.59
174.70
174.85
175.04
175.28
175.53
175.79
175.93
175.93
175.77
175.51
175.19
174.93
174.77
174.72
174.75
174.76
174.72
174.59
174.42
174.22
174.07
173.99
173.99
174.04
174.13
174.23
174.35
174.47
174.58
174.68
174.84
175.09
175.42
175.79
176.16
176.42
176.52
176.46
176.28
176.04
175.84
175.72
175.70
175.76
175.87
175.95
175.99
175.96
175.89
175.79
175.76
175.82
175.97
176.19
176.44
176.57
176.53
176.32
175.99
175.60
175.24
174.95
174.75
174.62
174.55
174.50
174.45
174.39
174.33
174.35
174.46
174.68
174.96
175.26
175.40
175.35
175.08
174.67
174.19
173.82
173.60
173.58
173.70
173.90
174.23
174.68
175.23
175.81
176.39
176.78
176.93
176.82
176.54
176.16
175.72
175.27
174.83
174.42
174.06
173.78
173.58
173.46
173.41
173.40
173.46
173.57
173.72
173.89
174.07
174.22
174.33
174.39
174.41
174.40
174.40
174.42
174.46
174.52
174.64
174.83
175.07
175.35
175.63
175.87
176.06
176.19
176.27
176.32
176.33
176.32
176.30
176.26
176.23
176.14
175.99
175.77
175.53
175.28
175.09
174.97
174.95
174.99
175.07
175.18
175.30
175.42
175.53
175.64
175.65
175.56
175.36
175.09
174.79
174.59
174.53
174.62
174.81
175.05
175.39
175.79
176.24
176.70
177.15
177.40
177.42
177.20
176.82
176.35
175.90
175.50
175.20
174.98
174.85
174.81
174.84
174.93
175.05
175.13
175.15
175.10
175.01
174.89
174.82
174.80
174.85
174.95
175.07
175.21
175.35
175.48
175.60
175.71
175.74
175.70
175.58
175.41
175.22
175.05
174.91
174.82
174.76
174.74
174.76
174.83
174.94
175.07
175.22
175.36
175.49
175.62
175.72
175.81
175.88
175.94
175.98
176.01
176.03
176.02
175.97
175.88
175.77
175.60
175.37
175.08
174.77
174.45
174.18
173.97
173.82
173.73
173.68
173.66
173.66
173.68
173.72
173.75
173.82
173.92
174.04
174.18
174.32
174.38
174.33
174.17
173.94
173.68
173.43
173.22
173.06
172.95
172.87
172.98
173.30
173.83
174.48
175.17
175.76
176.18
176.41
176.50
176.48
176.44
176.42
176.43
176.47
176.53
176.62
176.75
176.90
177.07
177.23
177.28
177.20
176.97
176.65
176.23
175.73
175.19
174.64
174.11
173.73
173.54
173.53
173.66
173.87
174.22
174.67
175.23
175.81
176.40
176.84
177.10
177.17
177.11
176.95
176.68
176.32
175.89
175.44
174.99
174.70
174.61
174.73
174.98
175.32
175.65
175.93
176.13
176.26
176.34
176.35
176.29
176.19
176.05
175.90
175.77
175.68
175.63
175.62
175.63
175.58
175.44
175.22
174.94
174.65
174.43
174.32
174.34
174.43
174.59
174.77
174.96
175.16
175.33
175.50
175.64
175.75
175.85
175.92
175.95
175.94
175.88
175.79
175.68
175.52
175.29
175.02
174.71
174.41
174.12
173.86
173.63
173.44
173.28
173.20
173.22
173.33
173.49
173.69
173.95
174.27
174.64
175.02
175.40
175.72
175.98
176.15
176.27
176.34
176.32
176.20
176.00
175.76
175.49
175.25
175.06
174.92
174.83
174.88
175.08
175.43
175.87
176.34
176.79
177.18
177.50
177.75
177.94
177.94
177.74
177.35
176.85
176.29
175.80
175.43
175.20
175.08
175.04
175.05
175.06
175.06
175.06
175.06
175.03
174.96
174.87
174.75
174.63
174.62
174.74
175.00
175.34
175.72
176.06
176.32
176.48
176.57
176.60
176.59
176.55
176.50
176.43
176.36
176.16
175.81
175.31
174.73
174.12
173.63
173.31
173.18
173.18
173.25
173.36
173.46
173.57
173.66
173.78
173.91
174.06
174.21
174.36
174.50
174.63
174.73
174.82
174.90
175.01
175.16
175.37
175.60
175.84
175.99
176.03
175.95
175.78
175.58
175.37
175.20
175.06
174.97
174.90
174.78
174.58
174.31
174.00
173.67
173.35
173.05
172.79
172.56
172.37
172.28
172.27
172.36
172.51
172.70
173.00
173.43
173.97
174.57
175.07
175.41
175.57
175.61
175.54
175.44
175.33
175.24
175.16
175.10
175.10
175.18
175.33
175.53
175.74
175.91
176.00
176.01
175.97
175.88
175.70
175.41
175.03
174.60
174.15
173.92
173.93
174.21
174.66
175.21
175.72
176.13
176.41
176.58
176.67
176.70
176.68
176.64
176.57
176.49
176.41
176.33
176.26
176.19
176.14
176.09
176.05
176.02
176.00
175.99
175.95
175.89
175.80
175.69
175.52
175.30
175.02
174.72
174.41
174.18
174.03
173.98
173.99
174.06
174.21
174.44
174.74
175.06
175.40
175.69
175.93
176.09
176.21
176.28
176.20
175.98
175.61
175.16
174.67
174.24
173.90
173.67
173.52
173.45
173.40
173.35
173.30
173.25
173.20
173.29
173.54
173.95
174.45
175.00
175.46
175.80
175.99
176.08
176.08
175.99
175.84
175.64
175.41
175.14
174.86
174.56
174.26
173.99
173.80
173.70
173.71
173.78
173.89
174.03
174.18
174.33
174.47
174.60
174.73
174.88
175.05
175.21
175.37
175.57
175.81
176.10
176.40
176.70
176.95
177.14
177.27
177.34
177.38
177.27
177.03
176.64
176.17
175.68
175.24
174.89
174.65
174.51
174.43
174.54
174.84
175.33
175.92
176.55
177.07
177.43
177.61
177.65
177.59
177.40
177.12
176.76
176.35
176.00
175.72
175.55
175.45
175.40
175.33
175.19
174.98
174.72
174.45
174.21
174.01
173.88
173.79
173.74
173.80
173.97
174.25
174.60
174.97
175.25
175.43
175.48
175.43
175.32
175.20
175.09
175.01
174.95
174.92
175.00
175.22
175.58
176.01
176.47
176.85
177.11
177.24
177.26
177.20
177.13
177.06
177.00
176.96
176.94
176.90
176.84
176.75
176.64
176.48
176.27
175.99
175.69
175.39
175.14
174.94
174.80
174.71
174.67
174.76
175.00
175.38
175.84
176.33
176.66
176.77
176.65
176.37
175.99
175.62
175.30
175.06
174.89
174.78
174.57
174.26
173.80
173.28
172.75
172.33
172.07
171.99
172.05
172.19
172.46
172.86
173.36
173.90
174.45
175.05
175.69
176.38
177.05
177.68
178.13
178.39
178.45
178.36
178.17
177.92
177.64
177.36
177.09
176.87
176.71
176.61
176.56
176.55
176.52
176.44
176.30
176.14
175.97
175.82
175.71
175.65
175.63
175.63
175.60
175.52
175.38
175.21
175.03
174.82
174.59
174.34
174.09
173.86
173.68
173.56
173.50
173.48
173.50
173.53
173.59
173.64
173.70
173.76
173.76
173.69
173.56
173.38
173.18
173.13
173.28
173.64
174.12
174.67
175.15
175.52
175.75
175.87
175.88
175.80
175.65
175.46
175.24
175.08
174.99
174.98
175.03
175.11
175.22
175.33
175.45
175.56
175.67
175.67
175.58
175.37
175.10
174.80
174.60
174.53
174.62
174.81
175.05
175.33
175.62
175.89
176.14
176.36
176.44
176.37
176.14
175.81
175.43
175.11
174.90
174.81
174.81
174.87
174.89
174.85
174.72
174.54
174.33
174.22
174.23
174.39
174.64
174.95
175.19
175.33
175.36
175.31
175.26
175.24
175.26
175.32
175.39
175.42
175.40
175.30
175.17
175.01
174.82
174.60
174.36
174.12
173.90
173.72
173.59
173.52
173.50
173.52
173.68
174.02
174.52
175.11
175.73
176.24
176.58
176.73
176.75
176.66
176.54
176.42
176.31
176.21
176.13
175.99
175.77
175.47
175.13
174.77
174.54
174.45
174.52
174.71
174.96
175.27
175.62
176.00
176.37
176.71
177.02
177.29
177.52
177.71
177.74
177.62
177.35
176.97
176.55
176.17
175.87
175.67
175.54
175.48
175.46
175.48
175.52
175.57
175.63
175.70
175.76
175.81
175.86
175.90
175.91
175.88
175.81
175.72
175.62
175.54
175.50
175.49
175.52
175.56
175.61
175.67
175.73
175.79
175.84
175.85
175.83
175.77
175.69
175.60
175.47
175.32
175.14
174.96
174.77
174.63
174.54
174.50
174.50
174.55
174.65
174.79
174.96
175.13
175.19
175.11
174.89
174.59
174.23
174.02
174.01
174.22
174.56
174.99
175.31
175.48
175.47
175.33
175.11
174.87
174.64
174.44
174.28
174.15
173.98
173.73
173.42
173.07
172.71
172.47
172.39
172.47
172.67
172.92
173.24
173.60
173.98
174.35
174.70
175.05
175.38
175.69
175.99
176.25
176.41
176.48
176.45
176.35
176.24
176.13
176.05
175.99
175.95
175.90
175.82
175.73
175.62
175.52
175.39
175.24
175.06
174.89
174.71
174.61
174.58
174.64
174.75
174.90
175.09
175.31
175.55
175.80
176.04
176.15
176.11
175.92
175.63
175.29
175.00
174.82
174.75
174.77
174.85
174.97
175.11
175.25
175.39
175.52
175.64
175.74
175.83
175.90
175.95
175.88
175.68
175.34
174.93
174.48
174.04
173.61
173.23
172.90
172.64
172.47
172.38
172.35
172.36
172.43
172.55
172.71
172.89
173.08
173.18
173.17
173.05
172.86
172.62
172.50
172.54
172.75
173.07
173.46
173.75
173.92
173.93
173.84
173.68
173.50
173.34
173.20
173.10
173.02
173.02
173.09
173.25
173.45
173.68
173.88
174.04
174.15
174.22
174.26
174.35
174.52
174.77
175.06
175.37
175.57
175.62
175.52
175.31
175.15
175.08
175.14
175.28
175.47
175.52
175.40
175.08
174.63
174.13
173.74
173.52
173.50
173.62
173.83
174.04
174.21
174.32
174.38
174.40
174.42
174.45
174.51
174.57
174.63
174.67
174.68
174.65
174.59
174.52
174.47
174.45
174.46
174.50
174.55
174.59
174.60
174.57
174.52
174.46
174.39
174.32
174.25
174.20
174.14
174.07
173.98
173.86
173.73
173.68
173.73
173.89
174.11
174.37
174.58
174.73
174.79
174.79
174.75
174.74
174.77
174.85
174.97
175.12
175.26
175.40
175.53
175.65
175.75
175.81
175.82
175.78
175.71
175.63
175.59
175.61
175.70
175.83
175.98
176.15
176.31
176.46
176.59
176.71
176.72
176.63
176.42
176.15
175.84
175.53
175.23
174.95
174.71
174.50
174.38
174.35
174.42
174.56
174.73
174.89
175.02
175.11
175.17
175.26
175.38
175.56
175.76
175.96
176.08
176.10
175.99
175.81
175.59
175.38
175.19
175.06
174.95
174.89
174.85
174.82
174.82
174.83
174.84
174.88
174.96
175.07
175.20
175.33
175.43
175.49
175.51
175.49
175.46
175.46
175.52
175.64
175.79
175.97
176.14
176.31
176.47
176.61
176.73
176.74
176.65
176.44
176.16
175.85
175.57
175.32
175.13
174.99
174.87
174.75
174.62
174.50
174.39
174.32
174.29
174.31
174.36
174.43
174.51
174.59
174.67
174.74
174.81
174.89
174.99
175.12
175.26
175.39
175.49
175.55
175.56
175.54
175.49
175.38
175.20
174.96
174.69
174.40
174.05
173.63
173.14
172.62
172.12
171.80
171.67
171.76
171.99
172.32
172.69
173.08
173.45
173.79
174.10
174.31
174.41
174.41
174.33
174.20
174.21
174.39
174.77
175.25
175.72
176.10
176.36
176.52
176.61
176.64
176.62
176.58
176.52
176.45
176.40
176.39
176.41
176.46
176.52
176.54
176.49
176.38
176.23
176.06
175.85
175.63
175.38
175.13
174.90
174.71
174.59
174.52
174.50
174.51
174.68
175.01
175.51
176.11
176.73
177.26
177.66
177.90
178.02
178.06
178.05
178.03
178.01
178.00
177.99
177.90
177.73
177.46
177.14
176.91
176.81
176.85
177.00
177.21
177.34
177.36
177.25
177.06
176.81
176.54
176.27
176.01
175.77
175.57
175.37
175.16
174.96
174.77
174.59
174.44
174.30
174.19
174.11
174.04
174.02
174.04
174.11
174.21
174.31
174.48
174.71
174.99
175.29
175.59
175.80
175.89
175.85
175.73
175.55
175.34
175.12
174.91
174.71
174.53
174.41
174.34
174.32
174.35
174.40
174.42
174.38
174.28
174.14
174.09
174.16
174.36
174.64
174.96
175.19
175.28
175.23
175.07
174.85
174.60
174.33
174.08
173.84
173.63
173.48
173.38
173.35
173.36
173.40
173.52
173.70
173.96
174.24
174.54
174.85
175.17
175.49
175.80
176.08
176.27
176.36
176.35
176.28
176.15
176.03
175.93
175.87
175.83
175.81
175.78
175.73
175.66
175.57
175.48
175.50
175.64
175.92
176.29
176.66
177.00
177.30
177.54
177.74
177.76
177.58
177.21
176.73
176.19
175.65
175.12
174.64
174.21
173.85
173.63
173.56
173.65
173.83
174.08
174.32
174.55
174.73
174.87
174.97
175.05
175.10
175.13
175.14
175.15
175.01
174.71
174.25
173.70
173.11
172.67
172.42
172.38
172.49
172.71
173.01
173.36
173.75
174.15
174.52
174.89
175.25
175.59
175.91
176.19
176.40
176.54
176.61
176.63
176.63
176.64
176.67
176.70
176.75
176.76
176.74
176.69
176.62
176.54
176.34
176.03
175.59
175.09
174.58
174.16
173.87
173.73
173.70
173.75
173.95
174.32
174.82
175.40
175.99
176.49
176.85
177.06
177.15
177.15
177.04
176.82
176.52
176.18
175.82
175.52
175.31
175.20
175.17
175.19
175.27
175.41
175.59
175.80
176.00
176.07
175.96
175.68
175.28
174.99
174.86
174.94
175.16
175.47
175.76
176.01
176.18
176.29
176.36
176.35
176.29
176.18
176.04
175.89
175.73
175.58
175.45
175.33
175.23
175.09
174.91
174.68
174.43
174.18
174.10
174.23
174.57
175.05
175.59
176.02
176.29
176.35
176.26
176.08
175.85
175.58
175.31
175.05
174.81
174.66
174.59
174.62
174.72
174.85
175.01
175.17
175.33
175.47
175.61
175.80
176.06
176.41
176.79
177.09
177.29
177.35
177.33
177.24
177.11
176.96
176.81
176.65
176.51
176.36
176.19
176.01
175.83
175.66
175.53
175.45
175.43
175.44
175.48
175.51
175.51
175.49
175.45
175.39
175.36
175.36
175.39
175.45
175.52
175.62
175.75
175.91
176.08
176.24
176.40
176.55
176.67
176.78
176.86
176.87
176.81
176.67
176.48
176.27
176.00
175.68
175.31
174.93
174.56
174.16
173.74
173.30
172.87
172.63
172.61
172.83
173.21
173.68
174.11
174.44
174.65
174.76
174.80
174.76
174.65
174.48
174.29
174.08
174.07
174.28
174.73
175.33
176.00
176.47
176.67
176.56
176.24
175.79
175.32
174.90
174.55
174.28
174.08
173.93
173.83
173.77
173.74
173.73
173.79
173.93
174.13
174.38
174.64
174.89
175.13
175.34
175.52
175.68
175.78
175.82
175.80
175.75
175.65
175.50
175.31
175.12
174.92
174.76
174.64
174.58
174.56
174.57
174.68
174.89
175.21
175.58
175.97
176.24
176.37
176.33
176.18
175.96
175.70
175.42
175.16
174.91
174.68
174.54
174.50
174.54
174.66
174.81
174.97
175.15
175.31
175.47
175.60
175.75
175.90
176.07
176.23
176.39
176.40
176.24
175.90
175.45
174.96
174.50
174.13
173.86
173.68
173.57
173.47
173.34
173.18
173.00
172.88
172.83
172.85
172.93
173.04
173.20
173.39
173.61
173.84
174.07
174.35
174.71
175.13
175.58
176.03
176.26
176.23
175.93
175.46
174.89
174.31
173.77
173.29
172.89
172.56
172.41
172.44
172.65
172.98
173.37
173.76
174.11
174.40
174.64
174.83
175.05
175.32
175.65
176.01
176.37
176.73
177.10
177.45
177.79
178.08
178.21
178.14
177.87
177.47
176.95
176.35
175.70
175.04
174.42
173.96
173.70
173.63
173.72
173.90
174.05
174.15
174.15
174.09
174.00
174.01
174.16
174.47
174.88
175.33
175.71
175.98
176.12
176.15
176.12
175.98
175.75
175.44
175.09
174.74
174.42
174.17
173.98
173.85
173.76
173.69
173.62
173.53
173.44
173.36
173.33
173.38
173.49
173.66
173.84
173.98
174.05
174.05
173.99
173.89
173.80
173.74
173.71
173.70
173.77
173.91
174.11
174.36
174.62
174.93
175.29
175.68
176.08
176.46
176.79
177.04
177.21
177.32
177.38
177.41
177.40
177.37
177.34
177.29
177.22
177.11
176.98
176.84
176.69
176.58
176.51
176.49
176.50
176.53
176.55
176.55
176.52
176.48
176.42
176.30
176.12
175.88
175.61
175.34
175.02
174.67
174.27
173.88
173.50
173.21
173.02
172.94
172.94
173.08
173.34
173.72
174.17
174.63
175.03
175.33
175.52
175.63
175.68
175.70
175.71
175.74
175.77
175.81
175.79
175.71
175.56
175.37
175.17
174.96
174.77
174.59
174.43
174.30
174.24
174.27
174.38
174.55
174.74
175.00
175.31
175.67
176.05
176.42
176.71
176.90
176.99
177.00
176.95
176.92
176.93
176.99
177.09
177.21
177.25
177.20
177.05
176.84
176.59
176.27
175.90
175.49
175.07
174.80
174.71
174.82
175.07
175.41
175.64
175.74
175.65
175.45
175.18
174.90
174.65
174.43
174.26
174.12
174.05
174.03
174.07
174.15
174.25
174.31
174.31
174.23
174.12
173.98
173.85
173.76
173.71
173.69
173.69
173.73
173.82
173.94
174.08
174.23
174.46
174.77
175.15
175.58
176.01
176.41
176.78
177.10
177.38
177.60
177.76
177.84
177.85
177.81
177.69
177.49
177.21
176.90
176.58
176.27
175.99
175.74
175.52
175.34
175.17
175.00
174.83
174.67
174.51
174.51
174.69
175.04
175.50
176.01
176.47
176.85
177.12
177.31
177.42
177.53
177.66
177.82
178.00
178.18
178.26
178.25
178.11
177.91
177.66
177.42
177.22
177.07
176.96
176.89
176.73
176.48
176.11
175.69
175.25
174.85
174.51
174.25
174.05
173.90
173.86
173.92
174.07
174.28
174.60
175.02
175.53
176.07
176.60
176.94
177.05
176.92
176.61
176.20
175.80
175.44
175.17
174.97
174.84
174.75
174.70
174.68
174.69
174.71
174.79
174.94
175.15
175.40
175.66
175.92
176.15
176.36
176.54
176.70
176.74
176.66
176.47
176.20
175.89
175.55
175.19
174.81
174.46
174.13
173.92
173.84
173.91
174.06
174.27
174.49
174.68
174.83
174.94
175.03
175.09
175.12
175.14
175.14
175.14
175.13
175.12
175.10
175.08
175.07
175.05
175.04
175.03
175.02
175.04
175.09
175.17
175.28
175.39
175.53
175.69
175.87
176.06
176.24
176.38
176.48
176.52
176.52
176.49
176.36
176.13
175.81
175.43
175.03
174.67
174.37
174.14
173.97
173.85
173.83
173.91
174.07
174.29
174.53
174.78
175.02
175.24
175.44
175.60
175.74
175.85
175.94
176.00
176.07
176.16
176.26
176.38
176.49
176.54
176.52
176.43
176.29
176.12
175.97
175.85
175.77
175.73
175.72
175.70
175.66
175.60
175.52
175.44
175.39
175.37
175.39
175.44
175.50
175.62
175.81
176.06
176.34
176.62
176.73
176.64
176.33
175.87
175.35
174.89
174.52
174.30
174.18
174.13
174.15
174.21
174.29
174.39
174.49
174.56
174.59
174.58
174.55
174.49
174.45
174.44
174.46
174.51
174.57
174.63
174.69
174.75
174.81
174.86
174.90
174.94
174.96
174.99
174.98
174.93
174.85
174.74
174.63
174.49
174.33
174.14
173.95
173.77
173.62
173.53
173.49
173.49
173.51
173.58
173.70
173.85
174.01
174.18
174.34
174.49
174.62
174.73
174.83
174.90
174.96
175.00
175.03
175.05
175.11
175.23
175.41
175.62
175.84
176.03
176.18
176.27
176.32
176.26
176.08
175.79
175.44
175.06
174.77
174.59
174.54
174.58
174.68
174.78
174.82
174.82
174.76
174.69
174.65
174.67
174.76
174.88
175.03
175.11
175.09
174.96
174.77
174.54
174.22
173.80
173.31
172.79
172.28
172.03
172.12
172.54
173.19
173.95
174.78
175.63
176.45
177.22
177.91
178.34
178.50
178.36
178.04
177.59
177.14
176.74
176.42
176.17
175.98
175.94
176.03
176.25
176.55
176.74
176.74
176.55
176.22
175.82
175.53
175.38
175.42
175.59
175.83
175.96
175.92
175.68
175.31
174.88
174.48
174.14
173.90
173.74
173.63
173.58
173.57
173.58
173.61
173.66
173.76
173.92
174.15
174.41
174.67
174.88
175.00
175.03
175.00
174.92
174.90
174.96
175.11
175.31
175.55
175.68
175.69
175.55
175.31
175.02
174.77
174.57
174.46
174.41
174.43
174.52
174.66
174.83
175.01
175.19
175.36
175.51
175.65
175.76
175.85
175.92
175.98
176.02
176.04
176.06
176.07
176.07
176.07
176.06
175.98
175.80
175.52
175.19
174.85
174.61
174.52
174.59
174.77
175.01
175.21
175.32
175.33
175.26
175.15
175.12
175.19
175.40
175.68
176.00
176.28
176.49
176.61
176.66
176.66
176.62
176.57
176.50
176.42
176.34
176.22
176.04
175.80
175.54
175.36
175.28
175.31
175.43
175.59
175.73
175.81
175.83
175.79
175.73
175.59
175.38
175.11
174.80
174.49
174.22
174.01
173.86
173.76
173.70
173.65
173.60
173.53
173.45
173.37
173.27
173.14
172.99
172.83
172.68
172.64
172.74
172.98
173.32
173.69
174.00
174.20
174.28
174.26
174.19
174.18
174.27
174.47
174.76
175.07
175.37
175.63
175.83
175.98
176.08
176.15
176.19
176.21
176.21
176.26
176.35
176.51
176.70
176.90
176.97
176.87
176.59
176.21
175.77
175.34
174.95
174.63
174.37
174.17
173.99
173.83
173.67
173.52
173.39
173.36
173.44
173.63
173.89
174.19
174.49
174.78
175.05
175.30
175.50
175.70
175.89
176.09
176.28
176.44
176.54
176.55
176.47
176.34
176.18
176.00
175.82
175.65
175.50
175.37
175.23
175.08
174.91
174.75
174.68
174.71
174.85
175.07
175.32
175.54
175.69
175.75
175.76
175.73
175.69
175.67
175.67
175.69
175.72
175.70
175.62
175.48
175.31
175.11
174.97
174.90
174.91
174.97
175.07
175.09
174.98
174.75
174.44
174.10
173.77
173.48
173.26
173.09
172.96
172.96
173.07
173.31
173.63
173.97
174.27
174.49
174.62
174.67
174.68
174.67
174.67
174.69
174.72
174.78
174.87
175.00
175.14
175.29
175.43
175.56
175.67
175.77
175.85
175.83
175.71
175.48
175.19
174.86
174.59
174.40
174.29
174.25
174.27
174.37
174.56
174.82
175.12
175.43
175.73
176.01
176.26
176.47
176.65
176.71
176.65
176.47
176.21
175.91
175.62
175.37
175.18
175.04
174.93
174.76
174.49
174.11
173.68
173.24
172.97
172.91
173.09
173.43
173.85
174.24
174.54
174.72
174.81
174.85
174.88
174.90
174.93
174.95
174.91
174.81
174.64
174.44
174.22
174.08
174.04
174.12
174.28
174.48
174.73
175.01
175.32
175.62
175.91
175.98
175.80
175.37
174.78
174.11
173.53
173.09
172.84
172.72
172.70
172.71
172.70
172.66
172.59
172.52
172.60
172.86
173.32
173.89
174.51
175.05
175.47
175.74
175.88
175.94
175.85
175.62
175.27
174.84
174.34
173.78
173.19
172.61
172.06
171.77
171.80
172.15
172.71
173.39
174.03
174.57
174.97
175.25
175.44
175.62
175.84
176.11
176.40
176.69
176.90
177.04
177.07
177.04
176.96
176.78
176.49
176.09
175.65
175.21
174.75
174.29
173.85
173.44
173.08
172.79
172.59
172.47
172.41
172.41
172.46
172.57
172.72
172.89
173.07
173.30
173.58
173.91
174.25
174.58
174.86
175.08
175.23
175.32
175.34
175.30
175.20
175.06
174.91
174.78
174.69
174.65
174.63
174.64
174.53
174.28
173.88
173.39
172.86
172.45
172.19
172.10
172.14
172.27
172.43
172.58
172.71
172.82
172.90
172.99
173.10
173.22
173.34
173.47
173.64
173.86
174.12
174.41
174.70
174.81
174.71
174.39
173.93
173.39
172.92
172.55
172.32
172.19
172.14
172.16
172.21
172.29
172.39
172.59
172.92
173.36
173.87
174.39
174.90
175.37
175.78
176.14
176.43
176.62
176.69
176.64
176.53
176.36
176.12
175.81
175.45
175.06
174.68
174.40
174.25
174.24
174.33
174.48
174.66
174.87
175.07
175.26
175.43
175.56
175.63
175.65
175.62
175.57
175.43
175.18
174.84
174.45
174.04
173.78
173.71
173.83
174.08
174.42
174.76
175.09
175.36
175.59
175.77
175.85
175.84
175.73
175.57
175.39
175.24
175.11
175.02
174.96
174.97
175.05
175.22
175.43
175.66
175.85
175.95
175.98
175.94
175.87
175.77
175.66
175.55
175.44
175.34
175.22
175.09
174.94
174.79
174.63
174.49
174.37
174.26
174.17
174.10
174.07
174.09
174.15
174.24
174.34
174.47
174.63
174.82
175.01
175.20
175.35
175.45
175.49
175.50
175.48
175.43
175.38
175.32
175.27
175.32
175.50
175.81
176.20
176.63
177.05
177.45
177.81
178.13
178.40
178.54
178.54
178.41
178.19
177.92
177.59
177.24
176.88
176.52
176.19
175.87
175.56
175.25
174.98
174.73
174.57
174.51
174.54
174.65
174.79
174.98
175.21
175.47
175.73
175.98
176.24
176.50
176.76
177.01
177.24
177.34
177.28
177.06
176.74
176.38
176.02
175.70
175.44
175.23
175.08
174.94
174.80
174.66
174.53
174.44
174.39
174.39
174.42
174.47
174.54
174.61
174.68
174.74
174.80
174.75
174.57
174.25
173.85
173.42
173.09
172.91
172.90
173.00
173.18
173.46
173.81
174.23
174.67
175.11
175.51
175.88
176.19
176.46
176.67
176.78
176.80
176.71
176.55
176.36
176.13
175.87
175.58
175.30
175.03
174.76
174.49
174.22
173.97
173.74
173.64
173.71
173.92
174.24
174.53
174.75
174.86
174.89
174.86
174.80
174.71
174.61
174.51
174.41
174.37
174.41
174.52
174.67
174.85
175.12
175.47
175.91
176.38
176.85
177.22
177.45
177.53
177.51
177.41
177.16
176.76
176.23
175.63
175.02
174.50
174.13
173.92
173.83
173.82
173.88
173.99
174.11
174.25
174.38
174.54
174.71
174.90
175.09
175.28
175.44
175.59
175.71
175.82
175.90
175.88
175.76
175.52
175.22
174.84
174.39
173.90
173.40
172.92
172.59
172.43
172.46
172.61
172.85
173.16
173.51
173.89
174.27
174.63
174.85
174.90
174.78
174.55
174.25
174.01
173.84
173.79
173.82
173.90
173.99
174.07
174.12
174.15
174.16
174.29
174.57
175.00
175.52
176.07
176.50
176.78
176.88
176.85
176.73
176.63
176.60
176.65
176.75
176.90
177.03
177.13
177.20
177.23
177.25
177.11
176.81
176.34
175.78
175.23
174.76
174.39
174.11
173.91
173.77
173.69
173.64
173.63
173.65
173.67
173.71
173.75
173.79
173.83
173.95
174.16
174.45
174.80
175.15
175.37
175.41
175.25
174.97
174.61
174.25
173.92
173.63
173.40
173.22
173.21
173.39
173.77
174.26
174.80
175.30
175.71
176.02
176.23
176.37
176.42
176.39
176.30
176.16
176.00
175.79
175.51
175.19
174.84
174.58
174.43
174.41
174.49
174.62
174.76
174.88
174.97
175.04
175.08
175.06
174.96