326.20
327.07
328.00
328.92
329.78
330.56
331.23
331.80
332.26
332.52
332.56
332.40
332.11
331.82
331.58
331.44
331.37
331.36
331.14
330.67
329.94
329.05
328.10
327.25
326.54
326.02
325.65
325.41
325.35
325.47
325.74
326.10
326.51
326.85
327.08
327.19
327.20
327.14
327.26
327.59
328.16
328.88
329.65
330.08
330.07
329.58
328.77
327.79
326.88
326.12
325.59
325.23
325.03
324.91
324.84
324.80
324.79
324.79
324.83
324.90
325.01
325.15
325.28
325.55
325.96
326.52
327.15
327.80
328.37
328.83
329.16
329.39
329.58
329.76
329.95
330.15
330.33
330.38
330.29
330.05
329.72
329.35
328.96
328.58
328.23
327.92
327.65
327.38
327.08
326.77
326.45
326.15
325.93
325.81
325.79
325.84
325.93
326.22
326.70
327.38
328.15
328.95
329.46
329.61
329.36
328.84
328.17
327.53
327.00
326.62
326.38
326.25
326.19
326.20
326.24
326.32
326.40
326.42
326.34
326.16
325.91
325.64
325.55
325.68
326.06
326.59
327.20
327.56
327.59
327.27
326.70
326.06
325.41
324.83
324.33
323.90
323.61
323.45
323.43
323.49
323.62
323.70
323.71
323.62
323.47
323.29
323.31
323.57
324.10
324.78
325.54
326.26
326.88
327.38
327.76
328.04
328.18
328.19
328.08
327.89
327.66
327.40
327.15
326.91
326.70
326.51
326.40
326.39
326.46
326.60
326.77
326.98
327.22
327.49
327.75
328.01
328.08
327.94
327.57
327.07
326.51
325.97
325.52
325.18
324.93
324.76
324.65
324.59
324.57
324.58
324.61
324.65
324.70
324.75
324.80
324.92
325.13
325.44
325.78
326.15
326.61
327.16
327.81
328.49
329.15
329.66
329.99
330.11
330.08
329.95
329.78
329.60
329.45
329.32
329.21
328.99
328.63
328.14
327.57
326.98
326.54
326.30
326.27
326.40
326.63
326.81
326.89
326.85
326.72
326.54
326.43
326.45
326.59
326.82
327.10
327.23
327.18
326.92
326.53
326.07
325.69
325.44
325.34
325.37
325.47
325.79
326.31
327.04
327.87
328.56
329.04
329.27
329.31
329.22
329.11
329.04
329.05
329.10
329.19
329.21
329.15
328.99
328.77
328.53
328.35
328.28
328.32
328.44
328.60
328.71
328.74
328.66
328.52
328.34
328.20
328.11
328.10
328.14
328.21
328.31
328.41
328.51
328.61
328.70
328.65
328.43
328.04
327.55
327.01
326.51
326.06
325.69
325.39
325.16
324.99
324.87
324.80
324.75
324.74
324.87
325.18
325.65
326.21
326.80
327.21
327.36
327.23
326.91
326.56
326.25
326.01
325.85
325.74
325.79
325.99
326.35
326.79
327.28
327.63
327.80
327.77
327.60
327.35
327.04
326.72
326.40
326.10
325.83
325.68
325.66
325.77
325.96
326.21
326.45
326.66
326.83
326.96
327.05
327.08
327.06
326.99
326.89
326.77
326.59
326.35
326.06
325.75
325.43
325.32
325.46
325.85
326.39
327.03
327.49
327.73
327.69
327.47
327.13
326.78
326.46
326.22
326.03
325.90
325.84
325.85
325.91
326.02
326.25
326.62
327.10
327.65
328.22
328.63
328.84
328.84
328.69
328.44
328.16
327.89
327.65
327.45
327.28
327.15
327.05
326.98
326.93
326.90
327.02
327.30
327.75
328.29
328.87
329.22
329.30
329.08
328.65
328.09
327.57
327.13
326.82
326.61
326.48
326.42
326.41
326.43
326.48
326.54
326.53
326.42
326.22
325.96
325.67
325.35
325.02
324.68
324.35
324.04
323.83
323.71
323.70
323.76
323.87
324.09
324.41
324.83
325.29
325.81
326.37
326.96
327.54
328.07
328.33
328.29
327.92
327.34
326.66
326.01
325.45
325.04
324.76
324.57
324.62
324.91
325.44
326.12
326.85
327.47
327.94
328.22
328.35
328.37
328.25
328.03
327.71
327.34
326.95
326.71
326.65
326.79
327.06
327.40
327.70
327.92
328.02
328.03
327.99
327.91
327.80
327.68
327.56
327.45
327.21
326.83
326.31
325.71
325.10
324.53
324.03
323.63
323.31
323.08
323.09
323.38
323.93
324.65
325.35
325.98
326.47
326.84
327.11
327.53
328.16
329.02
330.00
331.00
331.76
332.20
332.28
332.11
331.77
331.33
330.84
330.35
329.88
329.45
329.04
328.66
328.31
327.99
327.71
327.67
327.88
328.36
328.99
329.71
330.22
330.46
330.40
330.11
329.69
329.18
328.60
328.01
327.43
326.90
326.50
326.27
326.19
326.24
326.36
326.59
326.91
327.29
327.71
328.12
328.46
328.70
328.83
328.87
328.86
328.99
329.31
329.84
330.48
330.91
331.03
330.79
330.31
329.69
328.98
328.23
327.48
326.76
326.12
325.55
325.07
324.68
324.36
324.13
324.09
324.25
324.62
325.12
325.67
326.18
326.61
326.94
327.16
327.32
327.41
327.45
327.45
327.43
327.39
327.19
326.79
326.20
325.51
324.79
324.29
324.09
324.21
324.55
325.03
325.49
325.89
326.17
326.36
326.47
326.44
326.28
325.99
325.63
325.24
324.89
324.63
324.47
324.38
324.36
324.37
324.41
324.48
324.55
324.46
324.19
323.72
323.14
322.51
322.18
322.22
322.66
323.36
324.21
324.87
325.25
325.29
325.08
324.72
324.32
323.95
323.63
323.38
323.18
323.01
322.84
322.68
322.53
322.40
322.42
322.61
322.98
323.45
323.98
324.77
325.85
327.20
328.67
330.14
331.25
331.89
332.03
331.80
331.33
330.80
330.29
329.86
329.52
329.25
328.96
328.65
328.29
327.91
327.54
327.28
327.15
327.16
327.27
327.43
327.66
327.93
328.23
328.53
328.64
328.50
328.12
327.57
326.94
326.37
325.92
325.60
325.40
325.29
325.36
325.60
326.00
326.50
327.04
327.46
327.74
327.84
327.81
327.69
327.47
327.15
326.76
326.34
325.92
325.79
326.00
326.58
327.38
328.30
328.95
329.24
329.10
328.68
328.09
327.56
327.18
327.02
327.01
327.11
327.22
327.32
327.37
327.39
327.38
327.46
327.65
327.96
328.35
328.75
329.24
329.80
330.41
331.03
331.63
331.90
331.81
331.33
330.59
329.92
329.41
329.13
329.04
329.08
329.16
329.23
329.27
329.28
329.28
329.28
329.31
329.37
329.45
329.53
329.64
329.77
329.93
330.10
330.27
330.43
330.57
330.69
330.79
330.87
330.80
330.56
330.15
329.64
329.09
328.49
327.85
327.20
326.57
325.99
325.69
325.71
326.07
326.63
327.31
327.99
328.59
329.09
329.49
329.80
330.03
330.18
330.28
330.34
330.36
330.25
330.00
329.61
329.14
328.64
328.02
327.28
326.42
325.53
324.85
324.45
324.36
324.49
324.77
325.16
325.63
326.14
326.65
327.13
327.62
328.12
328.62
329.10
329.54
329.66
329.41
328.79
327.94
326.97
326.24
325.85
325.85
326.12
326.58
326.95
327.14
327.11
326.92
326.63
326.37
326.18
326.09
326.07
326.11
326.16
326.20
326.22
326.22
326.21
326.43
326.92
327.70
328.63
329.63
330.45
331.03
331.33
331.42
331.35
331.09
330.68
330.14
329.54
328.94
328.25
327.48
326.65
325.82
325.14
324.66
324.39
324.29
324.31
324.50
324.83
325.28
325.80
326.33
326.82
327.24
327.58
327.83
328.02
328.15
328.24
328.28
328.30
328.30
328.38
328.59
328.91
329.30
329.72
330.03
330.19
330.19
330.07
329.87
329.56
329.13
328.61
328.06
327.50
327.01
326.59
326.27
326.03
325.86
325.72
325.60
325.48
325.37
325.28
325.17
325.04
324.90
324.75
324.61
324.55
324.61
324.77
325.01
325.28
325.53
325.75
325.92
326.04
326.07
326.00
325.85
325.65
325.41
325.26
325.20
325.25
325.39
325.57
325.90
326.40
327.04
327.76
328.49
329.13
329.66
330.05
330.31
330.49
330.53
330.45
330.26
330.01
329.72
329.38
328.98
328.55
328.11
327.68
327.27
326.87
326.49
326.15
325.85
325.72
325.80
326.07
326.48
326.95
327.31
327.50
327.51
327.38
327.16
326.91
326.68
326.48
326.32
326.19
326.24
326.51
326.99
327.60
328.25
328.60
328.54
328.04
327.26
326.33
325.41
324.61
323.95
323.44
323.17
323.13
323.31
323.63
324.04
324.67
325.51
326.56
327.69
328.82
329.78
330.52
331.01
331.30
331.44
331.43
331.30
331.09
330.83
330.55
330.25
329.93
329.60
329.28
328.99
328.77
328.60
328.51
328.47
328.47
328.56
328.72
328.95
329.23
329.51
329.82
330.14
330.46
330.77
331.05
331.25
331.34
331.34
331.26
331.14
331.05
331.01
331.04
331.11
331.20
331.20
331.09
330.84
330.52
330.16
329.89
329.77
329.80
329.94
330.10
330.23
330.30
330.34
330.35
330.18
329.81
329.24
328.56
327.84
327.24
326.80
326.56
326.47
326.48
326.55
326.64
326.71
326.78
326.84
326.92
327.02
327.14
327.27
327.40
327.39
327.22
326.87
326.42
325.92
325.58
325.44
325.53
325.78
326.13
326.52
326.94
327.33
327.70
328.03
328.39
328.80
329.25
329.72
330.17
330.37
330.27
329.87
329.28
328.58
327.95
327.46
327.14
326.97
326.90
326.89
326.89
326.91
326.92
326.93
326.95
326.96
326.97
326.98
327.07
327.24
327.52
327.84
328.18
328.47
328.67
328.77
328.80
328.78
328.65
328.40
328.04
327.63
327.20
326.78
326.39
326.04
325.75
325.50
325.32
325.22
325.19
325.22
325.28
325.25
325.11
324.85
324.51
324.14
323.92
323.91
324.12
324.48
324.91
325.28
325.52
325.61
325.58
325.48
325.41
325.40
325.49
325.63
325.80
326.06
326.42
326.86
327.33
327.81
328.15
328.33
328.33
328.21
328.06
327.92
327.83
327.78
327.75
327.74
327.75
327.77
327.80
327.83
327.67
327.30
326.70
325.98
325.20
324.73
324.64
324.97
325.58
326.35
327.05
327.61
327.97
328.17
328.25
328.32
328.42
328.57
328.75
328.95
329.33
329.91
330.70
331.59
332.50
333.11
333.35
333.17
332.72
332.10
331.47
330.91
330.47
330.14
329.90
329.81
329.88
330.10
330.41
330.76
331.00
331.07
330.95
330.71
330.40
330.08
329.79
329.54
329.33
329.17
329.05
328.96
328.90
328.87
328.85
328.84
328.85
328.86
328.88
328.95
329.08
329.27
329.50
329.74
329.98
330.20
330.40
330.57
330.71
330.74
330.66
330.46
330.19
329.88
329.54
329.18
328.81
328.45
328.12
327.75
327.33
326.86
326.38
325.91
325.59
325.44
325.47
325.63
325.86
325.98
325.94
325.69
325.32
324.89
324.69
324.82
325.29
325.97
326.78
327.59
328.36
329.04
329.62
330.10
330.38
330.45
330.31
330.04
329.87
329.88
330.11
330.48
330.92
331.21
331.28
331.10
330.76
330.32
329.88
329.51
329.21
329.00
328.85
328.75
328.69
328.67
328.67
328.69
328.67
328.59
328.45
328.27
328.08
327.81
327.46
327.02
326.56
326.10
325.77
325.60
325.61
325.75
325.97
326.17
326.33
326.43
326.47
326.48
326.59
326.84
327.23
327.71
328.22
328.70
329.12
329.46
329.73
329.93
330.05
330.09
330.06
329.98
329.88
329.65
329.29
328.81
328.27
327.75
327.27
326.87
326.54
326.28
326.22
326.37
326.71
327.19
327.72
328.19
328.55
328.78
328.89
328.92
329.11
329.50
330.12
330.87
331.67
332.39
332.96
333.36
333.62
333.77
333.76
333.59
333.28
332.88
332.45
332.02
331.61
331.23
330.91
330.63
330.29
329.88
329.39
328.86
328.33
327.79
327.23
326.67
326.13
325.64
325.37
325.35
325.58
325.98
326.47
326.95
327.38
327.70
327.95
328.12
328.11
327.89
327.47
326.94
326.44
326.03
325.73
325.54
325.43
325.36
325.30
325.25
325.19
325.15
325.24
325.49
325.91
326.42
326.97
327.41
327.70
327.81
327.79
327.68
327.57
327.48
327.45
327.46
327.50
327.47
327.35
327.15
326.89
326.61
326.38
326.22
326.16
326.16
326.20
326.27
326.36
326.46
326.56
326.65
326.84
327.14
327.56
328.04
328.53
329.09
329.70
330.36
331.02
331.64
331.90
331.76
331.19
330.36
329.38
328.43
327.60
326.93
326.41
326.13
326.09
326.27
326.59
327.00
327.42
327.82
328.15
328.44
328.67
328.84
328.98
329.07
329.13
329.17
329.08
328.85
328.49
328.04
327.57
327.08
326.58
326.09
325.64
325.23
324.91
324.67
324.53
324.45
324.42
324.57
324.90
325.40
326.00
326.63
327.06
327.25
327.15
326.86
326.45
326.05
325.74
325.53
325.41
325.35
325.38
325.47
325.61
325.79
325.98
326.11
326.17
326.15
326.07
325.96
325.84
325.70
325.57
325.45
325.28
325.07
324.81
324.54
324.26
324.03
323.85
323.73
323.66
323.63
323.79
324.15
324.72
325.40
326.12
326.81
327.42
327.93
328.35
328.68
328.87
328.93
328.87
328.73
328.54
328.37
328.27
328.23
328.25
328.30
328.48
328.79
329.24
329.75
330.28
330.51
330.36
329.81
329.00
328.07
327.27
326.71
326.44
326.39
326.50
326.59
326.63
326.57
326.44
326.28
326.15
326.07
326.07
326.12
326.20
326.33
326.49
326.69
326.89
326.97
326.87
326.60
326.21
325.77
325.47
325.37
325.50
325.77
326.14
326.57
327.05
327.54
328.01
328.45
328.71
328.76
328.59
328.28
327.89
327.68
327.70
328.00
328.48
329.06
329.30
329.11
328.43
327.45
326.31
325.42
324.89
324.79
325.00
325.42
325.85
326.21
326.45
326.60
326.67
326.89
327.33
327.99
328.77
329.60
330.25
330.67
330.82
330.78
330.60
330.36
330.11
329.87
329.66
329.47
329.16
328.69
328.06
327.34
326.82
326.58
326.64
326.92
327.33
327.71
327.99
328.13
328.17
328.14
328.24
328.53
329.02
329.63
330.29
330.87
331.33
331.63
331.81
331.89
331.82
331.60
331.26
330.85
330.41
330.02
329.72
329.53
329.42
329.37
329.13
328.65
327.90
327.01
326.06
325.32
324.84
324.68
324.74
324.96
325.20
325.39
325.51
325.56
325.57
325.62
325.75
325.96
326.21
326.49
326.65
326.68
326.56
326.33
326.05
325.96
326.11
326.53
327.12
327.58
327.81
327.78
327.55
327.20
326.86
326.59
326.43
326.34
326.32
326.47
326.81
327.32
327.93
328.57
329.07
329.38
329.47
329.40
329.22
329.06
328.96
328.94
328.98
329.07
329.07
328.96
328.73
328.42
328.07
327.66
327.21
326.72
326.23
325.77
325.43
325.24
325.20
325.26
325.40
325.56
325.71
325.83
325.92
325.99
326.04
326.07
326.09
326.10
326.10
326.04
325.92
325.73
325.50
325.27
325.14
325.15
325.31
325.56
325.85
326.12
326.36
326.56
326.72
326.88
327.04
327.20
327.35
327.50
327.68
327.90
328.17
328.46
328.74
328.90
328.91
328.76
328.51
328.20
327.92
327.70
327.56
327.49
327.46
327.39
327.26
327.04
326.78
326.50
326.26
326.06
325.91
325.82
325.76
325.68
325.56
325.39
325.20
325.00
324.97
325.13
325.51
326.02
326.58
327.11
327.55
327.88
328.13
328.29
328.41
328.52
328.62
328.71
328.79
328.91
329.08
329.30
329.54
329.69
329.70
329.56
329.33
329.04
328.65
328.17
327.61
327.02
326.45
326.05
325.86
325.90
326.09
326.38
326.53
326.49
326.23
325.81
325.32
324.82
324.36
323.97
323.64
323.38
323.44
323.86
324.64
325.64
326.73
327.86
328.96
330.00
330.95
331.77
332.34
332.62
332.63
332.44
332.12
331.70
331.23
330.72
330.22
329.75
329.38
329.13
329.00
328.96
328.99
328.96
328.83
328.59
328.28
327.95
327.79
327.87
328.20
328.68
329.28
329.94
330.62
331.28
331.88
332.34
332.63
332.74
332.73
332.63
332.47
332.28
332.08
331.88
331.70
331.42
331.05
330.57
330.04
329.51
329.03
328.62
328.31
328.07
327.90
327.70
327.46
327.16
326.84
326.51
326.28
326.17
326.19
326.30
326.47
326.62
326.72
326.74
326.73
326.67
326.89
327.44
328.34
329.43
330.60
331.38
331.67
331.41
330.78
329.92
329.06
328.29
327.68
327.22
326.88
326.60
326.34
326.09
325.86
325.70
325.63
325.66
325.75
325.88
326.03
326.19
326.34
326.48
326.61
326.88
327.32
327.93
328.63
329.35
329.94
330.36
330.59
330.66
330.62
330.56
330.51
330.51
330.53
330.57
330.41
330.00
329.35
328.55
327.69
326.95
326.38
326.01
325.80
325.72
325.76
325.90
326.10
326.35
326.61
326.95
327.36
327.84
328.35
328.85
329.23
329.47
329.57
329.55
329.45
329.39
329.39
329.47
329.62
329.79
329.76
329.49
328.95
328.25
327.67
327.30
327.18
327.24
327.44
327.60
327.69
327.66
327.55
327.39
327.17
326.92
326.64
326.36
326.09
326.03
326.21
326.65
327.24
327.91
328.52
329.01
329.35
329.58
329.70
329.64
329.41
329.01
328.52
327.98
327.39
326.77
326.14
325.52
324.96
324.49
324.11
323.85
323.67
323.56
323.72
324.17
324.90
325.80
326.75
327.52
328.01
328.20
328.16
327.96
327.80
327.73
327.81
327.98
328.21
328.25
328.05
327.59
326.97
326.37
325.88
325.54
325.33
325.22
325.26
325.45
325.77
326.17
326.60
326.90
327.02
326.94
326.73
326.43
326.15
325.92
325.76
325.66
325.61
325.60
325.61
325.64
325.68
325.72
325.71
325.64
325.51
325.33
325.14
325.07
325.17
325.44
325.83
326.26
326.82
327.49
328.25
329.04
329.81
330.30
330.47
330.29
329.89
329.34
328.70
328.02
327.32
326.65
326.05
325.54
325.14
324.85
324.66
324.54
324.51
324.56
324.66
324.81
325.14
325.65
326.35
327.15
327.96
328.56
328.89
328.90
328.71
328.37
328.01
327.68
327.41
327.20
327.04
326.82
326.51
326.11
325.66
325.21
324.98
325.04
325.40
325.95
326.61
327.27
327.90
328.45
328.92
329.31
329.59
329.77
329.85
329.87
329.83
329.65
329.33
328.88
328.35
327.80
327.51
327.53
327.89
328.47
329.17
329.71
329.99
329.98
329.76
329.40
328.97
328.51
328.05
327.62
327.23
326.97
326.86
326.90
327.03
327.13
327.13
327.02
326.84
326.61
326.39
326.20
326.06
325.96
325.89
325.82
325.74
325.64
325.54
325.44
325.40
325.43
325.54
325.69
325.87
326.02
326.15
326.22
326.27
326.28
326.25
326.18
326.06
325.92
325.78
325.61
325.41
325.20
324.99
324.79
324.71
324.78
325.00
325.32
325.68
325.90
325.92
325.73
325.40
324.98
324.72
324.67
324.87
325.22
325.68
326.01
326.17
326.10
325.90
325.59
325.27
324.96
324.70
324.47
324.34
324.31
324.38
324.52
324.69
324.94
325.25
325.61
325.99
326.37
326.69
326.95
327.13
327.25
327.32
327.28
327.11
326.82
326.47
326.10
325.61
325.03
324.35
323.64
322.95
322.55
322.49
322.80
323.35
324.03
324.86
325.78
326.76
327.72
328.63
329.28
329.65
329.71
329.55
329.25
328.81
328.28
327.67
327.05
326.45
326.20
326.34
326.91
327.73
328.70
329.53
330.12
330.42
330.51
330.43
330.25
330.00
329.72
329.43
329.12
328.81
328.49
328.19
327.91
327.46
326.79
325.91
324.93
323.92
323.27
323.06
323.35
323.95
324.76
325.60
326.40
327.10
327.69
328.17
328.56
328.85
329.06
329.21
329.30
329.35
329.36
329.35
329.33
329.29
329.17
328.96
328.65
328.29
327.92
327.50
327.05
326.57
326.09
325.65
325.30
325.07
324.96
324.94
324.98
325.22
325.67
326.33
327.09
327.89
328.53
328.97
329.17
329.19
329.09
328.91
328.68
328.43
328.18
327.94
327.72
327.53
327.37
327.23
327.02
326.71
326.29
325.83
325.35
324.99
324.80
324.78
324.89
325.07
325.44
325.98
326.68
327.46
328.24
328.94
329.52
329.94
330.25
330.44
330.45
330.27
329.92
329.46
328.96
328.53
328.21
328.03
327.95
327.96
328.02
328.11
328.22
328.34
328.46
328.63
328.85
329.11
329.40
329.69
329.69
329.36
328.69
327.80
326.82
325.92
325.20
324.67
324.33
324.12
324.05
324.09
324.22
324.40
324.54
324.59
324.55
324.43
324.27
324.25
324.41
324.77
325.25
325.78
326.38
327.02
327.68
328.33
328.92
329.42
329.81
330.10
330.29
330.42
330.37
330.16
329.79
329.33
328.83
328.38
328.02
327.76
327.60
327.50
327.38
327.21
326.97
326.70
326.42
326.33
326.48
326.88
327.43
328.07
328.61
329.02
329.24
329.34
329.33
329.02
328.38
327.43
326.32
325.15
324.34
324.02
324.21
324.77
325.54
326.43
327.35
328.24
329.07
329.73
330.19
330.45
330.55
330.54
330.24
329.64
328.76
327.73
326.64
325.82
325.35
325.27
325.46
325.84
326.25
326.62
326.89
327.09
327.23
327.28
327.27
327.19
327.07
326.93
326.86
326.89
327.02
327.22
327.45
327.70
327.94
328.17
328.37
328.55
328.72
328.90
329.08
329.26
329.42
329.54
329.61
329.62
329.60
329.55
329.60
329.76
330.04
330.40
330.79
331.07
331.21
331.20
331.07
330.86
330.68
330.53
330.46
330.44
330.29
329.99
329.51
328.93
328.31
327.81
327.47
327.31
327.29
327.37
327.43
327.44
327.37
327.24
327.09
326.84
326.51
326.08
325.62
325.16
324.80
324.57
324.48
324.51
324.60
324.77
324.99
325.26
325.54
325.81
325.96
325.96
325.80
325.54
325.22
324.90
324.62
324.39
324.21
324.07
324.02
324.07
324.20
324.39
324.61
324.97
325.48
326.13
326.85
327.57
328.16
328.56
328.76
328.80
328.74
328.54
328.25
327.87
327.44
327.18
327.12
327.28
327.60
328.00
328.28
328.38
328.27
328.02
327.68
327.38
327.17
327.06
327.03
327.07
327.30
327.74
328.39
329.14
329.92
330.69
331.41
332.05
332.60
333.06
333.41
333.65
333.78
333.83
333.82
333.53
332.93
332.04
330.99
329.87
328.91
328.18
327.71
327.44
327.34
327.26
327.13
326.92
326.68
326.41
326.16
325.91
325.69
325.50
325.34
325.24
325.19
325.20
325.25
325.33
325.50
325.76
326.12
326.53
326.81
326.92
326.85
326.64
326.36
326.27
326.45
326.93
327.59
328.34
328.95
329.36
329.52
329.49
329.34
329.09
328.76
328.38
327.98
327.60
327.30
327.10
327.01
327.00
327.04
327.10
327.15
327.17
327.18
327.18
327.09
326.90
326.61
326.27
325.91
325.77
325.89
326.31
326.91
327.59
328.18
328.59
328.80
328.85
328.78
328.61
328.37
328.07
327.75
327.44
327.14
326.87
326.63
326.43
326.27
326.17
326.13
326.15
326.20
326.34
326.55
326.83
327.14
327.46
327.58
327.46
327.08
326.54
325.93
325.42
325.08
324.94
324.96
325.08
325.45
326.08
326.94
327.92
328.93
329.91
330.82
331.62
332.31
332.89
333.19
333.20
332.94
332.48
331.93
331.44
331.07
330.86
330.77
330.78
330.69
330.45
330.05
329.55
329.01
328.53
328.13
327.85
327.66
327.54
327.35
327.05
326.63
326.13
325.62
325.26
325.08
325.11
325.29
325.56
325.85
326.13
326.37
326.58
326.82
327.12
327.49
327.88
328.27
328.47
328.45
328.20
327.80
327.32
326.94
326.71
326.68
326.78
326.97
327.10
327.13
327.05
326.87
326.65
326.46
326.33
326.28
326.28
326.31
326.38
326.45
326.54
326.62
326.70
326.69
326.58
326.37
326.09
325.78
325.61
325.60
325.77
326.07
326.43
326.69
326.80
326.72
326.52
326.25
326.01
325.86
325.82
325.85
325.94
325.92
325.76
325.45
325.05
324.61
324.13
323.64
323.16
322.70
322.45
322.44
322.68
323.07
323.56
323.98
324.27
324.41
324.43
324.37
324.26
324.11
323.94
323.78
323.62
323.58
323.69
323.94
324.28
324.66
325.00
325.26
325.44
325.53
325.57
325.62
325.71
325.83
325.98
326.14
326.38
326.70
327.10
327.54
327.98
328.34
328.60
328.75
328.82
328.82
328.72
328.54
328.27
327.96
327.64
327.54
327.71
328.17
328.80
329.52
330.05
330.31
330.26
330.00
329.61
329.19
328.81
328.50
328.25
328.12
328.10
328.19
328.35
328.55
328.60
328.48
328.15
327.70
327.19
326.84
326.73
326.88
327.20
327.64
328.01
328.27
328.39
328.39
328.33
328.10
327.72
327.20
326.62
326.01
325.59
325.39
325.45
325.68
326.01
326.54
327.25
328.10
329.02
329.92
330.61
331.04
331.18
331.10
330.88
330.52
330.06
329.51
328.94
328.39
328.06
328.00
328.22
328.63
329.16
329.65
330.05
330.33
330.51
330.61
330.43
329.96
329.21
328.30
327.48
326.85
326.48
326.30
326.26
326.41
326.71
327.16
327.68
328.22
328.69
329.07
329.33
329.49
329.58
329.53
329.35
329.04
328.66
328.26
327.85
327.47
327.12
326.82
326.56
326.38
326.27
326.23
326.25
326.30
326.53
326.96
327.58
328.31
329.07
329.73
330.25
330.60
330.81
330.92
330.89
330.74
330.49
330.19
329.85
329.49
329.12
328.75
328.39
328.07
327.78
327.54
327.35
327.19
327.07
327.14
327.42
327.92
328.54
329.05
329.38
329.49
329.43
329.25
328.83
328.15
327.24
326.21
325.16
324.47
324.23
324.47
325.05
325.82
326.51
327.00
327.24
327.29
327.20
327.05
326.87
326.70
326.54
326.40
326.15
325.77
325.24
324.65
324.04
323.68
323.66
323.98
324.52
325.20
326.03
326.99
328.04
329.09
330.09
330.87
331.38
331.61
331.63
331.51
331.34
331.18
331.05
330.96
330.90
330.73
330.43
329.98
329.45
328.89
328.48
328.26
328.26
328.40
328.61
328.84
329.07
329.28
329.47
329.46
329.25
328.82
328.26
327.64
326.96
326.24
325.51
324.82
324.17
323.74
323.55
323.60
323.81
324.13
324.54
324.99
325.47
325.94
326.39
326.75
327.04
327.24
327.36
327.43
327.43
327.36
327.25
327.10
326.93
326.90
327.03
327.34
327.75
328.21
328.52
328.63
328.51
328.24
327.88
327.58
327.39
327.35
327.40
327.53
327.56
327.46
327.20
326.85
326.46
326.34
326.57
327.19
328.04
328.90
329.66
330.27
330.74
331.08
331.10
330.79
330.16
329.33
328.41
327.69
327.26
327.15
327.29
327.58
327.91
328.23
328.49
328.71
328.87
328.86
328.66
328.27
327.77
327.22
326.68
326.21
325.81
325.49
325.23
325.20
325.41
325.86
326.45
327.10
327.74
328.32
328.82
329.23
329.56
329.71
329.67
329.44
329.10
328.70
328.35
328.10
327.97
327.94
327.97
328.00
327.99
327.93
327.84
327.73
327.64
327.58
327.57
327.58
327.72
327.99
328.39
328.87
329.37
329.81
330.15
330.39
330.53
330.60
330.83
331.27
331.94
332.73
333.57
334.10
334.23
333.94
333.37
332.63
331.83
331.06
330.35
329.73
329.20
328.80
328.51
328.33
328.24
328.22
328.09
327.80
327.35
326.80
326.21
325.65
325.15
324.75
324.42
324.17
324.09
324.19
324.47
324.85
325.28
325.76
326.26
326.75
327.21
327.64
327.90
327.98
327.88
327.65
327.35
326.94
326.42
325.82
325.20
324.86
324.87
325.26
325.89
326.66
327.40
328.05
328.55
328.93
329.20
329.32
329.31
329.18
328.97
328.72
328.64
328.78
329.15
329.67
330.27
330.75
331.07
331.17
331.13
330.99
330.79
330.55
330.30
330.05
329.82
329.78
329.95
330.34
330.86
331.44
332.04
332.62
333.16
333.63
334.03
334.26
334.30
334.15
333.88
333.53
333.00
332.27
331.38
330.41
329.44
328.58
327.86
327.31
326.91
326.64
326.38
326.12
325.82
325.51
325.30
325.20
325.22
325.34
325.50
325.65
325.74
325.77
325.74
325.69
325.61
325.53
325.44
325.35
325.27
325.42
325.82
326.48
327.29
328.17
328.96
329.61
330.09
330.42
330.63
330.68
330.61
330.42
330.15
329.85
329.52
329.16
328.80
328.44
328.12
327.78
327.42
327.04
326.66
326.31
326.04
325.88
325.83
325.86
325.94
326.23
326.77
327.52
328.40
329.32
330.15
330.87
331.43
331.85
332.15
332.23
332.06
331.68
331.16
330.52
329.80
329.04
328.30
327.60
327.02
326.59
326.31
326.15
326.08
326.19
326.47
326.91
327.44
327.99
328.52
328.98
329.36
329.66
329.89
330.00
330.00
329.89
329.71
329.50
329.21
328.87
328.47
328.07
327.67
327.30
326.97
326.69
326.46
326.27
326.28
326.52
326.98
327.57
328.22
328.77
329.16
329.38
329.46
329.44
329.37
329.29
329.22
329.16
329.11
328.98
328.78
328.49
328.15
327.80
327.54
327.39
327.37
327.45
327.69
328.09
328.64
329.25
329.88
330.38
330.71
330.85
330.85
330.75
330.48
330.05
329.48
328.84
328.19
327.37
326.40
325.26
324.08
322.92
322.14
321.82
321.97
322.46
323.15
323.78
324.27
324.54
324.65
324.63
324.72
324.98
325.42
325.98
326.58
327.16
327.68
328.12
328.47
328.74
328.81
328.67
328.33
327.85
327.31
326.89
326.64
326.59
326.69
326.88
327.15
327.48
327.85
328.22
328.57
328.82
328.93
328.91
328.79
328.59
328.32
328.01
327.68
327.36
327.17
327.14
327.27
327.50
327.80
328.02
328.12
328.08
327.94
327.73
327.53
327.34
327.19
327.07
326.99
326.96
326.98
327.05
327.15
327.26
327.30
327.25
327.09
326.86
326.61
326.45
326.42
326.54
326.75
327.02
327.37
327.78
328.24
328.71
329.17
329.45
329.53
329.39
329.12
328.76
328.36
327.95
327.57
327.21
326.90
326.52
326.07
325.54
324.97
324.42
324.30
324.70
325.63
326.90
328.00
328.78
329.12
329.14
328.93
328.47
327.80
326.96
326.06
325.16
324.52
324.20
324.23
324.51
324.95
325.34
325.60
325.71
325.69
325.58
325.50
325.49
325.56
325.69
325.85
325.94
325.94
325.84
325.67
325.46
325.32
325.26
325.32
325.45
325.62
325.74
325.77
325.69
325.55
325.37
325.17
324.96
324.77
324.59
324.44
324.33
324.28
324.28
324.32
324.39
324.57
324.88
325.32
325.83
326.35
326.75
326.99
327.05
326.99
326.76
326.38
325.88
325.32
324.76
324.42
324.38
324.65
325.13
325.72
326.50
327.43
328.49
329.58
330.63
331.29
331.46
331.13
330.46
329.60
328.64
327.66
326.73
325.88
325.13
324.78
324.89
325.44
326.29
327.30
328.10
328.57
328.66
328.47
328.10
327.73
327.43
327.25
327.16
327.15
327.13
327.08
326.99
326.88
326.75
326.67
326.66
326.73
326.84
326.98
327.08
327.12
327.09
327.01
326.90
326.74
326.56
326.34
326.12
325.93
325.79
325.70
325.66
325.64
325.87
326.35
327.10
327.99
328.94
329.55
329.74
329.46
328.86
328.08
327.41
326.98
326.84
326.91
327.12
327.27
327.27
327.10
326.82
326.47
326.25
326.22
326.40
326.72
327.11
327.57
328.07
328.57
329.05
329.49
329.86
330.13
330.32
330.43
330.49
330.37
330.06
329.58
329.00
328.37
327.89
327.60
327.52
327.60
327.78
327.98
328.14
328.25
328.31
328.34
328.36
328.40
328.46
328.53
328.37
327.92
327.19
326.29
325.33
324.55
324.05
323.85
323.88
324.07
324.33
324.62
324.89
325.14
325.36
325.39
325.21
324.80
324.25
323.65
323.34
323.44
323.96
324.75
325.70
326.46
326.92
327.04
326.91
326.61
326.33
326.17
326.15
326.23
326.39
326.50
326.54
326.49
326.37
326.21
326.09
326.03
326.04
326.09
326.18
326.21
326.15
325.99
325.77
325.53
325.49
325.70
326.19
326.84
327.57
328.35
329.13
329.88
330.57
331.00
331.13
330.95
330.55
330.03
329.56
329.20
328.99
328.89
328.89
328.78
328.53
328.12
327.60
327.05
326.53
326.07
325.69
325.38
325.15
325.03
325.03
325.13
325.30
325.51
325.79
326.14
326.53
326.93
327.33
327.48
327.35
326.92
326.30
325.58
325.08
324.86
324.99
325.34
325.84
326.36
326.84
327.23
327.55
327.80
327.82
327.61
327.16
326.57
325.91
325.37
325.02
324.87
324.89
325.01
325.41
326.10
327.06
328.16
329.24
330.22
331.06
331.75
332.31
332.57
332.54
332.22
331.71
331.11
330.52
330.00
329.58
329.26
329.02
328.85
328.73
328.67
328.64
328.64
328.74
328.95
329.25
329.61
329.99
330.26
330.38
330.34
330.18
329.96
329.69
329.42
329.15
328.90
328.68
328.54
328.49
328.54
328.65
328.80
328.79
328.56
328.10
327.51
326.85
326.24
325.72
325.31
325.01
324.80
324.64
324.50
324.38
324.27
324.19
324.09
323.97
323.84
323.70
323.81
324.20
324.89
325.76
326.70
327.59
328.36
329.00
329.49
329.87
330.01
329.90
329.57
329.09
328.53
328.09
327.81
327.74
327.80
327.97
327.98
327.77
327.32
326.72
326.05
325.41
324.86
324.43
324.11
323.88
323.77
323.79
323.92
324.13
324.37
324.60
324.80
324.95
325.05
325.12
325.25
325.44
325.71
326.03
326.35
326.62
326.79
326.87
326.89
326.85
326.85
326.93
327.10
327.32
327.56
327.78
327.96
328.09
328.17
328.30
328.50
328.77
329.08
329.40
329.63
329.74
329.73
329.63
329.47
329.39
329.41
329.57
329.81
330.10
330.16
329.94
329.42
328.70
327.90
327.21
326.70
326.41
326.30
326.31
326.40
326.56
326.74
326.94
327.13
327.29
327.40
327.45
327.46
327.45
327.39
327.28
327.14
326.98
326.82
326.69
326.60
326.55
326.55
326.57
326.87
327.50
328.44
329.56
330.74
331.71
332.40
332.75
332.85
332.77
332.40
331.78
330.92
329.96
328.96
327.99
327.11
326.32
325.64
325.08
324.63
324.28
324.02
323.83
323.74
323.73
323.79
323.90
324.03
324.10
324.07
323.94
323.75
323.52
323.52
323.79
324.38
325.14
325.98
326.74
327.33
327.73
327.97
328.09
328.06
327.90
327.64
327.31
326.96
326.66
326.44
326.32
326.27
326.27
326.29
326.30
326.29
326.26
326.23
326.15
326.00
325.79
325.54
325.29
325.12
325.07
325.13
325.28
325.47
325.82
326.33
326.99
327.72
328.35
328.83
329.12
329.27
329.30
329.31
329.32
329.37
329.44
329.51
329.49
329.33
329.05
328.69
328.29
328.00
327.84
327.85
327.97
328.16
328.45
328.82
329.24
329.69
330.12
330.37
330.39
330.17
329.79
329.32
328.79
328.23
327.66
327.12
326.63
326.23
325.92
325.70
325.57
325.50
325.51
325.57
325.70
325.86
326.03
326.17
326.28
326.34
326.36
326.36
326.55
326.98
327.65
328.46
329.33
330.10
330.73
331.19
331.50
331.56
331.37
330.95
330.39
329.76
329.20
328.76
328.46
328.28
328.19
328.23
328.37
328.62
328.91
329.23
329.50
329.68
329.78
329.80
329.78
329.66
329.47
329.20
328.89
328.58
328.25
327.91
327.57
327.24
326.95
326.83
326.90
327.17
327.56
328.02
328.53
329.06
329.58
330.08
330.53
330.80
330.84
330.67
330.35
329.95
329.54
329.16
328.82
328.55
328.32
328.26
328.36
328.62
328.99
329.41
329.89
330.42
330.99
331.54
331.93
332.11
332.07
331.88
331.59
331.15
330.56
329.85
329.09
328.34
327.59
326.84
326.11
325.43
324.82
324.44
324.29
324.38
324.64
325.00
325.50
326.10
326.78
327.48
328.16
328.74
329.18
329.49
329.67
329.76
329.71
329.51
329.19
328.79
328.36
327.96
327.62
327.34
327.13
326.98
326.79
326.55
326.24
325.91
325.57
325.26
324.96
324.71
324.49
324.31
324.36
324.65
325.20
325.89
326.65
327.44
328.22
328.97
329.66
330.08
330.20
330.00
329.60
329.07
328.53
328.05
327.66
327.34
327.11
326.83
326.48
326.05
325.59
325.13
324.58
323.95
323.25
322.53
321.84
321.22
320.72
320.32
320.03
319.82
319.85
320.11
320.61
321.25
321.95
322.66
323.34
323.95
324.49
324.95
325.36
325.71
326.03
326.31
326.54
326.73
326.87
326.98
327.06
327.11
327.32
327.74
328.37
329.10
329.88
330.38
330.53
330.28
329.77
329.10
328.31
327.44
326.55
325.67
325.00
324.57
324.39
324.41
324.56
324.85
325.25
325.73
326.24
326.75
327.30
327.90
328.54
329.17
329.77
330.09
330.10
329.78
329.24
328.59
327.94
327.35
326.87
326.48
326.19
325.92
325.65
325.38
325.11
324.87
324.70
324.63
324.65
324.74
324.87
325.02
325.18
325.33
325.47
325.60
325.66
325.64
325.54
325.38
325.20
325.30
325.75
326.55
327.57
328.68
329.68
330.51
331.12
331.54
331.81
331.98
332.08
332.15
332.19
332.13
331.96
331.68
331.35
330.98
330.65
330.37
330.15
329.99
329.88
329.78
329.68
329.58
329.47
329.38
329.15
328.79
328.28
327.69
327.08
326.54
326.11
325.80
325.60
325.47
325.57
325.91
326.47
327.16
327.90
328.42
328.66
328.58
328.28
327.84
327.43
327.12
326.95
326.89
326.91
326.84
326.66
326.33
325.93
325.49
325.31
325.47
325.98
326.71
327.56
328.40
329.14
329.77
330.27
330.66
331.01
331.33
331.65
331.94
331.99
331.76
331.23
330.53
329.74
328.94
328.17
327.45
326.82
326.28
325.89
325.65
325.55
325.56
325.64
325.80
326.01
326.27
326.54
326.81
326.93
326.87
326.62
326.25
325.82
325.50
325.34
325.38
325.54
325.78
325.99
326.13
326.16
326.12
326.04
325.95
325.87
325.83
325.81
325.80
325.84
325.91
326.02
326.15
326.28
326.44
326.62
326.83
327.03
327.22
327.48
327.81
328.21
328.64
329.07
329.45
329.75
329.98
330.14
330.22
330.22
330.16
330.05
329.92
329.70
329.39
328.99
328.55
328.10
327.76
327.54
327.47
327.50
327.60
327.80
328.09
328.44
328.83
329.21
329.47
329.57
329.51
329.33
329.08
328.82
328.58
328.38
328.22
328.10
328.01
327.94
327.90
327.87
327.86
327.86
327.87
327.88
327.90
327.91
328.01
328.20
328.48
328.81
329.16
329.47
329.74
329.94
330.08
330.17
330.07
329.76
329.23
328.58
327.88
327.26
326.77
326.44
326.24
326.14
326.06
325.98
325.87
325.74
325.54
325.24
324.86
324.44
324.02
323.88
324.08
324.65
325.44
326.34
327.12
327.68
327.99
328.10
328.06
328.00
327.98
328.01
328.09
328.20
328.34
328.51
328.72
328.93
329.13
329.24
329.24
329.12
328.92
328.68
328.50
328.41
328.44
328.54
328.69
328.89
329.13
329.40
329.67
329.93
329.91
329.55
328.84
327.92
326.91
325.94
325.07
324.36
323.78
323.34
323.03
322.86
322.80
322.82
322.90
323.17
323.65
324.32
325.10
325.93
326.77
327.59
328.34
329.01
329.64
330.23
330.80
331.31
331.76
331.90
331.70
331.15
330.38
329.49
328.64
327.87
327.23
326.72
326.32
326.10
326.07
326.20
326.44
326.75
327.11
327.50
327.91
328.31
328.68
329.04
329.38
329.70
330.00
330.26
330.11
329.49
328.39
327.01
325.51
324.45
324.00
324.21
324.89
325.85
326.85
327.77
328.54
329.15
329.63
329.96
330.15
330.22
330.21
330.13
330.07
330.05
330.09
330.17
330.24
330.29
330.31
330.30
330.29
330.15
329.89
329.50
329.03
328.55
328.13
327.80
327.58
327.44
327.38
327.48
327.73
328.14
328.63
329.16
329.70
330.25
330.78
331.27
331.70
331.92
331.89
331.60
331.16
330.62
329.95
329.16
328.27
327.37
326.51
325.93
325.69
325.80
326.16
326.67
327.18
327.62
327.95
328.18
328.33
328.42
328.46
328.47
328.45
328.41
328.20
327.80
327.21
326.52
325.79
325.32
325.17
325.38
325.83
326.28
326.66
326.88
326.99
327.02
326.95
326.82
326.62
326.40
326.17
326.00
325.91
325.90
325.96
326.05
326.30
326.71
327.28
327.94
328.61
329.11
329.37
329.37
329.19
328.89
328.53
328.14
327.76
327.39
327.06
326.69
326.28
325.81
325.33
324.87
324.64
324.67
324.97
325.45
326.04
326.63
327.18
327.67
328.08
328.42
328.69
328.89
329.04
329.14
329.21
329.21
329.17
329.07
328.95
328.81
328.64
328.45
328.24
328.03
327.90
327.89
327.99
328.17
328.39
328.55
328.62
328.59
328.48
328.32
328.19
328.12
328.12
328.16
328.24
328.33
328.43
328.53
328.63
328.72
328.79
328.86
328.91
328.95
328.98
329.01
329.02
329.03
329.04
329.04
328.85
328.45
327.82
327.07
326.27
325.59
325.08
324.78
324.63
324.59
324.62
324.67
324.73
324.78
324.83
324.98
325.24
325.63
326.08
326.56
327.02
327.45
327.83
328.16
328.44
328.56
328.50
328.28
327.94
327.58
327.23
326.91
326.65
326.42
326.35
326.44
326.70
327.05
327.46
327.77
327.95
327.97
327.88
327.72
327.54
327.37
327.23
327.12
327.04
326.82
326.43
325.87
325.22
324.54
324.08
323.92
324.08
324.45
324.96
325.61
326.36
327.20
328.04
328.84
329.49
329.96
330.23
330.36
330.38
330.35
330.29
330.23
330.18
330.14
330.02
329.81
329.52
329.18
328.82
328.48
328.16
327.87
327.62
327.41
327.30
327.28
327.37
327.51
327.53
327.38
327.04
326.59
326.08
325.69
325.48
325.46
325.59
325.80
326.04
326.28
326.48
326.65
326.79
326.87
326.89
326.86
326.79
326.70
326.58
326.42
326.23
326.03
325.84
325.66
325.50
325.36
325.24
325.14
325.31
325.77
326.53
327.47
328.47
329.44
330.33
331.09
331.73
332.24
332.51
332.52
332.29
331.90
331.41
331.00
330.71
330.58
330.56
330.62
330.45
329.97
329.15
328.14
327.05
325.97
324.94
324.01
323.20
322.65
322.37
322.37
322.56
322.88
323.36
323.95
324.63
325.34
326.04
326.71
327.35
327.93
328.45
328.90
329.30
329.66
329.98
330.26
330.50
330.74
331.01
331.30
331.60
331.88
331.87
331.52
330.82
329.92
328.91
328.16
327.75
327.75
328.03
328.49
329.00
329.49
329.92
330.27
330.56
330.63
330.45
330.04
329.48
328.85
328.31
327.91
327.69
327.61
327.62
327.73
327.92
328.16
328.43
328.70
328.99
329.28
329.58
329.87
330.13
330.35
330.55
330.71
330.84
330.75
330.42
329.85
329.13
328.36
327.63
327.01
326.52
326.15
325.89
325.70
325.59
325.54
325.52
325.54
325.65
325.87
326.19
326.57
326.96
327.27
327.45
327.50
327.46
327.35
327.26
327.20
327.21
327.25
327.33
327.39
327.42
327.42
327.40
327.36
327.29
327.19
327.05
326.90
326.74
326.57
326.37
326.17
325.96
325.76
325.58
325.42
325.29
325.18
325.10
325.19
325.49
325.99
326.61
327.25
327.86
328.41
328.87
329.26
329.49
329.56
329.47
329.27
329.02
328.65
328.18
327.63
327.05
326.48
326.11
325.98
326.10
326.39
326.79
327.16
327.45
327.63
327.73
327.75
327.89
328.18
328.64
329.20
329.79
330.30
330.68
330.91
331.02
331.04
331.03
331.01
330.99
330.98
330.97
330.84
330.55
330.10
329.57
329.01
328.51
328.10
327.81
327.62
327.50
327.34
327.10
326.77
326.39
326.00
325.80
325.85
326.15
326.63
327.01
327.21
327.17
326.98
326.69
326.37
326.05
325.78
325.54
325.35
325.36
325.58
326.03
326.61
327.25
327.79
328.18
328.39
328.47
328.44
328.48
328.63
328.91
329.27
329.68
330.11
330.55
330.99
331.41
331.79
331.98
331.97
331.76
331.40
330.97
330.54
330.14
329.80
329.52
329.29
329.07
328.82
328.56
328.28
328.03
327.74
327.41
327.06
326.70
326.36
326.18
326.19
326.40
326.74
327.16
327.60
328.04
328.45
328.82
329.14
329.41
329.64
329.81
329.95
330.04
330.11
330.15
330.17
330.17
330.14
330.07
329.96
329.84
329.70
329.47
329.11
328.65
328.13
327.59
327.21
327.03
327.06
327.24
327.51
327.52
327.17
326.44
325.47
324.40
323.62
323.26
323.37
323.80
324.43
325.27
326.28
327.40
328.54
329.62
330.35
330.66
330.52
330.07
329.43
328.77
328.18
327.70
327.32
327.04
326.82
326.63
326.47
326.32
326.21
326.01
325.71
325.30
324.84
324.44
324.15
324.00
323.94
323.96
324.11
324.38
324.76
325.20
325.66
325.98
326.10
326.03
325.81
325.51
325.35
325.40
325.67
326.10
326.60
327.17
327.75
328.34
328.89
329.39
329.75
329.94
329.98
329.89
329.74
329.56
329.39
329.25
329.14
329.06
328.94
328.78
328.58
328.35
328.12
327.81
327.44
326.99
326.52
326.05
325.72
325.56
325.58
325.72
325.94
326.26
326.65
327.11
327.58
328.05
328.34
328.43
328.32
328.06
327.93
328.00
328.32
328.79
329.35
329.74
329.92
329.83
329.56
329.18
328.94
328.89
329.07
329.41
329.84
330.15
330.28
330.19
329.96
329.64
329.20
328.65
328.01
327.36
326.71
326.17
325.76
325.48
325.31
325.23
325.30
325.50
325.83
326.23
326.66
327.16
327.74
328.37
329.00
329.61
329.97
330.06
329.84
329.44
328.91
328.39
327.93
327.55
327.26
327.04
326.93
326.95
327.06
327.25
327.47
327.50
327.28
326.78
326.13
325.48
324.90
324.45
324.11
323.86
323.59
323.26
322.86
322.42
321.99
321.79
321.88
322.26
322.84
323.52
324.29
325.11
325.95
326.75
327.48
328.08
328.52
328.80
328.96
329.01
328.94
328.77
328.49
328.17
327.83
327.54
327.34
327.23
327.20
327.22
327.22
327.18
327.09
326.97
326.84
326.51
325.97
325.22
324.36
323.48
322.94
322.83
323.19
323.86
324.71
325.48
326.08
326.44
326.61
326.65
326.83
327.22
327.85
328.62
329.45
330.14
330.63
330.89
330.97
330.86
330.61
330.24
329.81
329.36
329.05
328.92
329.00
329.21
329.51
329.85
330.21
330.55
330.87
331.15
331.34
331.43
331.42
331.33
331.20
331.02
330.80
330.54
330.28
330.03
329.80
329.60
329.42
329.28
329.16
328.99
328.75
328.44
328.09
327.73
327.52
327.49
327.66
327.96
328.33
328.60
328.71
328.65
328.46
328.20
328.06
328.09
328.32
328.68
329.11
329.64
330.27
330.95
331.65
332.32
332.83
333.14
333.24
333.19
333.01
332.74
332.40
332.04
331.68
331.28
330.85
330.40
329.95
329.54
329.14
328.75
328.39
328.07
327.78
327.59
327.51
327.53
327.62
327.76
327.95
328.18
328.44
328.70
328.96
328.95
328.64
328.02
327.20
326.30
325.49
324.85
324.40
324.12
323.97
323.95
324.03
324.19
324.40
324.63
325.00
325.52
326.17
326.88
327.60
328.21
328.67
328.95
329.10
329.14
329.16
329.20
329.27
329.35
329.45
329.60
329.80
330.07
330.35
330.48
330.41
330.13
329.71
329.22
328.83
328.61
328.59
328.70
328.90
329.02
329.01
328.84
328.57
328.24
327.84
327.38
326.88
326.37
325.89
325.40
324.90
324.39
323.91
323.47
323.35
323.60
324.22
325.07
326.03
326.76
327.15
327.15
326.88
326.42
325.92
325.44
325.02
324.68
324.40
324.29
324.36
324.60
324.95
325.36
325.76
326.12
326.42
326.66
326.85
327.07
327.34
327.67
328.03
328.38
328.53
328.43
328.07
327.55
327.02
326.56
326.20
325.94
325.76
325.59
325.42
325.22
325.02
324.82
324.88
325.23
325.90
326.74
327.67
328.52
329.24
329.78
330.18
330.44
330.52
330.43
330.19
329.84
329.45
328.91
328.23
327.42
326.56
325.72
325.06
324.64
324.47
324.48
324.63
324.80
324.96
325.08
325.15
325.20
325.33
325.56
325.91
326.31
326.74
327.27
327.90
328.61
329.34
330.05
330.57
330.86
330.92
330.80
330.57
330.13
329.51
328.73
327.88
327.15
326.62
326.32
326.21
326.22
326.29
326.40
326.51
326.61
326.70
326.64
326.43
326.04
325.55
325.01
324.64
324.48
324.55
324.79
325.13
325.65
326.34
327.18
328.08
328.98
329.58
329.82
329.68
329.28
328.72
328.04
327.31
326.57
325.86
325.21
324.74
324.48
324.44
324.54
324.74
325.06
325.47
325.94
326.43
326.92
327.32
327.60
327.77
327.85
327.86
327.93
328.09
328.35
328.68
329.03
329.23
329.22
328.98
328.61
328.12
327.58
327.01
326.44
325.92
325.53
325.29
325.22
325.26
325.39
325.40
325.25
324.92
324.48
323.99
323.75
323.83
324.28
324.95
325.74
326.63
327.57
328.52
329.42
330.24
330.81
331.08
331.05
330.82
330.45
330.03
329.62
329.24
328.91
328.63
328.38
328.13
327.91
327.70
327.51
327.28
326.98
326.61
326.21
325.81
325.49
325.26
325.15
325.11
325.13
325.32
325.70
326.24
326.88
327.55
328.01
328.21
328.13
327.85
327.59
327.41
327.37
327.43
327.55
327.69
327.82
327.92
327.99
328.04
327.94
327.68
327.24
326.71
326.13
325.86
325.96
326.45
327.20
328.09
328.95
329.71
330.30
330.76
331.09
331.26
331.29
331.19
331.00
330.76
330.47
330.15
329.81
329.48
329.16
328.93
328.80
328.78
328.82
328.92
328.86
328.59
328.11
327.50
326.83
326.32
326.02
325.97
326.10
326.34
326.63
326.92
327.18
327.40
327.59
327.67
327.62
327.44
327.19
326.90
326.59
326.29
326.01
325.76
325.46
325.11
324.70
324.26
323.84
323.58
323.51
323.65
323.92
324.28
324.60
324.83
324.94
324.98
324.95
325.09
325.45
326.05
326.79
327.59
328.20
328.55
328.60
328.45
328.16
327.89
327.71
327.65
327.68
327.77
327.88
327.97
328.04
328.08
328.11
328.12
328.12
328.12
328.11
328.10
328.19
328.40
328.75
329.16
329.60
329.99
330.28
330.48
330.59
330.63
330.58
330.43
330.19
329.91
329.64
329.40
329.21
329.07
328.96
328.92
328.93
329.00
329.10
329.22
329.21
329.04
328.71
328.28
327.80
327.48
327.36
327.47
327.74
328.10
328.21
328.00
327.43
326.62
325.71
324.92
324.35
324.04
323.92
323.95
324.00
324.02
323.98
323.90
323.80
323.79
323.90
324.15
324.47
324.83
325.25
325.72
326.23
326.73
327.20
327.79
328.51
329.36
330.25
331.14
331.75
332.03
331.96
331.64
331.17
330.68
330.21
329.82
329.50
329.20
328.90
328.58
328.28
328.00
327.80
327.70
327.70
327.77
327.88
327.86
327.67
327.28
326.78
326.23
325.88
325.81
326.03
326.46
326.99
327.64
328.35
329.10
329.83
330.51
330.99
331.23
331.23
331.06
330.77
330.39
329.96
329.50
329.05
328.62
328.23
327.89
327.61
327.38
327.19
327.08
327.04
327.06
327.13
327.22
327.17
326.93
326.50
325.96
325.37
325.02
324.97
325.26
325.77
326.40
327.02
327.54
327.93
328.20
328.57
329.08
329.76
330.51
331.28
331.85
332.18
332.25
332.12
331.86
331.53
331.16
330.78
330.43
330.10
329.87
329.74
329.71
329.76
329.87
329.95
329.98
329.95
329.88
329.78
329.56
329.22
328.75
328.23
327.69
327.22
326.85
326.60
326.45
326.37
326.35
326.37
326.42
326.48
326.55
326.55
326.45
326.25
325.99
325.70
325.51
325.46
325.56
325.76
326.02
326.36
326.77
327.23
327.70
328.15
328.40
328.43
328.21
327.83
327.44
327.10
326.86
326.70
326.60
326.53
326.46
326.39
326.32
326.25
326.01
325.55
324.88
324.10
323.28
322.63
322.23
322.09
322.15
322.35
322.79
323.45
324.32
325.29
326.27
327.08
327.65
327.97
328.08
328.05
327.98
327.90
327.85
327.82
327.81
327.84
327.91
328.02
328.14
328.28
328.39
328.45
328.48
328.47
328.44
328.58
328.93
329.50
330.19
330.93
331.40
331.52
331.26
330.74
330.07
329.36
328.66
328.03
327.49
327.13
326.98
327.03
327.23
327.52
327.74
327.86
327.85
327.74
327.57
327.39
327.23
327.11
327.02
326.95
326.88
326.80
326.70
326.59
326.48
326.33
326.12
325.87
325.58
325.30
325.06
324.88
324.76
324.68
324.65
324.75
324.99
325.38
325.84
326.34
326.85
327.37
327.87
328.34
328.75
329.03
329.16
329.13
329.00
328.80
328.75
328.90
329.28
329.80
330.39
330.70
330.65
330.21
329.52
328.68
327.79
326.91
326.09
325.34
324.70
324.39
324.47
324.92
325.62
326.34
326.99
327.50
327.88
328.16
328.21
328.03
327.64
327.12
326.53
325.98
325.52
325.17
324.91
324.74
324.68
324.74
324.90
325.13
325.39
325.71
326.08
326.50
326.93
327.34
327.55
327.54
327.29
326.88
326.39
326.08
326.02
326.24
326.65
327.17
327.77
328.40
329.03
329.63
330.18
330.53
330.65
330.54
330.28
329.92
329.59
329.34
329.20
329.14
329.15
329.07
328.86
328.51
328.07
327.60
327.24
327.03
326.99
327.06
327.25
327.51
327.83
328.17
328.50
328.68
328.68
328.48
328.16
327.76
327.39
327.08
326.86
326.71
326.62
326.40
325.99
325.38
324.67
323.92
323.45
323.34
323.62
324.16
324.84
325.39
325.69
325.71
325.53
325.21
324.95
324.81
324.82
324.95
325.15
325.50
325.98
326.59
327.25
327.91
328.49
328.95
329.27
329.48
329.61
329.74
329.92
330.15
330.41
330.68
330.67
330.34
329.66
328.77
327.79
326.87
326.09
325.48
325.03
324.71
324.50
324.38
324.33
324.33
324.42
324.60
324.85
325.14
325.44
325.66
325.76
325.74
325.63
325.47
325.19
324.82
324.35
323.84
323.34
323.07
323.09
323.43
323.96
324.60
325.26
325.88
326.43
326.89
327.28
327.67
328.08
328.53
328.97
329.39
329.69
329.85
329.86
329.77
329.61
329.47
329.37
329.34
329.35
329.39
329.37
329.27
329.08
328.84
328.57
328.29
328.03
327.80
327.59
327.41
327.21
326.98
326.71
326.43
326.32
326.41
326.72
327.17
327.68
328.06
328.24
328.20
328.00
327.69
327.31
326.88
326.42
325.97
325.55
325.39
325.52
325.96
326.59
327.32
328.00
328.57
329.00
329.29
329.49
329.51
329.39
329.12
328.76
328.36
327.96
327.57
327.21
326.90
326.63
326.41
326.23
326.10
325.99
325.92
325.91
325.94
326.02
326.12
326.25
326.45
326.75
327.13
327.55
327.97
328.22
328.25
328.04
327.68
327.23
326.77
326.33
325.96
325.65
325.42
325.28
325.22
325.22
325.26
325.49
325.92
326.54
327.27
328.04
328.73
329.31
329.75
330.08
330.30
330.34
330.18
329.85
329.41
328.92
328.42
327.94
327.50
327.11
326.78
326.56
326.46
326.47
326.55
326.69
326.86
327.04
327.22
327.38
327.53
327.58
327.52
327.34
327.09
326.80
326.64
326.63
326.81
327.11
327.47
327.75
327.91
327.92
327.82
327.66
327.42
327.15
326.84
326.52
326.22
326.08
326.12
326.36
326.72
327.12
327.51
327.87
328.18
328.44
328.68
328.91
329.12
329.32
329.50
329.62
329.69
329.70
329.67
329.61
329.48
329.29
329.03
328.74
328.44
328.11
327.73
327.32
326.91
326.52
326.14
325.77
325.42
325.09
324.81
324.57
324.37
324.21
324.08
323.99
324.01
324.14
324.39
324.70
325.04
325.41
325.79
326.18
326.55
326.89
327.26
327.68
328.16
328.64
329.11
329.59
330.08
330.58
331.06
331.50
331.73
331.72
331.46
331.04
330.58
330.15
329.78
329.49
329.25
329.13
329.11
329.21
329.37
329.56
329.75
329.91
330.03
330.11
330.16
329.89
329.27
328.29
327.10
325.83
324.74
323.91
323.39
323.11
323.01
323.00
323.01
323.02
323.03
323.03
323.19
323.54
324.07
324.70
325.38
325.94
326.34
326.54
326.60
326.56
326.58
326.71
326.98
327.33
327.71
328.11
328.49
328.83
329.13
329.39
329.50
329.44
329.22
328.89
328.50
328.23
328.12
328.20
328.41
328.66
328.92
329.17
329.38
329.56
329.66
329.67
329.58
329.44
329.26
329.20
329.30
329.56
329.93
330.36
330.74
331.05
331.26
331.40
331.47
331.39
331.16
330.77
330.29
329.79
329.31
328.89
328.55
328.28
328.08
327.82
327.50
327.08
326.62
326.16
325.88
325.83
326.01
326.36
326.79
327.19
327.49
327.68
327.78
327.80
327.86
327.97
328.16
328.39
328.64
328.86
329.03
329.15
329.23
329.27
329.15
328.86
328.39
327.83
327.50
327.49
327.82
328.39
329.08
329.59
329.83
329.73
329.41
328.95
328.55
328.28
328.19
328.21
328.33
328.45
328.53
328.56
328.55
328.52
328.33
327.98
327.47
326.88
326.25
325.83
325.66
325.77
326.08
326.50
326.93
327.32
327.62
327.86
328.03
328.15
328.23
328.27
328.28
328.28
328.18
327.98
327.68
327.33
326.96
326.75
326.76
326.98
327.36
327.82
328.15
328.29
328.22
327.99
327.67
327.44
327.35
327.43
327.62
327.64
327.42
326.92
326.26
325.51
324.85
324.35
324.03
323.85
323.79
323.98
324.40
325.05
325.82
326.64
327.47
328.29
329.06
329.75
330.36
330.85
331.21
331.45
331.60
331.67
331.76
331.91
332.12
332.37
332.63
332.54
332.04
331.09
329.89
328.57
327.41
326.49
325.87
325.50
325.32
325.20
325.09
324.96
324.82
324.67
324.51
324.33
324.13
323.93
323.74
323.59
323.50
323.46
323.46
323.49
323.67
324.02
324.53
325.12
325.67
326.11
326.41
326.60
326.70
326.63
326.38
325.97
325.48
324.94
324.55
324.33
324.32
324.46
324.69
324.98
325.29
325.59
325.89
326.15
326.43
326.74
327.08
327.42
327.74
327.90
327.87
327.64
327.29
326.86
326.39
325.89
325.38
324.90
324.46
324.18
324.08
324.17
324.38
324.67
325.21
326.01
327.04
328.20
329.37
330.30
330.93
331.21
331.24
331.08
330.68
330.05
329.23
328.32
327.41
326.61
325.97
325.53
325.25
325.14
325.19
325.38
325.65
325.96
326.37
326.87
327.44
328.02
328.60
328.96
329.09
328.96
328.66
328.25
327.79
327.32
326.87
326.45
326.08
325.95
326.09
326.50
327.08
327.75
328.16
328.21
327.85
327.24
326.48
326.00
325.92
326.29
326.96
327.81
328.50
328.91
328.99
328.83
328.52
328.19
327.91
327.72
327.60
327.54
327.41
327.19
326.87
326.49
326.09
325.67
325.25
324.83
324.44
324.09
323.87
323.79
323.85
324.00
324.35
324.89
325.59
326.37
327.16
327.76
328.12
328.20
328.09
327.84
327.57
327.33
327.13
326.99
326.90
326.86
326.88
326.96
327.07
327.19
327.24
327.20
327.05
326.84
326.59
326.44
326.41
326.54
326.75
327.03
327.32
327.62
327.90
328.16
328.38
328.55
328.65
328.68
328.67
328.62
328.48
328.23
327.89
327.49
327.08
326.87
326.90
327.19
327.66
328.21
328.67
328.97
329.08
329.04
328.90
328.55
327.97
327.20
326.32
325.53
324.90
324.46
324.18
324.03
324.16
324.58
325.27
326.11
327.02
327.81
328.43
328.84
329.09
329.20
329.40
329.75
330.27
330.89
331.55
331.98
332.12
331.94
331.56
331.04
330.41
329.71
328.96
328.23
327.54
326.98
326.56
326.29
326.13
326.07
326.08
326.14
326.22
326.32
326.43
326.45
326.38
326.20
325.96
325.68
325.51
325.46
325.57
325.77
326.03
326.43
326.95
327.59
328.27
328.94
329.56
330.07
330.49
330.80
330.98
331.03
330.95
330.80
330.59
330.33
330.04
329.73
329.42
329.12
328.86
328.62
328.43
328.27
328.14
327.96
327.72
327.41
327.06
326.70
326.50
326.47
326.64
326.94
327.32
327.67
327.96
328.17
328.30
328.38
328.44
328.50
328.57
328.64
328.71
328.91
329.25
329.75
330.32
330.92
331.40
331.71
331.84
331.83
331.73
331.59
331.45
331.32
331.22
331.14
330.94
330.60
330.12
329.56
328.98
328.44
327.97
327.59
327.29
327.07
326.91
326.80
326.73
326.70
326.75
326.88
327.08
327.32
327.58
327.87
328.17
328.48
328.78
329.05
329.21
329.25
329.15
328.97
328.74
328.38
327.89
327.28
326.63
325.98
325.61
325.56
325.88
326.43
327.11
327.79
328.42
328.94
329.37
329.70
329.81
329.70
329.37
328.91
328.37
328.03
327.95
328.17
328.57
329.10
329.48
329.66
329.59
329.35
329.00
328.65
328.34
328.11
327.94
327.82
327.86
328.05
328.40
328.83
329.31
329.68
329.90
329.95
329.89
329.71
329.46
329.15
328.82
328.49
328.15
327.81
327.48
327.17
326.89
326.64
326.43
326.27
326.14
326.04
326.04
326.17
326.41
326.71
327.05
327.44
327.88
328.36
328.83
329.28
329.68
330.04
330.34
330.58
330.78
330.82
330.70
330.42
330.03
329.61
329.09
328.49
327.83
327.17
326.53
326.14
326.03
326.22
326.60
327.11
327.67
328.25
328.79
329.30
329.74
330.04
330.18
330.16
330.03
329.83
329.68
329.60
329.62
329.70
329.83
329.99
330.15
330.31
330.46
330.46
330.28
329.94
329.48
328.98
328.44
327.89
327.35
326.85
326.39
326.14
326.10
326.28
326.60
327.01
327.35
327.57
327.64
327.60
327.49
327.25
326.90
326.44
325.94
325.43
325.10
325.00
325.14
325.45
325.85
326.28
326.68
327.03
327.33
327.58
327.88
328.26
328.72
329.22
329.72
330.11
330.37
330.48
330.47
330.39
330.31
330.27
330.27
330.32
330.39
330.30
330.05
329.59
329.03
328.58
328.32
328.27
328.39
328.61
328.79
328.87
328.82
328.70
328.52
328.39
328.35
328.40
328.53
328.70
328.94
329.24
329.60
329.98
330.36
330.63
330.77
330.78
330.69
330.53
330.37
330.22
330.11
330.02
329.96
329.84
329.64
329.36
329.04
328.71
328.25
327.66
326.94
326.18
325.42
324.60
323.72
322.80
321.90
321.06
320.60
320.58
321.02
321.75
322.65
323.54
324.34
324.98
325.49
325.87
326.23
326.59
326.97
327.34
327.64
327.84
327.94
327.95
327.91
327.73
327.40
326.94
326.40
325.84
325.49
325.39
325.56
325.92
326.39
326.78
327.02
327.09
327.02
326.86
326.66
326.42
326.18
325.95
325.74
325.68
325.81
326.12
326.54
327.03
327.47
327.84
328.10
328.28
328.40
328.53
328.72
328.97
329.26
329.55
329.68
329.59
329.29
328.85
328.33
327.84
327.43
327.12
326.89
326.74
326.68
326.69
326.77
326.89
327.03
327.21
327.42
327.65
327.88
328.05
328.14
328.14
328.08
327.98
327.86
327.73
327.60
327.47
327.36
327.26
327.18
327.11
327.06
327.02
326.94
326.80
326.61
326.39
326.16
326.07
326.15
326.42
326.79
327.23
327.65
328.04
328.36
328.62
328.82
328.97
329.08
329.15
329.19
329.21
329.03
328.61
327.97
327.20
326.39
325.77
325.41
325.35
325.51
325.80
326.10
326.34
326.50
326.58
326.60
326.67
326.80
327.01
327.26
327.53
327.96
328.56
329.32
330.16
330.68
330.80
330.47
329.83
329.02
328.22
327.49
326.90
326.44
326.10
325.93
325.93
326.10
326.38
326.71
326.98
327.16
327.23
327.21
327.13
326.85
326.37
325.70
324.92
324.11
323.59
323.43
323.68
324.18
324.85
325.51
326.10
326.55
326.90
327.15
327.26
327.24
327.11
326.91
326.66
326.56
326.65
326.94
327.36
327.85
328.29
328.61
328.81
328.90
328.92
328.89
328.81
328.72
328.61
328.51
328.38
328.23
328.06
327.88
327.68
327.47
327.24
327.01
326.80
326.82
327.11
327.69
328.42
329.24
329.99
330.60
331.06
331.37
331.57
331.60
331.47
331.19
330.83
330.42
330.09
329.86
329.76
329.76
329.83
329.75
329.48
329.00
328.39
327.73
327.10
326.53
326.05
325.66
325.34
325.13
325.02
324.99
325.03
325.10
325.26
325.49
325.78
326.11
326.43
326.67
326.78
326.77
326.66
326.50
326.55
326.86
327.46
328.23
329.07
329.80
330.33
330.63
330.76
330.64
330.31
329.80
329.18
328.53
327.91
327.36
326.90
326.53
326.24
326.03
325.88
325.78
325.72
325.69
325.80
326.04
326.43
326.89
327.37
327.78
328.06
328.20
328.23
328.19
328.12
328.06
328.01
327.97
327.95
327.91
327.85
327.76
327.65
327.55
327.55
327.68
327.95
328.30
328.69
328.99
329.14
329.13
329.01
328.82
328.56
328.26
327.92
327.58
327.26
326.89
326.46
325.98
325.48
325.00
324.52
324.07
323.64
323.26
323.24
323.64
324.48
325.57
326.79
327.76
328.37
328.57
328.46
328.15
327.74
327.29
326.85
326.44
326.08
325.72
325.34
324.96
324.58
324.23
324.16
324.41
324.99
325.77
326.66
327.53
328.34
329.06
329.66
330.15
330.36
330.25
329.85
329.25
328.55
327.68
326.68
325.56
324.43
323.35
322.62
322.32
322.47
322.92
323.56
324.33
325.16
325.99
326.80
327.53
328.15
328.64
329.01
329.26
329.43
329.49
329.47
329.38
329.24
329.10
328.99
328.91
328.86
328.83
329.01
329.41
330.04
330.81
331.62
332.10
332.17
331.78
331.09
330.23
329.69
329.61
330.06
330.85
331.84
332.54
332.82
332.59
332.03
331.26
330.36
329.40
328.44
327.53
326.70
326.11
325.79
325.73
325.87
326.13
326.33
326.42
326.35
326.17
325.93
325.66
325.39
325.12
324.87
324.65
324.65
324.89
325.39
326.04
326.76
327.33
327.68
327.79
327.72
327.52
327.41
327.44
327.65
327.98
328.10
327.95
327.46
326.78
325.99
325.23
324.54
323.98
323.54
323.20
322.92
322.69
322.49
322.33
322.20
322.22
322.43
322.82
323.32
323.87
324.50
325.19
325.94
326.67
327.37
328.00
328.54
329.01
329.38
329.68
329.88
329.98
330.00
329.97
329.89
329.65
329.25
328.69
328.04
327.38
326.84
326.46
326.29
326.25
326.32
326.46
326.64
326.84
327.04
327.23
327.36
327.40
327.35
327.24
327.10
326.97
326.87
326.80
326.77
326.92
327.27
327.82
328.48
329.19
329.62
329.70
329.40
328.85
328.15
327.62
327.37
327.44
327.73
328.16
328.38
328.28
327.82
327.14
326.33
325.56
324.90
324.38
324.00
323.74
323.70
323.89
324.29
324.83
325.43
326.09
326.79
327.51
328.20
328.83
329.31
329.61
329.74
329.74
329.64
329.54
329.47
329.45
329.46
329.50
329.50
329.45
329.33
329.18
329.01
328.78
328.50
328.17
327.83
327.48
327.19
326.96
326.81
326.71
326.70
326.80
326.98
327.22
327.48
327.77
328.08
328.40
328.71
329.00
329.09
328.96
328.61
328.12
327.55
327.02
326.56
326.21
325.96
325.78
325.77
325.94
326.28
326.71
327.19
327.52
327.64
327.53
327.26
326.90
326.65
326.58
326.71
326.98
327.33
327.63
327.85
327.96
327.99
327.95
327.88
327.78
327.67
327.55
327.44
327.53
327.84
328.39
329.08
329.82
330.19
330.09
329.48
328.55
327.44
326.64
326.28
326.44
326.96
327.54
328.05
328.41
328.63
328.76
328.83
328.88
328.92
328.95
328.98
328.92
328.76
328.50
328.18
327.85
327.40
326.86
326.22
325.54
324.88
324.31
323.88
323.57
323.39
323.29
323.34
323.53
323.84
324.24
324.66
324.97
325.14
325.14
325.03
324.85
324.80
324.96
325.33
325.85
326.43
327.00
327.52
327.97
328.33
328.63
328.72
328.60
328.27
327.81
327.28
326.95
326.88
327.11
327.53
328.06
328.59
329.07
329.45
329.74
329.83
329.70
329.36
328.89
328.35
327.87
327.51
327.27
327.15
327.11
327.18
327.36
327.62
327.93
328.26
328.48
328.55
328.47
328.27
328.02
327.78
327.61
327.50
327.45
327.45
327.48
327.52
327.58
327.65
327.71
327.77
327.82
327.87
327.91
327.94
327.94
327.91
327.83
327.73
327.63
327.49
327.33
327.15
326.96
326.77
326.68
326.70
326.84
327.05
327.30
327.52
327.67
327.74
327.74
327.71
327.70
327.74
327.83
327.96
327.97
327.83
327.53
327.13
326.69
326.26
325.87
325.56
325.31
325.12
325.03
325.05
325.16
325.34
325.56
325.92
326.43
327.09
327.81
328.54
329.13
329.54
329.74
329.79
329.73
329.64
329.58
329.56
329.56
329.59
329.74
330.02
330.43
330.90
331.40
331.76
331.93
331.89
331.71
331.44
331.17
330.95
330.79
330.70
330.64
330.65
330.72
330.83
330.98
331.13
331.23
331.26
331.22
331.12
330.99
330.85
330.71
330.57
330.44
330.40
330.48
330.67
330.92
331.21
331.33
331.21
330.86
330.35
329.76
329.36
329.22
329.37
329.73
330.21
330.51
330.54
330.27
329.80
329.21
328.68
328.27
328.03
327.91
327.88
327.76
327.50
327.08
326.57
326.02
325.58
325.29
325.18
325.20
325.31
325.43
325.51
325.54
325.54
325.50
325.59
325.81
326.20
326.67
327.18
327.63
328.00
328.25
328.42
328.51
328.71
329.05
329.56
330.15
330.77
331.32
331.77
332.10
332.33
332.47
332.38
332.06
331.51
330.83
330.17
329.61
329.19
328.88
328.67
328.51
328.39
328.28
328.19
328.12
327.93
327.60
327.12
326.56
325.98
325.61
325.48
325.64
325.98
326.43
326.83
327.13
327.27
327.30
327.26
327.37
327.70
328.26
328.97
329.73
330.38
330.88
331.17
331.32
331.35
331.14
330.69
330.02
329.23
328.39
327.71
327.23
326.99
326.93
326.99
327.15
327.36
327.59
327.83
328.06
328.19
328.20
328.10
327.91
327.68
327.50
327.42
327.45
327.55
327.54
327.37
327.02
326.55
326.04
325.57
325.19
324.90
324.71
324.59
324.59
324.68
324.87
325.12
325.40
325.70
326.02
326.36
326.68
326.97
327.18
327.29
327.30
327.23
327.12
326.93
326.67
326.34
325.99
325.63
325.43
325.41
325.59
325.90
326.28
326.69
327.11
327.50
327.85
328.16
328.34
328.38
328.29
328.10
327.85
327.69
327.64
327.74
327.92
328.17
328.35
328.45
328.44
328.36
328.23
328.05
327.82
327.57
327.30
327.05
326.82
326.61
326.43
326.28
326.30
326.49
326.87
327.36
327.89
328.40
328.86
329.25
329.55
329.79
329.84
329.68
329.32
328.83
328.29
327.89
327.70
327.74
327.94
328.25
328.64
329.08
329.54
330.00
330.42
330.67
330.72
330.55
330.24
329.86
329.35
328.75
328.08
327.39
326.72
326.24
325.99
325.97
326.12
326.38
326.62
326.80
326.88
326.89
326.85
326.88
327.02
327.27
327.60
327.95
328.15
328.15
327.92
327.56
327.19
326.88
326.68
326.55
326.48
326.54
326.73
327.04
327.41
327.81
328.13
328.33
328.40
328.37
328.28
328.18
328.08
328.01
327.96
327.92
327.93
327.98
328.07
328.18
328.30
328.37
328.37
328.30
328.18
328.04
327.80
327.47
327.05
326.59
326.14
325.97
326.15
326.69
327.46
328.35
329.17
329.84
330.32
330.64
330.83
330.95
331.02
331.06
331.09
331.11
331.01
330.78
330.41
329.97
329.51
329.16
328.95
328.92
329.01
329.07
329.06
328.94
328.75
328.52
328.31
328.13
328.00
327.91
327.85
327.92
328.14
328.49
328.93
329.40
329.68
329.73
329.50
329.10
328.61
328.09
327.60
327.18
326.82
326.52
326.23
325.93
325.62
325.32
325.04
324.83
324.73
324.72
324.79
324.90
324.93
324.84
324.63
324.35
324.02
323.90
324.03
324.44
325.03
325.70
326.33
326.84
327.21
327.45
327.60
327.73
327.86
328.01
328.17
328.32
328.50
328.68
328.89
329.09
329.01
328.61
327.87
326.93
325.90
324.91
324.04
323.32
322.75
322.30
322.19
322.42
322.99
323.76
324.64
325.43
326.07
326.51
326.80
326.95
327.04
327.08
327.11
327.12
327.13
327.17
327.28
327.44
327.64
327.86
328.04
328.18
328.27
328.31
328.33
328.38
328.47
328.62
328.79
328.98
329.04
328.92
328.64
328.24
327.79
327.35
326.96
326.63
326.37
326.16
326.15
326.33
326.70
327.20
327.74
328.22
328.59
328.81
328.92
328.98
329.01
329.03
329.04
329.04
329.07
329.13
329.22
329.32
329.43
329.45
329.38
329.20
328.96
328.68
328.32
327.88
327.36
326.81
326.28
325.79
325.35
324.97
324.65
324.39
324.24
324.20
324.27
324.41
324.60
324.83
325.09
325.38
325.67
325.94
326.27
326.66
327.11
327.58
328.04
328.28
328.26
327.96
327.49
326.92
326.50
326.29
326.35
326.58
326.93
327.37
327.85
328.36
328.86
329.32
329.55
329.50
329.18
328.67
328.10
327.51
326.97
326.49
326.07
325.77
325.60
325.55
325.60
325.71
325.91
326.18
326.53
326.90
327.28
327.52
327.62
327.54
327.35
327.09
326.93
326.92
327.07
327.34
327.67
327.86
327.87
327.67
327.33
326.92
326.55
326.28
326.13
326.07
326.08
326.05
325.96
325.80
325.58
325.35
325.33
325.56
326.07
326.74
327.50
328.13
328.58
328.81
328.88
328.82
328.69
328.50
328.29
328.08
327.87
327.70
327.59
327.53
327.51
327.72
328.15
328.83
329.63
330.48
331.13
331.51
331.59
331.45
331.17
330.75
330.23
329.64
329.03
328.44
327.98
327.67
327.52
327.50
327.56
327.60
327.59
327.49
327.34
327.17
326.90
326.55
326.11
325.64
325.16
324.88
324.82
325.00
325.34
325.77
326.09
326.23
326.15
325.93
325.62
325.44
325.47
325.74
326.15
326.64
327.20
327.77
328.35
328.90
329.39
329.74
329.94
329.97
329.89
329.73
329.50
329.22
328.90
328.58
328.21
327.81
327.38
326.95
326.55
326.15
325.78
325.42
325.09
324.80
324.64
324.61
324.72
324.91
325.16
325.41
325.63
325.80
325.93
326.03
326.09
326.13
326.16
326.16
326.16
326.09
325.96
325.77
325.54
325.29
325.13
325.08
325.14
325.29
325.48
325.65
325.75
325.79
325.77
325.72
325.69
325.72
325.81
325.93
326.08
326.17
326.21
326.17
326.07
325.95
325.90
325.93
326.06
326.26
326.49
326.84
327.31
327.89
328.51
329.06
329.47
329.74
329.89
329.95
329.86
329.63
329.27
328.85
328.40
327.93
327.46
326.99
326.56
326.18
325.82
325.48
325.17
324.88
324.64
324.62
324.85
325.35
325.99
326.71
327.29
327.65
327.76
327.69
327.50
327.20
326.84
326.43
326.01
325.62
325.25
324.93
324.65
324.42
324.24
324.21
324.33
324.62
325.00
325.42
325.83
326.20
326.49
326.73
326.91
327.17
327.55
328.05
328.61
329.19
329.61
329.83
329.83
329.69
329.52
329.39
329.33
329.32
329.35
329.30
329.15
328.87
328.52
328.14
327.76
327.40
327.07
326.79
326.54
326.45
326.52
326.76
327.10
327.49
327.74
327.79
327.63
327.32
326.93
326.76
326.90
327.37
328.06
328.86
329.48
329.84
329.88
329.71
329.38
328.92
328.37
327.74
327.10
326.49
326.03
325.77
325.70
325.77
325.94
326.34
326.94
327.74
328.63
329.55
330.16
330.39
330.21
329.76
329.13
328.39
327.59
326.79
326.03
325.49
325.22
325.23
325.44
325.78
326.19
326.63
327.06
327.47
327.83
328.21
328.59
328.99
329.38
329.73
330.00
330.16
330.21
330.18
330.09
330.00
329.93
329.88
329.85
329.84
329.92
330.10
330.38
330.72
331.08
331.14
330.84
330.16
329.24
328.21
327.24
326.40
325.74
325.23
324.87
324.72
324.80
325.07
325.48
325.95
326.28
326.42
326.34
326.10
325.76
325.41
325.07
324.78
324.53
324.33
324.33
324.56
325.00
325.58
326.12
326.54
326.81
326.95
327.00
326.99
326.92
326.82
326.71
326.60
326.70
327.05
327.67
328.44
329.28
329.91
330.24
330.25
330.03
329.66
329.21
328.72
328.23
327.77
327.35
327.04
326.84
326.77
326.78
326.86
327.05
327.36
327.77
328.23
328.70
329.15
329.57
329.93
330.25
330.51
330.53
330.29
329.79
329.12
328.39
327.71
327.17
326.77
326.51
326.35
326.19
326.01
325.77
325.51
325.24
324.96
324.68
324.39
324.11
324.04
324.22
324.65
325.24
325.91
326.44
326.76
326.83
326.73
326.52
326.50
326.76
327.32
328.07
328.92
329.65
330.19
330.51
330.65
330.66
330.63
330.61
330.61
330.63
330.67
330.66
330.59
330.45
330.28
330.09
329.88
329.64
329.38
329.13
328.89
328.54
328.07
327.47
326.81
326.14
325.69
325.51
325.63
325.94
326.38
326.77
327.06
327.21
327.24
327.20
327.19
327.24
327.37
327.54
327.74
327.85
327.82
327.65
327.39
327.13
326.92
326.77
326.68
326.64
326.57
326.47
326.32
326.14
325.96
325.96
326.20
326.67
327.29
327.97
328.51
328.83
328.90
328.80
328.58
328.10
327.37
326.41
325.34
324.25
323.45
323.01
322.97
323.21
323.63
324.08
324.49
324.80
325.03
325.19
325.34
325.51
325.71
325.92
326.12
326.29
326.40
326.46
326.47
326.46
326.29
325.96
325.46
324.87
324.25
323.86
323.75
323.95
324.37
324.98
325.75
326.62
327.52
328.39
329.09
329.57
329.82
329.90
329.86
329.54
328.95
328.12
327.15
326.15
325.27
324.59
324.14
323.87
323.74
323.71
323.76
323.87
324.00
324.14
324.37
324.69
325.08
325.52
325.95
326.16
326.08
325.69
325.12
324.45
323.87
323.46
323.26
323.20
323.26
323.45
323.75
324.13
324.55
324.97
325.43
325.92
326.43
326.92
327.37
327.54
327.37
326.86
326.14
325.30
324.54
323.92
323.50
323.22
323.21
323.44
323.90
324.49
325.15
325.95
326.87
327.90
328.95
329.95
330.66
331.01
330.99
330.71
330.26
329.91
329.73
329.78
329.99
330.29
330.60
330.86
331.05
331.18
331.27
331.18
330.90
330.45
329.89
329.30
328.78
328.39
328.15
328.03
327.99
328.05
328.18
328.37
328.59
328.82
328.99
329.08
329.09
329.04
328.94
328.83
328.70
328.58
328.46
328.35
328.26
328.18
328.11
328.06
328.02
327.78
327.30
326.57
325.71
325.18
325.09
325.50
326.25
327.18
327.91
328.30
328.29
328.01
327.54
326.99
326.44
325.92
325.45
325.05
324.81
324.77
324.91
325.17
325.51
326.01
326.67
327.47
328.32
329.17
329.81
330.19
330.29
330.18
329.93
329.63
329.32
329.03
328.77
328.55
328.47
328.55
328.79
329.13
329.52
329.77
329.82
329.65
329.34
328.94
328.59
328.32
328.17
328.11
328.11
328.08
327.99
327.82
327.60
327.36
327.05
326.65
326.17
325.67
325.23
324.88
324.64
324.49
324.42
324.31
324.16
323.94
323.67
323.40
323.24
323.23
323.36
323.60
323.89
324.18
324.45
324.66
324.83
324.95
325.12
325.36
325.66
326.00
326.35
326.76
327.23
327.76
328.31
328.84
329.19
329.33
329.25
329.02
328.70
328.25
327.70
327.06
326.39
325.74
325.49
325.70
326.40
327.40
328.56
329.43
329.86
329.80
329.40
328.77
328.05
327.31
326.62
326.00
325.45
325.21
325.29
325.71
326.34
326.92
327.36
327.59
327.67
327.64
327.48
327.20
326.84
326.43
326.02
325.75
325.67
325.80
326.05
326.39
326.69
326.90
327.00
327.01
326.97
327.00
327.12
327.36
327.67
328.01
328.25
328.35
328.30
328.14
327.91
327.67
327.46
327.29
327.15
327.04
326.99
327.00
327.06
327.15
327.26
327.35
327.41
327.42
327.41
327.39
327.56
327.97
328.63
329.44
330.30
331.02
331.54
331.82
331.92
331.89
331.63
331.16
330.50
329.75
329.02
328.37
327.85
327.43
327.12
326.89
326.74
326.65
326.60
326.59
326.44
326.13
325.64
325.04
324.41
323.92
323.62
323.54
323.61
323.79
324.00
324.22
324.42
324.59
324.73
324.94
325.26
325.68
326.16
326.64
327.13
327.62
328.08
328.51
328.89
329.09
329.07
328.84
328.47
328.03
327.53
327.01
326.48
325.98
325.52
325.33
325.45
325.88
326.51
327.24
327.91
328.43
328.77
328.97
329.06
329.09
329.10
329.09
329.09
329.18
329.40
329.75
330.16
330.61
330.94
331.12
331.14
331.03
330.85
330.62
330.38
330.13
329.90
329.69
329.56
329.52
329.57
329.68
329.83
329.81
329.58
329.12
328.52
327.86
327.27
326.81
326.49
326.29
326.20
326.22
326.36
326.60
326.90
327.22
327.59
328.01
328.46
328.91
329.34
329.81
330.32
330.88
331.44
331.96
332.47
332.94
333.39
333.78
334.13
334.09
333.64
332.75
331.61
330.34
329.15
328.10
327.26
326.60
326.10
325.75
325.52
325.38
325.31
325.39
325.59
325.92
326.31
326.73
327.17
327.62
328.06
328.47
328.84
329.06
329.10
328.96
328.71
328.38
327.95
327.42
326.81
326.19
325.57
324.98
324.42
323.90
323.43
323.03
322.93
323.17
323.76
324.56
325.46
326.42
327.37
328.29
329.13
329.87
330.35
330.53
330.41
330.10
329.65
329.04
328.29
327.43
326.53
325.66
324.89
324.23
323.70
323.29
322.99
322.86
322.90
323.09
323.38
323.56
323.58
323.40
323.09
322.71
322.62
322.90
323.58
324.51
325.56
326.56
327.43
328.12
328.66
329.05
329.38
329.66
329.94
330.19
330.40
330.48
330.40
330.17
329.83
329.45
329.07
328.74
328.46
328.25
328.08
328.04
328.13
328.35
328.64
328.97
329.32
329.64
329.95
330.22
330.45
330.45
330.20
329.70
329.04
328.31
327.70
327.27
327.07
327.03
327.11
327.21
327.29
327.34
327.35
327.34
327.59
328.13
328.98
330.00
330.86
331.42
331.63
331.59
331.37
330.98
330.46
329.87
329.24
328.63
327.87
326.96
325.90
324.78
323.69
323.05
322.95
323.41
324.25
325.30
326.27
327.02
327.50
327.75
327.83
327.95
328.17
328.53
328.97
329.44
329.77
329.92
329.87
329.68
329.41
329.06
328.66
328.25
327.83
327.44
327.31
327.46
327.92
328.57
329.31
330.08
330.83
331.53
332.15
332.68
332.86
332.64
332.03
331.17
330.18
329.30
328.59
328.12
327.84
327.81
328.01
328.42
328.95
329.54
330.03
330.37
330.54
330.57
330.51
330.39
330.23
330.05
329.87
329.70
329.43
329.06
328.59
328.06
327.53
327.02
326.56
326.15
325.80
325.51
325.31
325.20
325.16
325.17
325.23
325.20
325.07
324.81
324.48
324.11
324.04
324.32
324.98
325.87
326.87
327.59
327.89
327.74
327.27
326.61
326.11
325.89
326.01
326.36
326.85
327.26
327.50
327.54
327.43
327.23
326.88
326.42
325.86
325.26
324.93
324.95
325.34
325.96
326.73
327.44
328.02
328.42
328.68
328.83
328.81
328.63
328.31
327.91
327.48
327.09
326.79
326.59
326.47
326.42
326.54
326.86
327.35
327.95
328.58
329.13
329.54
329.81
329.95
330.00
329.84
329.49
328.95
328.31
327.63
327.03
326.58
326.28
326.11
326.04
326.20
326.60
327.22
327.96
328.75
329.56
330.35
331.10
331.78
332.37
332.77
332.95
332.93
332.75
332.48
332.02
331.39
330.61
329.76
328.97
328.28
327.73
327.30
326.99
326.74
326.54
326.37
326.24
326.13
326.10
326.15
326.29
326.47
326.69
326.93
327.20
327.49
327.77
328.03
328.32
328.64
328.99
329.34
329.68
329.96
330.17
330.31
330.39
330.42
330.43
330.41
330.37
330.32
330.28
330.01
329.51
328.75
327.86
326.92
326.19
325.73
325.59
325.67
325.90
326.23
326.61
327.00
327.39
327.74
328.03
328.24
328.38
328.46
328.48
328.53
328.62
328.75
328.91
329.08
329.25
329.41
329.55
329.67
329.78
329.86
329.93
329.98
330.02
329.99
329.89
329.72
329.51
329.28
329.18
329.25
329.50
329.86
330.29
330.57
330.65
330.52
330.23
329.86
329.37
328.78
328.11
327.42
326.75
326.22
325.85
325.65
325.58
325.61
325.81
326.17
326.69
327.28
327.89
328.62
329.46
330.40
331.35
332.27
332.79
332.85
332.42
331.66
330.73
329.95
329.45
329.29
329.37
329.63
329.82
329.89
329.78
329.56
329.40
329.36
329.47
329.69
329.96
330.26
330.57
330.86
331.12
331.35
331.39
331.21
330.80
330.26
329.65
329.14
328.77
328.58
328.52
328.56
328.69
328.89
329.14
329.42
329.70
329.86
329.87
329.72
329.48
329.17
328.76
328.26
327.68
327.08
326.49
326.13
326.05
326.25
326.65
327.16
327.73
328.30
328.84
329.34
329.77
330.15
330.45
330.70
330.88
331.02
331.01
330.84
330.52
330.10
329.65
329.18
328.74
328.34
327.99
327.53
326.94
326.20
325.41
324.62
324.04
323.70
323.65
323.78
324.05
324.45
324.95
325.51
326.10
326.66
327.15
327.56
327.86
328.09
328.24
328.30
328.29
328.22
328.10
327.96
327.75
327.49
327.17
326.83
326.50
326.29
326.24
326.35
326.56
326.85
327.27
327.82
328.48
329.18
329.88
330.35
330.54
330.43
330.12
329.68
329.30
329.07
329.01
329.07
329.22
329.47
329.81
330.21
330.65
331.08
331.35
331.43
331.30
331.03
330.50
329.71
328.69
327.56
326.42
325.63
325.27
325.37
325.80
326.43
327.09
327.70
328.19
328.58
328.87
329.06
329.15
329.15
329.09
328.99
328.70
328.23
327.56
326.79
326.00
325.23
324.52
323.89
323.34
322.89
322.66
322.66
322.89
323.28
323.74
324.11
324.32
324.35
324.24
324.04
324.01
324.20
324.65
325.24
325.91
326.55
327.10
327.53
327.86
328.10
328.24
328.28
328.24
328.14
328.02
327.95
327.98
328.11
328.29
328.30
328.08
327.60
326.96
326.25
325.74
325.50
325.58
325.86
326.29
326.57
326.63
326.42
326.04
325.56
325.30
325.34
325.72
326.33
327.06
327.78
328.43
328.97
329.40
329.74
329.88
329.83
329.58
329.22
328.80
328.38
327.99
327.67
327.41
327.21
327.05
326.94
326.87
326.82
326.80
326.66
326.38
325.95
325.44
324.90
324.47
324.20
324.10
324.14
324.26
324.55
324.99
325.56
326.20
326.86
327.45
327.97
328.38
328.71
328.93
329.04
329.07
329.03
328.94
328.86
328.80
328.77
328.76
328.76
328.83
328.97
329.17
329.42
329.67
329.81
329.81
329.67
329.42
329.12
328.58
327.80
326.78
325.65
324.50
323.67
323.24
323.25
323.56
324.07
324.53
324.85
324.97
324.96
324.84
324.71
324.61
324.56
324.55
324.57
324.66
324.82
325.04
325.31
325.59
325.67
325.52
325.11
324.56
323.93
323.43
323.15
323.10
323.22
323.45
323.70
323.91
324.07
324.17
324.16
324.02
323.76
323.43
323.07
322.87
322.87
323.09
323.45
323.89
324.29
324.59
324.77
324.86
324.87
325.00
325.27
325.71
326.26
326.83
327.44
328.03
328.61
329.15
329.62
329.81
329.69
329.24
328.60
327.85
327.22
326.80
326.62
326.62
326.75
326.99
327.30
327.66
328.04
328.42
328.76
329.07
329.33
329.55
329.73
329.90
330.06
330.23
330.38
330.52
330.49
330.25
329.80
329.23
328.61
328.06
327.63
327.35
327.18
327.11
327.11
327.16
327.24
327.33
327.38
327.37
327.28
327.16
327.01
326.64
326.02
325.16
324.17
323.15
322.24
321.50
320.95
320.57
320.32
320.32
320.56
321.01
321.60
322.24
323.01
323.86
324.78
325.71
326.59
327.34
327.92
328.34
328.61
328.77
328.92
329.09
329.32
329.57
329.82
329.92
329.85
329.60
329.23
328.80
328.42
328.15
328.01
327.96
327.98
327.89
327.65
327.23
326.71
326.14
325.66
325.30
325.09
324.99
325.07
325.35
325.79
326.32
326.89
327.43
327.91
328.30
328.61
328.85
328.97
328.98
328.88
328.71
328.50
328.24
327.96
327.65
327.35
327.07
326.89
326.84
326.92
327.09
327.31
327.55
327.80
328.04
328.26
328.45
328.32
327.83
326.95
325.86
324.68
323.71
323.04
322.73
322.69
322.84
323.14
323.54
324.01
324.49
324.97
325.22
325.22
324.93
324.47
323.91
323.44
323.13
323.01
323.03
323.15
323.50
324.06
324.82
325.69
326.47
327.10
327.54
327.82
327.97
327.97
327.84
327.59
327.28
326.94
326.79
326.87
327.19
327.68
328.25
328.67
328.85
328.78
328.53
328.16
327.71
327.21
326.68
326.17
325.70
325.22
324.74
324.26
323.80
323.38
323.20
323.29
323.66
324.21
324.84
325.51
326.17
326.78
327.32
327.80
328.25
328.68
329.11
329.51
329.87
330.08
330.11
329.97
329.71
329.38
329.00
328.59
328.16
327.74
327.36
326.99
326.64
326.30
326.00
325.79
325.68
325.67
325.73
325.85
325.94
325.97
325.95
325.88
325.79
325.70
325.65
325.63
325.64
325.66
325.72
325.82
325.95
326.10
326.25
326.37
326.45
326.48
326.47
326.45
326.51
326.69
326.99
327.36
327.76
328.11
328.37
328.54
328.63
328.65
328.51
328.17
327.66
327.06
326.42
325.97
325.78
325.87
326.16
326.56
326.92
327.18
327.30
327.31
327.25
327.14
327.00
326.85
326.70
326.56
326.48
326.48
326.56
326.70
326.78
326.78
326.69
326.54
326.34
326.09
325.77
325.39
325.00
324.63
324.27
323.96
323.69
323.46
323.27
323.16
323.11
323.12
323.18
323.26
323.60
324.22
325.12
326.17
327.28
328.06
328.44
328.35
327.96
327.36
326.76
326.25
325.88
325.62
325.46
325.46
325.61
325.89
326.26
326.66
327.04
327.37
327.64
327.84
328.00
328.16
328.34
328.56
328.79
329.01
329.17
329.25
329.23
329.16
329.04
328.82
328.51
328.10
327.65
327.38
327.34
327.56
327.96
328.45
328.80
328.93
328.81
328.53
328.14
327.62
327.00
326.29
325.57
324.87
324.47
324.41
324.73
325.29
325.98
326.76
327.58
328.38
329.14
329.83
330.45
331.01
331.51
331.94
332.29
332.40
332.22
331.76
331.13
330.42
329.47
328.30
326.92
325.49
324.08
322.95
322.18
321.79
321.69
321.79
322.06
322.45
322.91
323.40
323.88
324.49
325.24
326.13
327.06
327.98
328.84
329.61
330.28
330.84
331.08
330.98
330.53
329.87
329.09
328.41
327.90
327.60
327.46
327.45
327.57
327.82
328.16
328.55
328.96
329.24
329.38
329.34
329.20
328.97
328.74
328.52
328.34
328.20
328.09
327.95
327.78
327.56
327.33
327.09
326.92
326.83
326.83
326.90
327.00
327.10
327.18
327.22
327.24
327.24
327.26
327.29
327.36
327.43
327.52
327.53
327.43
327.24
326.98
326.70
326.30
325.79
325.18
324.53
323.88
323.46
323.32
323.47
323.81
324.28
324.80
325.34
325.86
326.34
326.85
327.38
327.95
328.51
329.04
329.40
329.59
329.58
329.43
329.20
328.81
328.28
327.63
326.93
326.22
325.69
325.37
325.29
325.38
325.58
325.83
326.07
326.30
326.49
326.65
326.73
326.72
326.62
326.47
326.28
326.08
325.88
325.69
325.53
325.38
325.45
325.75
326.29
326.98
327.73
328.41
328.95
329.33
329.58
329.73
329.79
329.79
329.75
329.68
329.60
329.45
329.25
328.98
328.69
328.32
327.86
327.34
326.79
326.26
325.87
325.66
325.64
325.75
325.95
326.30
326.80
327.43
328.11
328.80
329.40
329.88
330.22
330.45
330.58
330.52
330.24
329.76
329.18
328.54
328.07
327.81
327.80
327.97
328.25
328.56
328.87
329.15
329.39
329.59
329.75
329.88
329.98
330.04
330.09
330.20
330.38
330.65
330.97
331.29
331.40
331.24
330.80
330.18
329.46
328.78
328.18
327.69
327.32
327.03
326.84
326.71
326.63
326.60
326.54
326.45
326.30
326.13
325.95
325.83
325.78
325.81
325.89
326.01
326.12
326.20
326.25
326.27
326.27
326.52
327.07
327.93
328.97
330.07
330.87
331.26
331.20
330.82
330.25
329.62
329.01
328.48
328.03
327.65
327.31
326.96
326.62
326.29
325.99
325.84
325.84
326.02
326.30
326.64
326.87
326.95
326.84
326.62
326.32
326.07
325.90
325.84
325.86
325.94
326.10
326.34
326.66
327.00
327.35
327.71
328.07
328.42
328.76
329.08
329.40
329.71
330.00
330.25
330.39
330.40
330.27
330.07
329.81
329.56
329.34
329.17
329.04
328.95
328.81
328.60
328.31
327.99
327.65
327.31
326.95
326.60
326.27
325.97
325.81
325.82
325.99
326.28
326.62
327.07
327.61
328.22
328.85
329.46
330.10
330.78
331.47
332.15
332.78
333.10
333.06
332.66
332.02
331.25
330.51
329.87
329.38
329.01
328.75
328.59
328.49
328.45
328.45
328.48
328.61
328.84
329.17
329.56
329.96
330.35
330.71
331.03
331.31
331.48
331.56
331.52
331.42
331.27
331.10
330.92
330.74
330.58
330.44
330.12
329.62
328.91
328.10
327.26
326.47
325.77
325.18
324.71
324.34
324.12
324.03
324.08
324.22
324.41
324.60
324.77
324.90
325.00
325.06
325.30
325.72
326.36
327.10
327.89
328.66
329.38
330.02
330.58
331.04
331.34
331.46
331.42
331.26
331.03
330.73
330.39
330.02
329.65
329.31
328.76
327.97
326.94
325.79
324.84
324.18
323.87
323.82
323.95
324.15
324.37
324.55
324.71
324.83
324.95
325.08
325.22
325.36
325.49
325.56
325.55
325.46
325.32
325.15
324.91
324.62
324.28
323.91
323.56
323.52
323.85
324.57
325.53
326.60
327.50
328.15
328.49
328.59
328.53
328.24
327.76
327.11
326.39
325.64
325.22
325.20
325.59
326.27
327.10
328.03
328.98
329.92
330.79
331.58
332.26
332.83
333.29
333.65
333.92
334.06
334.08
333.98
333.80
333.48
333.01
332.41
331.76
331.10
330.63
330.41
330.44
330.65
330.98
331.00
330.61
329.77
328.66
327.42
326.37
325.61
325.21
325.07
325.14
325.09
324.86
324.38
323.76
323.07
322.55
322.28
322.29
322.50
322.83
323.26
323.74
324.26
324.77
325.24
325.72
326.21
326.70
327.16
327.59
327.88
328.03
328.02
327.91
327.73
327.53
327.36
327.21
327.10
327.02
327.09
327.34
327.76
328.28
328.85
329.15
329.11
328.70
328.05
327.39
326.79
326.33
325.99
325.75
325.49
325.18
324.79
324.36
323.94
323.67
323.60
323.73
323.99
324.34
324.83
325.45
326.18
326.95
327.71
328.36
328.88
329.25
329.50
329.64
329.71
329.72
329.69
329.63
329.55
329.39
329.14
328.79
328.40
328.00
327.61
327.25
326.93
326.66
326.43
326.33
326.36
326.52
326.77
327.06
327.24
327.25
327.09
326.81
326.47
326.09
325.72
325.36
325.04
324.76
324.52
324.33
324.18
324.06
324.08
324.25
324.57
324.98
325.43
325.93
326.47
327.04
327.60
328.12
328.48
328.65
328.63
328.47
328.23
328.18
328.39
328.89
329.57
330.34
330.93
331.29
331.36
331.24
330.97
330.47
329.74
328.82
327.81
326.79
326.04
325.61
325.55
325.74
326.10
326.49
326.82
327.07
327.23
327.34
327.34
327.24
327.06
326.82
326.55
326.49
326.70
327.17
327.82
328.55
329.17
329.60
329.82
329.88
329.93
330.02
330.18
330.40
330.64
330.77
330.77
330.62
330.37
330.07
329.81
329.60
329.48
329.43
329.42
329.15
328.56
327.64
326.54
325.36
324.43
323.85
323.67
323.77
324.07
324.22
324.13
323.74
323.16
322.47
322.16
322.31
322.99
324.01
325.20
326.42
327.59
328.64
329.56
330.34
330.94
331.38
331.67
331.84
331.91
331.88
331.78
331.61
331.41
331.19
330.94
330.68
330.41
330.14
329.90
329.78
329.82
330.02
330.31
330.42
330.28
329.84
329.22
328.51
327.82
327.22
326.73
326.35
326.06
325.78
325.47
325.12
324.76
324.42
324.34
324.58
325.14
325.90
326.76
327.51
328.07
328.41
328.57
328.60
328.59
328.58
328.59
328.62
328.66
328.71
328.76
328.81
328.85
328.89
328.95
329.03
329.14
329.27
329.39
329.57
329.79
330.07
330.36
330.66
330.67
330.35
329.68
328.80
327.82
327.03
326.53
326.37
326.45
326.69
327.15
327.78
328.56
329.39
330.03
330.42
330.50
330.38
330.11
329.78
329.44
329.13
328.85
328.60
328.48
328.49
328.63
328.86
329.13
329.45
329.79
330.15
330.50
330.83
330.96
330.87
330.54
330.07
329.52
328.95
328.39
327.87
327.41
327.01
326.70
326.49
326.37
326.31
326.31
326.46
326.75
327.18
327.68
328.22
328.66
328.97
329.14
329.20
329.17
329.15
329.15
329.19
329.27
329.36
329.43
329.47
329.48
329.45
329.41
329.28
329.05
328.73
328.36
328.08
327.93
327.94
328.06
328.24
328.49
328.79
329.11
329.44
329.76
329.94
329.96
329.82
329.57
329.25
328.81
328.24
327.56
326.84
326.13
325.73
325.71
326.08
326.71
327.49
328.09
328.41
328.40
328.16
327.77
327.34
326.95
326.62
326.36
326.16
325.98
325.81
325.66
325.51
325.38
325.54
326.02
326.84
327.85
328.93
329.92
330.71
331.29
331.68
331.91
331.79
331.30
330.46
329.42
328.29
327.30
326.52
326.00
325.69
325.46
325.26
325.06
324.86
324.67
324.69
324.95
325.45
326.10
326.82
327.38
327.73
327.83
327.75
327.55
327.24
326.87
326.45
326.03
325.62
325.25
324.93
324.65
324.42
324.24
324.28
324.58
325.13
325.83
326.60
327.26
327.77
328.08
328.25
328.29
328.23
328.08
327.86
327.61
327.35
327.17
327.11
327.16
327.30
327.49
327.73
328.00
328.30
328.60
328.89
329.09
329.21
329.22
329.17
329.06
328.88
328.63
328.31
327.96
327.62
327.29
326.99
326.72
326.50
326.24
325.92
325.54
325.14
324.74
324.48
324.38
324.44
324.63
324.88
325.26
325.73
326.29
326.88
327.46
327.98
328.41
328.74
328.99
329.16
329.17
329.00
328.67
328.25
327.77
327.37
327.09
326.93
326.89
326.91
326.99
327.09
327.22
327.34
327.47
327.51
327.44
327.26
327.01
326.73
326.58
326.59
326.77
327.08
327.45
327.71
327.81
327.74
327.54
327.26
326.87
326.37
325.79
325.18
324.80
324.70
324.91
325.34
325.88
326.38
326.76
326.98
327.09
327.11
327.19
327.39
327.72
328.13
328.57
328.90
329.08
329.10
329.00
328.82
328.63
328.44
328.29
328.17
328.08
328.06
328.12
328.27
328.46
328.68
328.96
329.29
329.67
330.05
330.43
330.67
330.75
330.66
330.45
330.18
329.97
329.89
329.94
330.09
330.29
330.31
330.10
329.62
328.98
328.27
327.71
327.35
327.25
327.32
327.51
327.81
328.17
328.58
328.99
329.28
329.42
329.38
329.23
329.01
328.90
328.97
329.23
329.61
330.06
330.40
330.58
330.56
330.42
330.18
329.93
329.69
329.49
329.32
329.18
329.02
328.83
328.60
328.35
328.10
327.84
327.58
327.31
327.05
326.81
326.71
326.76
326.96
327.27
327.64
328.04
328.47
328.91
329.33
329.71
329.80
329.57
329.01
328.24
327.36
326.52
325.77
325.14
324.64
324.26
324.09
324.12
324.35
324.71
325.13
325.50
325.78
325.93
325.98
325.94
325.82
325.64
325.43
325.20
325.01
324.85
324.76
324.70
324.68
324.79
325.03
325.42
325.88
326.37
326.80
327.14
327.37
327.51
327.58
327.66
327.75
327.89
328.04
328.20
328.41
328.66
328.97
329.29
329.61
329.77
329.75
329.54
329.20
328.79
328.25
327.59
326.82
326.03
325.26
324.87
324.92
325.44
326.26
327.25
328.04
328.51
328.60
328.42
328.05
327.68
327.39
327.22
327.14
327.13
327.17
327.24
327.33
327.43
327.56
327.71
327.89
328.07
328.25
328.47
328.73
329.03
329.35
329.66
329.98
330.30
330.61
330.90
331.17
331.40
331.59
331.75
331.87
331.96
332.03
332.08
332.11
332.12
332.12
331.96
331.60
331.06
330.40
329.71
328.95
328.13
327.29
326.47
325.71
325.16
324.87
324.82
324.97
325.23
325.75
326.51
327.50
328.59
329.70
330.55
331.06
331.20
331.08
330.77
330.30
329.71
329.05
328.37
327.71
327.22
326.91
326.80
326.85
327.10
327.54
328.14
328.82
329.52
330.17
330.74
331.20
331.57
331.85
331.90
331.69
331.24
330.65
329.99
329.33
328.74
328.23
327.81
327.47
327.31
327.34
327.56
327.90
328.30
328.44
328.22
327.64
326.82
325.88
325.15
324.72
324.65
324.83
325.18
325.74
326.46
327.32
328.23
329.11
329.65
329.77
329.43
328.80
327.99
327.27
326.72
326.40
326.27
326.26
326.35
326.51
326.69
326.89
327.09
327.41
327.87
328.47
329.12
329.58
329.76
329.63
329.30
328.83
328.35
327.92
327.57
327.29
327.08
327.03
327.16
327.46
327.85
328.30
328.70
329.03
329.25
329.40
329.48
329.51
329.50
329.47
329.43
329.37
329.28
329.17
329.03
328.87
328.72
328.62
328.60
328.66
328.78
328.92
329.00
328.99
328.88
328.70
328.48
328.14
327.68
327.11
326.49
325.87
325.44
325.25
325.32
325.56
325.92
326.28
326.59
326.84
327.02
327.14
327.09
326.85
326.42
325.88
325.38
324.96
324.68
324.49
324.39
324.27
324.11
323.88
323.62
323.35
323.36
323.69
324.37
325.25
326.23
327.17
328.01
328.70
329.26
329.69
329.92
329.97
329.85
329.61
329.30
329.13
329.13
329.34
329.68
330.10
330.57
331.07
331.58
332.07
332.51
332.74
332.73
332.47
332.05
331.53
330.93
330.28
329.59
328.91
328.28
327.83
327.57
327.52
327.62
327.81
328.07
328.35
328.63
328.91
329.16
329.38
329.56
329.72
329.84
329.94
330.01
330.06
330.09
330.10
329.95
329.60
329.06
328.41
327.72
327.17
326.82
326.68
326.72
326.86
327.13
327.50
327.94
328.42
328.89
329.20
329.31
329.21
328.97
328.65
328.38
328.23
328.22
328.30
328.46
328.65
328.85
329.05
329.25
329.42
329.42
329.21
328.78
328.22
327.61
327.04
326.56
326.19
325.92
325.74
325.73
325.90
326.24
326.67
327.16