52.71
52.78
52.68
52.46
52.18
51.87
51.55
51.24
50.96
50.71
50.50
50.32
50.18
50.08
50.00
49.91
49.82
49.71
49.60
49.48
49.38
49.29
49.21
49.14
49.08
49.07
49.09
49.16
49.25
49.35
49.54
49.82
50.18
50.59
51.00
51.34
51.59
51.73
51.80
51.80
51.75
51.68
51.60
51.51
51.44
51.41
51.42
51.46
51.52
51.58
51.65
51.72
51.78
51.83
51.83
51.75
51.61
51.42
51.21
51.11
51.14
51.31
51.57
51.89
52.17
52.38
52.51
52.58
52.59
52.60
52.61
52.64
52.68
52.72
52.79
52.90
53.03
53.17
53.32
53.37
53.33
53.17
52.95
52.68
52.38
52.06
51.72
51.39
51.09
50.82
50.58
50.39
50.23
50.13
50.10
50.12
50.19
50.28
50.32
50.31
50.23
50.11
49.97
49.90
49.92
50.04
50.24
50.47
50.76
51.12
51.52
51.93
52.33
52.57
52.61
52.45
52.15
51.77
51.36
50.94
50.55
50.19
49.87
49.63
49.47
49.38
49.36
49.37
49.36
49.31
49.20
49.06
48.91
48.83
48.86
48.99
49.18
49.42
49.64
49.83
49.97
50.07
50.17
50.26
50.37
50.48
50.58
50.63
50.59
50.49
50.33
50.15
50.10
50.20
50.48
50.86
51.30
51.64
51.84
51.89
51.82
51.68
51.54
51.44
51.40
51.40
51.44
51.44
51.39
51.28
51.14
50.97
50.81
50.65
50.50
50.37
50.26
50.17
50.10
50.04
50.00
49.97
49.95
49.94
49.94
49.94
49.94
49.95
49.95
49.96
49.97
49.97
49.98
49.99
49.99
49.99
50.02
50.08
50.17
50.28
50.40
50.45
50.44
50.36
50.23
50.07
49.98
49.99
50.10
50.28
50.50
50.70
50.88
51.01
51.10
51.15
51.16
51.11
51.02
50.91
50.77
50.67
50.60
50.57
50.57
50.60
50.66
50.77
50.91
51.06
51.22
51.32
51.35
51.29
51.19
51.05
50.98
50.99
51.11
51.30
51.52
51.70
51.81
51.85
51.83
51.77
51.69
51.60
51.50
51.40
51.32
51.24
51.17
51.11
51.07
51.03
51.00
50.99
50.97
50.97
50.96
50.96
50.96
50.97
50.97
50.95
50.90
50.81
50.71
50.60
50.52
50.47
50.47
50.49
50.54
50.57
50.57
50.54
50.50
50.44
50.42
50.47
50.59
50.74
50.92
51.10
51.28
51.44
51.58
51.71
51.78
51.80
51.78
51.72
51.64
51.55
51.46
51.37
51.28
51.18
51.06
50.92
50.78
50.63
50.52
50.46
50.44
50.46
50.50
50.59
50.71
50.86
51.03
51.20
51.36
51.51
51.64
51.75
51.84
51.91
51.97
52.01
52.04
52.05
52.01
51.90
51.72
51.50
51.27
51.06
50.90
50.80
50.73
50.70
50.67
50.62
50.56
50.48
50.41
50.25
50.01
49.67
49.30
49.05
48.96
49.06
49.29
49.60
49.94
50.29
50.63
50.94
51.21
51.44
51.64
51.79
51.91
52.00
52.04
52.02
51.95
51.86
51.74
51.62
51.50
51.40
51.30
51.21
51.09
50.92
50.70
50.45
50.20
50.04
49.99
50.07
50.22
50.43
50.57
50.63
50.59
50.47
50.31
50.15
50.02
49.93
49.87
49.83
49.79
49.73
49.65
49.56
49.47
49.43
49.46
49.56
49.71
49.94
50.24
50.59
50.97
51.34
51.64
51.84
51.94
51.95
51.91
51.84
51.74
51.63
51.52
51.42
51.24
50.98
50.65
50.27
49.88
49.56
49.34
49.21
49.17
49.18
49.31
49.57
49.92
50.34
50.77
51.20
51.59
51.94
52.24
52.50
52.65
52.69
52.63
52.50
52.33
52.19
52.11
52.11
52.15
52.22
52.21
52.08
51.83
51.50
51.22
51.02
50.93
50.93
50.98
51.02
51.02
50.97
50.88
50.77
50.68
50.62
50.59
50.60
50.63
50.64
50.63
50.58
50.52
50.45
50.54
50.81
51.28
51.86
52.49
52.98
53.29
53.38
53.32
53.15
52.84
52.40
51.86
51.27
50.69
50.19
49.80
49.54
49.38
49.30
49.29
49.31
49.37
49.44
49.52
49.66
49.85
50.10
50.38
50.71
51.09
51.52
51.95
52.36
52.63
52.73
52.65
52.46
52.19
51.99
51.91
51.96
52.11
52.31
52.49
52.62
52.67
52.67
52.64
52.56
52.43
52.26
52.08
51.89
51.66
51.38
51.06
50.72
50.40
50.28
50.41
50.80
51.35
51.99
52.46
52.70
52.67
52.45
52.12
51.77
51.45
51.21
51.03
50.90
50.82
50.77
50.74
50.74
50.83
51.03
51.32
51.67
52.04
52.35
52.58
52.70
52.76
52.75
52.65
52.47
52.21
51.91
51.60
51.35
51.18
51.11
51.10
51.15
51.20
51.24
51.25
51.25
51.23
51.23
51.26
51.32
51.40
51.49
51.55
51.58
51.57
51.53
51.47
51.35
51.17
50.93
50.66
50.38
50.08
49.77
49.46
49.17
48.90
48.74
48.71
48.82
49.00
49.24
49.50
49.77
50.02
50.24
50.44
50.61
50.75
50.87
50.95
51.04
51.14
51.26
51.38
51.50
51.55
51.54
51.44
51.30
51.13
50.98
50.86
50.78
50.74
50.73
50.81
51.00
51.29
51.64
52.01
52.27
52.39
52.34
52.18
51.95
51.72
51.50
51.32
51.18
51.07
50.99
50.93
50.90
50.88
50.87
50.82
50.71
50.55
50.35
50.14
49.90
49.65
49.38
49.12
48.96
48.91
48.99
49.16
49.37
49.63
49.93
50.25
50.57
50.87
51.14
51.37
51.57
51.73
51.86
51.90
51.86
51.73
51.55
51.33
51.14
50.99
50.88
50.81
50.77
50.75
50.76
50.77
50.79
50.82
50.88
50.96
51.08
51.21
51.34
51.50
51.67
51.87
52.06
52.25
52.40
52.49
52.53
52.53
52.50
52.40
52.23
51.99
51.71
51.38
50.99
50.55
50.11
49.69
49.36
49.13
49.02
49.00
49.03
49.16
49.38
49.67
50.00
50.34
50.63
50.88
51.05
51.17
51.25
51.26
51.22
51.12
50.99
50.85
50.68
50.48
50.26
50.04
49.83
49.75
49.81
50.02
50.33
50.69
51.01
51.26
51.43
51.52
51.55
51.60
51.68
51.81
51.97
52.13
52.24
52.27
52.23
52.13
52.06
52.03
52.06
52.13
52.23
52.29
52.28
52.21
52.10
51.96
51.81
51.66
51.52
51.40
51.29
51.22
51.21
51.24
51.30
51.38
51.44
51.48
51.47
51.45
51.41
51.46
51.64
51.94
52.31
52.72
53.05
53.26
53.34
53.33
53.25
53.07
52.81
52.48
52.11
51.74
51.42
51.15
50.96
50.83
50.74
50.67
50.60
50.52
50.43
50.35
50.30
50.29
50.32
50.37
50.42
50.45
50.44
50.41
50.37
50.27
50.10
49.87
49.61
49.34
49.11
48.93
48.80
48.73
48.69
48.73
48.85
49.06
49.30
49.56
49.77
49.90
49.95
49.93
49.86
49.88
50.00
50.25
50.57
50.93
51.23
51.46
51.60
51.66
51.67
51.61
51.50
51.34
51.16
50.97
50.89
50.95
51.15
51.45
51.79
52.04
52.16
52.13
52.00
51.79
51.56
51.31
51.06
50.83
50.63
50.45
50.30
50.18
50.09
50.07
50.14
50.28
50.47
50.69
50.91
51.13
51.32
51.50
51.65
51.69
51.62
51.42
51.16
50.86
50.55
50.25
49.97
49.73
49.52
49.39
49.37
49.44
49.57
49.74
49.95
50.19
50.46
50.73
50.99
51.20
51.35
51.43
51.47
51.47
51.42
51.32
51.18
51.02
50.88
50.77
50.71
50.68
50.68
50.62
50.47
50.24
49.95
49.65
49.35
49.07
48.81
48.59
48.40
48.30
48.30
48.38
48.53
48.71
48.86
48.94
48.94
48.90
48.82
48.82
48.95
49.19
49.52
49.88
50.22
50.51
50.74
50.92
51.04
51.05
50.93
50.69
50.38
50.04
49.77
49.60
49.56
49.61
49.72
49.84
49.94
50.02
50.07
50.18
50.37
50.65
50.96
51.30
51.57
51.75
51.84
51.86
51.83
51.73
51.59
51.40
51.19
50.99
50.76
50.52
50.27
50.03
49.81
49.66
49.60
49.64
49.73
49.87
50.08
50.35
50.69
51.05
51.40
51.66
51.79
51.78
51.68
51.52
51.36
51.21
51.09
51.01
50.95
50.91
50.88
50.87
50.87
50.88
50.89
50.91
50.92
50.93
50.95
50.93
50.89
50.81
50.71
50.63
50.58
50.56
50.58
50.61
50.63
50.62
50.58
50.52
50.45
50.38
50.31
50.24
50.18
50.13
50.14
50.22
50.37
50.57
50.78
50.96
51.11
51.21
51.26
51.29
51.32
51.36
51.43
51.50
51.58
51.63
51.65
51.63
51.58
51.51
51.44
51.36
51.29
51.22
51.17
51.12
51.08
51.04
51.02
51.00
50.99
50.98
50.97
50.97
51.02
51.14
51.32
51.54
51.77
51.89
51.87
51.71
51.45
51.13
50.88
50.72
50.68
50.72
50.82
50.98
51.18
51.42
51.68
51.92
52.10
52.19
52.20
52.13
52.03
51.87
51.68
51.45
51.21
50.98
50.82
50.75
50.76
50.84
50.95
51.01
50.98
50.85
50.67
50.45
50.22
49.99
49.78
49.59
49.42
49.39
49.51
49.78
50.14
50.54
50.96
51.36
51.73
52.05
52.25
52.31
52.23
52.05
51.82
51.56
51.29
51.04
50.80
50.60
50.44
50.36
50.33
50.34
50.39
50.48
50.61
50.78
50.96
51.15
51.27
51.31
51.27
51.17
51.04
50.95
50.92
50.95
51.03
51.13
51.20
51.21
51.16
51.05
50.93
50.87
50.90
51.03
51.23
51.47
51.63
51.70
51.66
51.54
51.43
51.36
51.34
51.36
51.41
51.50
51.64
51.80
51.98
52.16
52.31
52.40
52.45
52.46
52.44
52.38
52.27
52.13
51.97
51.81
51.62
51.42
51.20
50.99
50.78
50.60
50.43
50.30
50.19
50.10
50.03
49.98
49.95
49.93
49.92
49.97
50.09
50.27
50.49
50.73
50.93
51.10
51.20
51.27
51.30
51.28
51.21
51.10
50.96
50.81
50.66
50.52
50.40
50.29
50.36
50.63
51.10
51.70
52.35
52.86
53.19
53.30
53.26
53.11
52.89
52.63
52.37
52.11
51.87
51.63
51.38
51.14
50.91
50.70
50.43
50.10
49.70
49.28
48.86
48.63
48.62
48.85
49.23
49.70
50.10
50.37
50.49
50.49
50.42
50.34
50.29
50.30
50.34
50.41
50.48
50.56
50.65
50.72
50.79
50.85
50.90
50.94
50.97
51.05
51.18
51.37
51.59
51.82
51.93
51.91
51.74
51.48
51.16
50.87
50.65
50.52
50.45
50.43
50.42
50.40
50.37
50.33
50.28
50.23
50.19
50.14
50.11
50.07
50.10
50.20
50.36
50.56
50.78
51.02
51.29
51.56
51.83
52.09
52.28
52.42
52.50
52.52
52.51
52.48
52.43
52.37
52.31
52.25
52.20
52.15
52.11
52.07
52.04
52.02
52.00
51.99
51.98
52.01
52.06
52.15
52.26
52.37
52.46
52.51
52.52
52.50
52.45
52.37
52.26
52.11
51.94
51.78
51.60
51.39
51.18
50.97
50.76
50.61
50.51
50.46
50.46
50.49
50.53
50.59
50.65
50.71
50.77
50.80
50.79
50.74
50.67
50.58
50.49
50.39
50.31
50.23
50.17
50.11
50.07
50.03
50.01
49.99
49.98
49.97
49.96
49.96
49.99
50.05
50.15
50.26
50.37
50.52
50.68
50.87
51.06
51.24
51.41
51.56
51.69
51.80
51.88
51.87
51.75
51.51
51.22
50.89
50.59
50.33
50.13
49.98
49.88
49.82
49.78
49.77
49.77
49.79
49.83
49.92
50.03
50.17
50.30
50.46
50.65
50.84
51.05
51.24
51.39
51.48
51.53
51.53
51.50
51.45
51.40
51.34
51.28
51.17
51.00
50.78
50.52
50.27
50.07
49.96
49.93
49.97
50.06
50.14
50.20
50.24
50.25
50.24
50.28
50.37
50.52
50.70
50.90
51.02
51.04
50.94
50.76
50.55
50.34
50.17
50.03
49.94
49.88
49.84
49.82
49.82
49.82
49.84
49.89
49.96
50.07
50.20
50.33
50.46
50.58
50.68
50.77
50.85
50.91
50.96
50.99
51.02
51.12
51.30
51.57
51.89
52.23
52.53
52.78
52.97
53.10
53.19
53.14
52.93
52.58
52.14
51.66
51.26
50.99
50.85
50.81
50.85
50.88
50.89
50.84
50.76
50.67
50.62
50.63
50.72
50.84
50.99
51.15
51.31
51.46
51.59
51.70
51.75
51.71
51.59
51.42
51.23
51.08
51.00
51.00
51.05
51.14
51.22
51.27
51.30
51.30
51.26
51.18
51.06
50.92
50.77
50.65
50.57
50.54
50.54
50.57
50.56
50.49
50.37
50.21
50.03
49.93
49.93
50.04
50.23
50.45
50.58
50.59
50.46
50.23
49.96
49.82
49.86
50.12
50.50
50.96
51.42
51.83
52.19
52.48
52.71
52.84
52.85
52.77
52.61
52.41
52.20
51.99
51.79
51.60
51.44
51.33
51.28
51.28
51.32
51.38
51.48
51.63
51.80
51.98
52.06
52.00
51.80
51.51
51.18
50.88
50.65
50.50
50.43
50.41
50.43
50.47
50.53
50.59
50.66
50.70
50.70
50.67
50.61
50.53
50.43
50.29
50.12
49.95
49.77
49.61
49.46
49.33
49.23
49.14
49.18
49.36
49.67
50.08
50.51
50.90
51.20
51.40
51.52
51.58
51.59
51.56
51.51
51.45
51.39
51.32
51.25
51.20
51.14
51.15
51.23
51.38
51.57
51.78
51.94
52.03
52.04
51.99
51.90
51.76
51.58
51.38
51.16
50.94
50.79
50.73
50.75
50.83
50.95
51.14
51.41
51.73
52.08
52.42
52.67
52.79
52.78
52.68
52.52
52.35
52.20
52.09
52.00
51.94
51.85
51.71
51.52
51.31
51.09
50.93
50.85
50.86
50.92
51.02
51.12
51.20
51.24
51.26
51.25
51.24
51.22
51.19
51.16
51.16
51.19
51.25
51.34
51.43
51.47
51.45
51.36
51.22
51.06
50.92
50.81
50.74
50.71
50.70
50.77
50.90
51.11
51.36
51.62
51.82
51.95
51.99
51.96
51.89
51.82
51.77
51.74
51.74
51.75
51.69
51.55
51.31
51.02
50.71
50.53
50.53
50.71
51.01
51.39
51.68
51.85
51.87
51.78
51.63
51.41
51.13
50.83
50.52
50.27
50.11
50.05
50.05
50.11
50.19
50.30
50.41
50.52
50.62
50.68
50.71
50.68
50.63
50.56
50.51
50.49
50.50
50.53
50.58
50.66
50.78
50.93
51.09
51.25
51.38
51.46
51.49
51.49
51.46
51.39
51.28
51.13
50.97
50.80
50.72
50.75
50.89
51.10
51.35
51.48
51.45
51.24
50.93
50.55
50.31
50.26
50.42
50.73
50.98
51.12
51.11
50.98
50.79
50.59
50.40
50.25
50.13
50.04
49.97
49.93
49.90
49.88
49.88
49.99
50.23
50.60
51.04
51.51
51.86
52.06
52.09
52.00
51.83
51.75
51.80
52.00
52.31
52.66
52.96
53.15
53.23
53.22
53.14
53.03
52.90
52.75
52.61
52.48
52.37
52.26
52.18
52.11
52.05
51.96
51.82
51.62
51.39
51.19
51.02
50.90
50.82
50.78
50.73
50.67
50.60
50.51
50.42
50.31
50.18
50.02
49.86
49.70
49.49
49.24
48.95
48.64
48.33
48.21
48.30
48.61
49.06
49.59
50.07
50.43
50.67
50.80
50.84
50.91
51.03
51.22
51.45
51.69
51.93
52.16
52.36
52.54
52.68
52.75
52.73
52.63
52.46
52.27
52.10
51.96
51.86
51.80
51.77
51.68
51.51
51.26
50.96
50.71
50.51
50.40
50.36
50.36
50.40
50.46
50.53
50.60
50.67
50.79
50.97
51.20
51.46
51.73
52.01
52.29
52.59
52.87
53.13
53.25
53.21
53.02
52.72
52.36
52.09
51.95
51.97
52.08
52.27
52.44
52.56
52.61
52.62
52.59
52.51
52.39
52.23
52.05
51.87
51.67
51.45
51.23
51.00
50.79
50.60
50.43
50.29
50.18
50.12
50.11
50.15
50.22
50.32
50.36
50.35
50.27
50.15
50.00
49.92
49.94
50.06
50.25
50.48
50.72
50.95
51.17
51.37
51.55
51.69
51.81
51.90
51.98
52.03
52.03
52.00
51.92
51.81
51.70
51.50
51.21
50.84
50.43
50.01
49.77
49.74
49.96
50.32
50.77
51.13
51.33
51.35
51.23
51.04
50.84
50.69
50.59
50.55
50.52
50.48
50.43
50.37
50.31
50.30
50.36
50.49
50.66
50.85
51.05
51.24
51.41
51.56
51.69
51.80
51.89
51.95
52.00
52.04
52.11
52.24
52.42
52.63
52.86
52.97
52.94
52.76
52.49
52.17
51.82
51.49
51.17
50.89
50.64
50.46
50.35
50.31
50.31
50.35
50.39
50.41
50.40
50.37
50.33
50.31
50.33
50.37
50.43
50.51
50.59
50.66
50.74
50.80
50.88
50.99
51.12
51.25
51.39
51.51
51.63
51.73
51.82
51.89
51.97
52.07
52.19
52.31
52.44
52.48
52.41
52.24
51.99
51.72
51.46
51.24
51.07
50.95
50.87
50.87
50.96
51.13
51.35
51.60
51.79
51.91
51.94
51.91
51.85
51.70
51.48
51.20
50.88
50.55
50.32
50.21
50.23
50.34
50.50
50.64
50.73
50.76
50.74
50.71
50.69
50.69
50.71
50.74
50.83
50.98
51.19
51.44
51.70
51.89
52.01
52.03
52.00
51.92
51.82
51.70
51.58
51.47
51.36
51.29
51.27
51.30
51.35
51.42
51.42
51.34
51.15
50.90
50.63
50.43
50.33
50.36
50.46
50.61
50.80
50.99
51.18
51.35
51.51
51.62
51.68
51.68
51.65
51.59
51.52
51.44
51.36
51.29
51.30
51.41
51.63
51.91
52.22
52.47
52.66
52.75
52.77
52.75
52.61
52.36
52.01
51.60
51.17
50.84
50.63
50.55
50.58
50.67
50.78
50.88
50.96
51.02
51.05
51.05
51.01
50.92
50.81
50.69
50.60
50.54
50.53
50.54
50.57
50.65
50.76
50.90
51.06
51.22
51.32
51.35
51.30
51.19
51.05
50.95
50.91
50.94
51.02
51.13
51.17
51.12
50.97
50.77
50.58
50.44
50.38
50.37
50.39
50.39
50.34
50.23
50.09
49.94
49.78
49.62
49.48
49.36
49.25
49.22
49.26
49.38
49.56
49.76
50.07
50.50
51.04
51.63
52.22
52.71
53.05
53.23
53.30
53.27
53.16
52.98
52.75
52.49
52.23
51.98
51.76
51.56
51.39
51.25
51.17
51.14
51.16
51.23
51.31
51.41
51.51
51.60
51.69
51.69
51.59
51.37
51.10
50.79
50.54
50.36
50.26
50.24
50.26
50.32
50.39
50.48
50.56
50.65
50.75
50.88
51.03
51.19
51.34
51.43
51.44
51.37
51.25
51.10
50.96
50.85
50.79
50.75
50.74
50.80
50.93
51.13
51.37
51.63
51.88
52.12
52.33
52.52
52.67
52.77
52.82
52.80
52.75
52.67
52.58
52.49
52.40
52.31
52.29
52.34
52.46
52.63
52.82
52.83
52.62
52.17
51.58
50.92
50.38
50.03
49.88
49.89
50.01
50.18
50.35
50.51
50.64
50.76
50.82
50.84
50.80
50.74
50.65
50.53
50.38
50.19
50.00
49.82
49.69
49.65
49.69
49.79
49.93
50.08
50.24
50.38
50.52
50.64
50.80
51.00
51.25
51.52
51.79
51.90
51.84
51.60
51.23
50.80
50.41
50.08
49.85
49.69
49.63
49.64
49.72
49.85
50.00
50.13
50.23
50.29
50.31
50.31
50.35
50.44
50.58
50.76
50.95
51.09
51.15
51.13
51.06
50.95
50.85
50.78
50.74
50.72
50.73
50.72
50.69
50.63
50.55
50.47
50.47
50.56
50.76
51.02
51.30
51.51
51.62
51.61
51.51
51.37
51.19
51.00
50.82
50.65
50.49
50.30
50.07
49.80
49.52
49.31
49.22
49.25
49.37
49.54
49.76
50.02
50.31
50.60
50.88
51.14
51.37
51.56
51.72
51.84
51.88
51.84
51.71
51.53
51.32
51.10
50.89
50.70
50.52
50.37
50.25
50.15
50.07
50.01
49.97
49.97
50.01
50.09
50.20
50.31
50.38
50.38
50.30
50.18
50.03
49.93
49.88
49.91
49.99
50.10
50.14
50.10
49.96
49.75
49.52
49.35
49.28
49.32
49.44
49.61
49.80
50.00
50.19
50.37
50.48
50.50
50.43
50.31
50.15
50.01
49.90
49.82
49.78
49.76
49.84
50.02
50.31
50.66
51.03
51.39
51.73
52.04
52.30
52.53
52.58
52.43
52.09
51.64
51.13
50.65
50.26
49.97
49.77
49.64
49.62
49.71
49.89
50.14
50.40
50.65
50.86
51.01
51.11
51.18
51.19
51.15
51.06
50.94
50.91
51.00
51.23
51.53
51.88
52.18
52.41
52.55
52.62
52.63
52.61
52.56
52.49
52.42
52.35
52.25
52.13
51.99
51.83
51.68
51.51
51.32
51.12
50.92
50.73
50.58
50.49
50.45
50.46
50.49
50.51
50.51
50.48
50.44
50.39
50.35
50.35
50.39
50.44
50.51
50.64
50.83
51.08
51.35
51.64
51.88
52.07
52.20
52.28
52.27
52.17
51.98
51.74
51.48
51.27
51.14
51.09
51.11
51.17
51.25
51.35
51.46
51.56
51.65
51.69
51.64
51.53
51.36
51.18
51.04
50.96
50.97
51.02
51.12
51.18
51.18
51.12
51.02
50.89
50.76
50.62
50.49
50.38
50.28
50.22
50.20
50.24
50.30
50.38
50.47
50.57
50.65
50.73
50.80
50.84
50.83
50.78
50.70
50.61
50.51
50.42
50.33
50.25
50.13
49.95
49.73
49.48
49.22
49.09
49.09
49.25
49.51
49.83
50.11
50.33
50.46
50.53
50.56
50.54
50.50
50.45
50.38
50.32
50.23
50.12
49.98
49.83
49.68
49.64
49.75
49.99
50.32
50.70
51.01
51.21
51.28
51.27
51.19
51.07
50.93
50.78
50.64
50.50
50.35
50.19
50.01
49.83
49.66
49.51
49.37
49.26
49.16
49.17
49.28
49.51
49.80
50.12
50.42
50.68
50.87
51.01
51.11
51.15
51.13
51.05
50.94
50.82
50.68
50.55
50.43
50.33
50.23
50.16
50.09
50.04
50.01
49.98
49.99
50.04
50.12
50.23
50.34
50.46
50.57
50.67
50.76
50.83
50.89
50.94
50.98
51.01
51.03
51.01
50.96
50.87
50.76
50.65
50.53
50.42
50.32
50.24
50.22
50.27
50.40
50.58
50.78
51.01
51.27
51.54
51.81
52.06
52.21
52.23
52.13
51.94
51.71
51.46
51.20
50.96
50.73
50.54
50.43
50.41
50.48
50.61
50.77
50.95
51.14
51.31
51.47
51.61
51.68
51.66
51.56
51.41
51.22
51.11
51.09
51.18
51.34
51.54
51.71
51.81
51.84
51.82
51.76
51.67
51.58
51.48
51.39
51.30
51.20
51.08
50.93
50.78
50.69
50.67
50.72
50.83
50.97
51.09
51.19
51.24
51.27
51.28
51.24
51.16
51.04
50.90
50.76
50.70
50.74
50.88
51.10
51.36
51.57
51.71
51.78
51.78
51.74
51.65
51.51
51.33
51.13
50.93
50.77
50.66
50.59
50.57
50.58
50.58
50.56
50.52
50.46
50.40
50.33
50.27
50.21
50.16
50.11
50.13
50.21
50.37
50.56
50.75
50.91
51.02
51.10
51.15
51.21
51.27
51.36
51.45
51.55
51.69
51.89
52.14
52.42
52.70
52.83
52.78
52.55
52.19
51.77
51.36
50.98
50.67
50.41
50.21
50.00
49.78
49.52
49.26
49.02
48.84
48.75
48.76
48.83
48.94
49.18
49.56
50.05
50.62
51.19
51.64
51.91
52.01
51.96
51.83
51.74
51.75
51.88
52.08
52.22
52.25
52.15
51.96
51.73
51.47
51.22
50.97
50.75
50.55
50.41
50.33
50.31
50.33
50.38
50.45
50.53
50.61
50.69
50.76
50.85
50.96
51.09
51.23
51.37
51.50
51.62
51.73
51.81
51.89
51.91
51.90
51.84
51.75
51.65
51.58
51.53
51.52
51.54
51.58
51.63
51.69
51.74
51.79
51.84
51.80
51.67
51.43
51.13
50.81
50.59
50.52
50.60
50.78
50.95
51.06
51.07
51.03
50.94
50.83
50.71
50.59
50.47
50.36
50.32
50.35
50.47
50.63
50.81
50.95
51.03
51.02
50.97
50.88
50.76
50.65
50.53
50.42
50.32
50.28
50.33
50.44
50.61
50.80
51.00
51.19
51.37
51.53
51.66
51.72
51.70
51.59
51.43
51.24
51.05
50.85
50.67
50.50
50.36
50.30
50.32
50.42
50.58
50.71
50.79
50.81
50.77
50.71
50.65
50.62
50.62
50.63
50.67
50.71
50.75
50.79
50.84
50.87
50.88
50.85
50.79
50.70
50.60
50.58
50.65
50.83
51.07
51.34
51.54
51.64
51.62
51.52
51.37
51.16
50.91
50.64
50.36
50.09
49.98
50.05
50.31
50.68
51.13
51.54
51.88
52.12
52.29
52.39
52.38
52.28
52.08
51.84
51.54
51.21
50.86
50.51
50.19
49.95
49.82
49.79
49.83
49.92
50.02
50.09
50.15
50.17
50.18
50.23
50.34
50.50
50.69
50.90
51.07
51.21
51.29
51.33
51.34
51.36
51.39
51.45
51.52
51.59
51.64
51.65
51.62
51.57
51.50
51.46
51.44
51.46
51.50
51.56
51.54
51.43
51.22
50.96
50.67
50.46
50.35
50.37
50.46
50.61
50.71
50.73
50.65
50.51
50.38
50.30
50.27
50.30
50.35
50.40
50.42
50.42
50.39
50.35
50.39
50.51
50.73
51.00
51.30
51.68
52.14
52.67
53.22
53.75
54.16
54.43
54.54
54.54
54.45
54.31
54.15
53.97
53.79
53.63
53.45
53.26
53.06
52.87
52.68
52.46
52.21
51.91
51.60
51.29
51.01
50.76
50.54
50.36
50.21
50.13
50.10
50.13
50.20
50.34
50.55
50.84
51.15
51.47
51.69
51.80
51.78
51.67
51.50
51.33
51.18
51.07
50.98
50.93
50.94
51.04
51.21
51.42
51.66
51.84
51.95
51.98
51.95
51.87
51.83
51.83
51.90
52.00
52.13
52.16
52.06
51.83
51.52
51.16
50.88
50.70
50.65
50.68
50.77
50.93
51.14
51.38
51.64
51.90
52.11
52.26
52.36
52.40
52.39
52.32
52.20
52.05
51.89
51.70
51.49
51.27
51.04
50.83
50.66
50.55
50.49
50.48
50.50
50.54
50.59
50.65
50.71
50.77
50.80
50.78
50.73
50.66
50.57
50.56
50.64
50.83
51.07
51.35
51.57
51.73
51.80
51.81
51.77
51.73
51.70
51.69
51.71
51.73
51.74
51.72
51.66
51.59
51.51
51.39
51.26
51.09
50.92
50.75
50.61
50.53
50.49
50.49
50.55
50.65
50.80
50.96
51.13
51.27
51.37
51.42
51.43
51.41
51.38
51.34
51.29
51.24
51.19
51.07
50.86
50.56
50.21
49.85
49.60
49.51
49.57
49.75
49.99
50.24
50.47
50.66
50.81
50.93
51.07
51.24
51.46
51.69
51.92
52.09
52.18
52.17
52.11
52.01
51.85
51.66
51.43
51.20
50.97
50.84
50.82
50.93
51.11
51.32
51.51
51.67
51.80
51.90
51.98
52.03
52.07
52.09
52.10
52.08
52.02
51.92
51.80
51.68
51.47
51.18
50.81
50.40
49.98
49.64
49.39
49.25
49.19
49.19
49.29
49.48
49.74
50.05
50.37
50.68
50.97
51.23
51.45
51.63
51.78
51.90
51.98
52.05
52.09
52.16
52.29
52.47
52.68
52.89
53.05
53.13
53.13
53.06
52.96
52.81
52.63
52.41
52.18
51.98
51.83
51.74
51.68
51.66
51.61
51.52
51.37
51.19
51.01
50.80
50.56
50.32
50.08
49.85
49.70
49.63
49.66
49.75
49.88
50.04
50.19
50.35
50.49
50.62
50.67
50.65
50.55
50.39
50.21
50.04
49.91
49.82
49.77
49.74
49.71
49.67
49.60
49.52
49.44
49.46
49.62
49.90
50.27
50.67
51.03
51.30
51.48
51.57
51.61
51.60
51.57
51.51
51.45
51.35
51.22
51.07
50.90
50.74
50.64
50.61
50.67
50.78
50.92
51.03
51.07
51.05
50.97
50.87
50.80
50.79
50.85
50.95
51.08
51.14
51.11
50.97
50.77
50.53
50.31
50.13
49.99
49.90
49.84
49.86
49.96
50.14
50.36
50.61
50.86
51.09
51.30
51.49
51.65
51.75
51.79
51.78
51.73
51.69
51.66
51.66
51.67
51.70
51.68
51.61
51.47
51.29
51.10
50.88
50.64
50.38
50.13
49.89
49.73
49.66
49.68
49.76
49.89
50.04
50.19
50.34
50.49
50.61
50.72
50.81
50.89
50.95
50.99
50.99
50.96
50.88
50.78
50.67
50.66
50.78
51.04
51.37
51.75
52.11
52.42
52.67
52.86
53.00
53.13
53.25
53.38
53.50
53.61
53.60
53.46
53.17
52.80
52.39
51.98
51.58
51.22
50.90
50.68
50.57
50.57
50.65
50.77
50.90
51.01
51.08
51.13
51.16
51.19
51.25
51.33
51.42
51.52
51.63
51.78
51.94
52.12
52.28
52.41
52.50
52.53
52.52
52.49
52.44
52.38
52.32
52.26
52.21
52.13
52.03
51.90
51.77
51.63
51.53
51.47
51.45
51.47
51.52
51.57
51.63
51.70
51.76
51.78
51.78
51.73
51.66
51.57
51.48
51.39
51.31
51.23
51.17
51.17
51.24
51.38
51.57
51.78
51.96
52.10
52.20
52.26
52.28
52.15
51.85
51.38
50.82
50.22
49.68
49.24
48.92
48.70
48.56
48.51
48.55
48.65
48.79
48.95
49.21
49.55
49.97
50.43
50.88
51.29
51.63
51.88
52.07
52.20
52.33
52.48
52.67
52.88
53.08
53.19
53.19
53.08
52.88
52.65
52.39
52.14
51.90
51.69
51.48
51.26
51.04
50.83
50.64
50.45
50.25
50.04
49.84
49.65
49.52
49.43
49.40
49.41
49.45
49.51
49.58
49.65
49.71
49.78
49.83
49.88
49.92
49.95
49.98
50.05
50.18
50.37
50.58
50.81
50.98
51.08
51.08
51.03
50.94
50.88
50.87
50.92
51.02
51.14
51.21
51.23
51.17
51.07
51.00
50.97
51.01
51.09
51.19
51.28
51.34
51.37
51.36
51.34
51.31
51.27
51.23
51.19
51.15
51.16
51.25
51.40
51.59
51.80
52.04
52.30
52.57
52.84
53.09
53.18
53.08
52.80
52.40
51.93
51.51
51.15
50.90
50.72
50.62
50.53
50.46
50.39
50.31
50.25
50.18
50.13
50.09
50.05
50.02
50.00
49.99
49.98
49.97
50.08
50.31
50.67
51.09
51.55
51.97
52.34
52.63
52.85
53.02
53.16
53.29
53.42
53.54
53.65
53.67
53.58
53.37
53.10
52.80
52.52
52.29
52.10
51.97
51.88
51.79
51.71
51.61
51.50
51.41
51.34
51.32
51.34
51.39
51.46
51.53
51.61
51.69
51.76
51.82
51.90
52.00
52.12
52.26
52.39
52.49
52.55
52.56
52.54
52.49
52.38
52.20
51.96
51.69
51.40
51.13
50.88
50.65
50.46
50.41
50.51
50.77
51.12
51.52
51.94
52.34
52.71
53.04
53.32
53.44
53.40
53.19
52.87
52.50
52.10
51.71
51.34
51.02
50.73
50.55
50.47
50.50
50.59
50.74
50.88
51.00
51.08
51.14
51.17
51.15
51.10
51.00
50.87
50.74
50.63
50.57
50.54
50.55
50.58
50.59
50.59
50.55
50.50
50.46
50.45
50.47
50.51
50.57
50.63
50.70
50.76
50.81
50.86
50.93
51.02
51.14
51.27
51.39
51.49
51.55
51.55
51.53
51.49
51.43
51.37
51.30
51.24
51.19
51.16
51.18
51.23
51.31
51.41
51.45
51.43
51.34
51.20
51.04
50.88
50.71
50.56
50.42
50.30
50.26
50.29
50.41
50.57
50.77
50.94
51.08
51.17
51.23
51.31
51.43
51.60
51.79
51.99
52.16
52.28
52.35
52.38
52.38
52.31
52.16
51.94
51.68
51.41
51.18
50.99
50.85
50.77
50.72
50.68
50.62
50.55
50.47
50.39
50.34
50.33
50.35
50.41
50.47
50.55
50.63
50.70
50.77
50.83
50.91
51.01
51.13
51.26
51.40
51.47
51.47
51.39
51.26
51.10
50.90
50.68
50.43
50.18
49.94
49.78
49.70
49.72
49.80
49.89
49.97
50.04
50.08
50.10
50.14
50.20
50.28
50.38
50.48
50.61
50.76
50.93
51.10
51.28
51.38
51.41
51.35
51.24
51.10
50.91
50.69
50.45
50.20
49.96
49.90
50.05
50.42
50.93
51.50
51.95
52.23
52.31
52.24
52.07
51.84
51.59
51.32
51.06
50.83
50.59
50.35
50.11
49.89
49.68
49.53
49.43
49.39
49.40
49.49
49.66
49.90
50.19
50.48
50.72
50.87
50.93
50.92
50.87
50.84
50.85
50.92
51.03
51.16
51.29
51.42
51.55
51.66
51.75
51.83
51.90
51.95
51.99
52.02
52.06
52.13
52.22
52.33
52.44
52.50
52.48
52.39
52.25
52.09
52.08
52.25
52.63
53.13
53.68
54.03
54.12
53.91
53.49
52.96
52.41
51.88
51.40
51.00
50.66
50.39
50.18
50.02
49.91
49.89
49.96
50.12
50.33
50.57
50.81
51.05
51.26
51.45
51.61
51.70
51.69
51.59
51.44
51.26
51.14
51.12
51.21
51.36
51.56
51.72
51.82
51.85
51.82
51.76
51.65
51.50
51.31
51.11
50.91
50.77
50.72
50.75
50.83
50.96
51.10
51.25
51.39
51.52
51.64
51.77
51.92
52.07
52.23
52.39
52.47
52.48
52.41
52.28
52.21
52.21
52.30
52.46
52.66
52.81
52.90
52.92
52.88
52.81
52.68
52.52
52.33
52.12
51.92
51.72
51.55
51.40
51.27
51.17
51.11
51.11
51.15
51.23
51.32
51.40
51.45
51.45
51.43
51.40
51.40
51.47
51.59
51.76
51.94
52.12
52.30
52.46
52.60
52.72
52.71
52.56
52.27
51.89
51.46
51.12
50.88
50.77
50.77
50.80
50.85
50.89
50.92
50.95
50.97
50.99
51.00
51.01
51.02
50.99
50.94
50.85
50.74
50.62
50.51
50.40
50.31
50.22
50.15
50.09
50.05
50.01
49.99
49.97
50.01
50.12
50.30
50.52
50.75
50.92
51.02
51.04
50.99
50.91
50.85
50.85
50.91
51.01
51.13
51.32
51.56
51.87
52.19
52.52
52.75
52.85
52.83
52.71
52.54
52.34
52.12
51.91
51.72
51.54
51.39
51.26
51.16
51.08
51.02
50.97
50.94
50.93
50.92
50.89
50.84
50.75
50.66
50.55
50.48
50.44
50.44
50.47
50.52
50.56
50.57
50.54
50.49
50.44
50.37
50.31
50.24
50.19
50.14
50.02
49.81
49.51
49.17
48.82
48.58
48.49
48.56
48.74
48.98
49.26
49.55
49.83
50.09
50.32
50.49
50.60
50.64
50.64
50.55
50.37
50.13
49.84
49.54
49.30
49.14
49.08
49.08
49.14
49.22
49.32
49.42
49.53
49.63
49.69
49.71
49.69
49.63
49.56
49.51
49.48
49.50
49.53
49.58
49.66
49.78
49.93
50.09
50.25
50.37
50.46
50.49
50.49
50.46
50.41
50.36
50.30
50.25
50.20
50.18
50.19
50.25
50.33
50.42
50.54
50.69
50.86
51.05
51.17
51.23
51.20
51.11
50.99
50.94
50.97
51.10
51.29
51.52
51.76
51.99
52.21
52.40
52.57
52.63
52.57
52.40
52.14
51.85
51.60
51.42
51.32
51.29
51.31
51.30
51.26
51.16
51.03
50.88
50.84
50.92
51.15
51.45
51.81
51.99
51.94
51.64
51.18
50.64
50.28
50.17
50.35
50.73
51.22
51.66
51.99
52.16
52.22
52.20
52.07
51.84
51.52
51.17
50.89
50.71
50.65
50.68
50.77
50.93
51.14
51.38
51.64
51.90
52.05
52.09
52.01
51.84
51.63
51.42
51.23
51.09
50.99
50.92
50.87
50.85
50.84
50.84
50.85
50.84
50.80
50.73
50.64
50.54
50.50
50.52
50.62
50.76
50.92
51.07
51.18
51.25
51.29
51.30
51.23
51.10
50.89
50.64
50.38
50.15
49.97
49.84
49.76
49.77
49.87
50.06
50.29
50.54
50.77
50.96
51.09
51.18
51.23
51.28
51.34
51.42
51.51
51.59
51.67
51.75
51.82
51.87
51.92
51.98
52.07
52.18
52.30
52.42
52.51
52.56
52.56
52.54
52.49
52.46
52.45
52.47
52.52
52.58
52.59
52.53
52.42
52.26
52.08
51.87
51.64
51.39
51.14
50.90
50.69
50.50
50.34
50.21
50.14
50.12
50.15
50.22
50.31
50.38
50.43
50.44
50.42
50.38
50.37
50.37
50.41
50.47
50.54
50.64
50.77
50.93
51.09
51.26
51.44
51.64
51.85
52.06
52.26
52.38
52.42
52.37
52.27
52.12
51.94
51.72
51.47
51.22
50.98
50.76
50.56
50.39
50.26
50.14
50.14
50.25
50.47
50.76
51.09
51.31
51.40
51.33
51.16
50.92
50.65
50.38
50.11
49.86
49.67
49.54
49.47
49.45
49.47
49.62
49.90
50.32
50.81
51.32
51.77
52.13
52.37
52.52
52.59
52.62
52.60
52.56
52.49
52.43
52.30
52.12
51.88
51.61
51.33
51.07
50.83
50.61
50.43
50.28
50.16
50.07
50.00
49.95
49.92
49.90
49.89
49.89
49.90
49.91
49.92
49.93
49.95
49.96
49.97
50.08
50.32
50.68
51.11
51.49
51.77
51.92
51.98
51.97
51.94
51.90
51.88
51.88
51.88
51.83
51.73
51.57
51.37
51.15
51.00
50.91
50.91
50.97
51.07
51.24
51.48
51.78
52.11
52.44
52.68
52.80
52.78
52.68
52.51
52.29
52.03
51.73
51.43
51.15
50.89
50.66
50.46
50.30
50.17
50.12
50.16
50.29
50.47
50.68
50.81
50.85
50.78
50.64
50.45
50.26
50.11
49.99
49.91
49.86
49.83
49.82
49.82
49.83
49.90
50.04
50.24
50.47
50.72
50.93
51.10
51.21
51.28
51.31
51.37
51.47
51.62
51.81
52.00
52.18
52.36
52.52
52.65
52.76
52.83
52.85
52.81
52.74
52.66
52.53
52.38
52.20
52.00
51.82
51.61
51.40
51.18
50.95
50.75
50.64
50.66
50.79
51.00
51.26
51.53
51.80
52.05
52.28
52.37
52.31
52.09
51.77
51.40
51.06
50.80
50.62
50.52
50.47
50.50
50.58
50.71
50.88
51.05
51.14
51.13
51.01
50.82
50.59
50.39
50.26
50.21
50.22
50.26
50.33
50.42
50.51
50.60
50.69
50.79
50.91
51.06
51.21
51.36
51.47
51.54
51.55
51.54
51.50
51.47
51.46
51.49
51.53
51.59
51.63
51.63
51.60
51.55
51.51
51.49
51.51
51.55
51.60
51.60
51.54
51.42
51.26
51.08
50.90
50.72
50.56
50.41
50.29
50.19
50.11
50.04
50.00
49.97
50.00
50.10
50.28
50.49
50.72
51.00
51.34
51.71
52.10
52.47
52.81
53.11
53.37
53.59
53.76
53.74
53.49
53.03
52.43
51.78
51.20
50.74
50.44
50.25
50.16
50.12
50.09
50.07
50.05
50.04
50.02
50.01
50.00
50.00
49.99
49.99
49.99
49.99
49.99
50.02
50.08
50.17
50.27
50.39
50.55
50.78
51.05
51.34
51.64
51.87
52.01
52.05
52.02
51.95
51.85
51.73
51.61
51.49
51.39
51.29
51.21
51.14
51.08
51.04
51.06
51.15
51.31
51.52
51.74
51.88
51.92
51.85
51.70
51.50
51.28
51.06
50.85
50.66
50.48
50.31
50.13
49.95
49.77
49.65
49.62
49.67
49.77
49.91
50.04
50.15
50.21
50.24
50.25
50.19
50.06
49.86
49.62
49.36
49.24
49.29
49.53
49.88
50.29
50.72
51.15
51.55
51.90
52.21
52.39
52.43
52.32
52.13
51.87
51.68
51.57
51.57
51.65
51.78
51.88
51.93
51.91
51.85
51.77
51.61
51.39
51.11
50.80
50.48
50.26
50.16
50.19
50.31
50.48
50.63
50.72
50.75
50.73
50.76
50.86
51.04
51.28
51.53
51.71
51.78
51.74
51.61
51.44
51.24
51.04
50.84
50.65
50.49
50.46
50.57
50.83
51.18
51.58
51.93
52.21
52.40
52.51
52.55
52.50
52.36
52.14
51.87
51.58
51.29
51.02
50.77
50.56
50.38
50.26
50.21
50.21
50.25
50.32
50.41
50.50
50.59
50.68
50.75
50.79
50.79
50.75
50.68
50.60
50.50
50.41
50.33
50.25
50.21
50.21
50.25
50.32
50.41
50.50
50.59
50.67
50.75
50.82
50.85
50.84
50.79
50.71
50.61
50.60
50.67
50.85
51.09
51.36
51.50
51.48
51.28
50.97
50.59
50.29
50.12
50.10
50.19
50.35
50.57
50.85
51.16
51.47
51.77
52.02
52.21
52.33
52.40
52.42
52.44
52.48
52.53
52.59
52.57
52.46
52.26
51.99
51.70
51.40
51.12
50.86
50.63
50.44
50.26
50.07
49.89
49.71
49.55
49.35
49.11
48.83
48.54
48.25
48.12
48.16
48.40
48.76
49.18
49.63
50.07
50.48
50.85
51.17
51.39
51.49
51.49
51.40
51.27
51.19
51.18
51.28
51.44
51.64
51.77
51.80
51.73
51.59
51.41
51.20
50.99
50.79
50.61
50.45
50.34
50.29
50.29
50.33
50.36
50.38
50.37
50.35
50.31
50.27
50.23
50.18
50.14
50.11
50.10
50.14
50.20
50.29
50.40
50.50
50.60
50.69
50.77
50.84
50.87
50.86
50.80
50.72
50.63
50.55
50.51
50.51
50.53
50.58
50.63
50.68
50.74
50.79
50.84
50.83
50.75
50.60
50.41
50.20
50.07
50.05
50.13
50.29
50.49
50.71
50.94
51.15
51.35
51.52
51.67
51.79
51.88
51.96
51.98
51.96
51.90
51.80
51.69
51.63
51.64
51.71
51.84
51.98
52.09
52.13
52.10
52.02
51.91
51.75
51.57
51.35
51.13
50.91
50.71
50.53
50.38
50.25
50.15
50.09
50.09
50.14
50.22
50.31
50.47
50.69
50.97
51.27
51.58
51.84
52.04
52.19
52.28
52.32
52.37
52.42
52.48
52.56
52.63
52.68
52.69
52.66
52.60
52.42
52.12
51.68
51.18
50.66
50.12
49.59
49.08
48.62
48.20
47.87
47.64
47.49
47.42
47.39
47.52
47.79
48.21
48.70
49.22
49.69
50.05
50.31
50.47
50.56
50.64
50.75
50.89
51.05
51.21
51.34
51.42
51.46
51.46
51.44
51.40
51.35
51.30
51.24
51.19
51.15
51.11
51.07
51.05
51.02
51.01
51.00
50.99
50.98
51.03
51.15
51.33
51.54
51.77
51.94
52.04
52.05
52.00
51.92
51.97
52.19
52.61
53.13
53.71
54.12
54.33
54.30
54.10
53.79
53.48
53.21
53.01
52.87
52.78
52.65
52.45
52.18
51.88
51.57
51.29
51.07
50.91
50.80
50.74
50.73
50.78
50.88
51.01
51.16
51.33
51.53
51.74
51.96
52.17
52.31
52.36
52.33
52.23
52.10
51.95
51.79
51.64
51.50
51.42
51.43
51.52
51.66
51.83
52.04
52.28
52.54
52.80
53.04
53.19
53.21
53.11
52.92
52.69
52.52
52.44
52.46
52.56
52.71
52.86
52.98
53.07
53.12
53.16
53.12
53.01
52.82
52.59
52.35
52.10
51.87
51.67
51.48
51.33
51.18
51.02
50.86
50.70
50.55
50.41
50.30
50.20
50.12
50.06
50.12
50.32
50.65
51.06
51.48
51.87
52.20
52.48
52.70
52.82
52.83
52.74
52.59
52.39
52.18
51.97
51.77
51.59
51.43
51.35
51.36
51.45
51.59
51.77
51.94
52.07
52.16
52.21
52.24
52.16
51.98
51.70
51.35
50.98
50.67
50.45
50.32
50.26
50.27
50.31
50.37
50.45
50.54
50.62
50.70
50.77
50.83
50.89
50.93
50.91
50.82
50.66
50.46
50.27
50.11
49.99
49.90
49.85
49.82
49.81
49.81
49.82
49.84
49.84
49.80
49.73
49.65
49.55
49.56
49.70
49.97
50.33
50.72
51.03
51.24
51.32
51.30
51.22
51.21
51.29
51.50
51.77
52.09
52.36
52.55
52.66
52.70
52.69
52.70
52.75
52.85
52.98
53.13
53.20
53.17
53.04
52.83
52.59
52.34
52.09
51.85
51.65
51.38
51.06
50.67
50.25
49.84
49.48
49.19
48.97
48.83
48.73
48.76
48.91
49.18
49.52
49.90
50.27
50.62
50.94
51.23
51.46
51.63
51.73
51.76
51.74
51.69
51.61
51.53
51.44
51.36
51.28
51.21
51.15
51.10
51.06
51.03
50.92
50.73
50.46
50.13
49.79
49.50
49.31
49.21
49.18
49.20
49.31
49.51
49.78
50.09
50.41
50.63
50.75
50.73
50.63
50.52
50.45
50.43
50.44
50.48
50.51
50.52
50.49
50.45
50.40
50.34
50.28
50.22
50.17
50.13
50.19
50.39
50.72
51.13
51.57
51.90
52.08
52.10
52.00
51.82
51.66
51.53
51.47
51.45
51.47
51.38
51.14
50.76
50.29
49.79
49.36
49.06
48.90
48.84
48.87
49.02
49.31
49.70
50.16
50.63
51.03
51.34
51.53
51.64
51.63
51.51
51.29
51.02
50.71
50.44
50.21
50.04
49.91
49.83
49.86
50.01
50.28
50.61
50.97
51.28
51.50
51.64
51.69
51.70
51.69
51.69
51.70
51.73
51.76
51.83
51.92
52.04
52.18
52.32
52.40
52.41
52.34
52.22
52.07
51.88
51.66
51.42
51.17
50.94
50.78
50.70
50.72
50.80
50.92
51.06
51.21
51.36
51.50
51.62
51.73
51.82
51.89
51.94
51.93
51.85
51.69
51.49
51.27
51.07
50.92
50.82
50.75
50.72
50.74
50.81
50.92
51.06
51.20
51.32
51.40
51.43
51.43
51.41
51.37
51.33
51.28
51.23
51.18
51.11
51.02
50.90
50.76
50.63
50.53
50.47
50.46
50.48
50.52
50.60
50.72
50.87
51.04
51.21
51.31
51.34
51.29
51.19
51.05
50.93
50.83
50.77
50.74
50.71
50.66
50.59
50.51
50.43
50.35
50.27
50.20
50.15
50.10
49.98
49.78
49.48
49.15
48.80
48.56
48.48
48.55
48.73
48.98
49.24
49.47
49.66
49.81
49.93
50.02
50.08
50.11
50.13
50.14
50.16
50.21
50.29
50.38
50.48
50.60
50.75
50.92
51.09
51.27
51.37
51.40
51.35
51.24
51.09
50.99
50.94
50.96
51.04
51.08
51.09
51.03
50.94
50.82
50.67
50.49
50.28
50.07
49.86
49.75
49.75
49.87
50.07
50.31
50.55
50.75
50.90
51.02
51.10
51.17
51.26
51.36
51.46
51.56
51.63
51.66
51.64
51.60
51.53
51.41
51.21
50.96
50.68
50.39
50.15
49.95
49.82
49.73
49.69
49.67
49.68
49.70
49.73
49.77
49.83
49.93
50.05
50.19
50.33
50.49
50.67
50.87
51.06
51.20
51.26
51.23
51.15
51.03
50.89
50.74
50.60
50.47
50.35
50.31
50.34
50.45
50.61
50.79
50.91
50.93
50.84
50.68
50.47
50.36
50.37
50.51
50.75
51.03
51.34
51.64
51.93
52.18
52.41
52.60
52.75
52.87
52.96
53.03
52.99
52.85
52.60
52.28
51.94
51.64
51.43
51.32
51.27
51.28
51.27
51.22
51.12
50.99
50.90
50.87
50.91
50.99
51.11
51.31
51.62
52.01
52.44
52.89
53.18
53.27
53.17
52.93
52.60
52.26
51.94
51.66
51.44
51.25
51.14
51.09
51.11
51.16
51.25
51.27
51.20
51.04
50.81
50.56
50.35
50.21
50.16
50.17
50.21
50.26
50.30
50.31
50.30
50.27
50.29
50.38
50.52
50.70
50.89
50.98
50.94
50.75
50.47
50.15
49.86
49.63
49.50
49.43
49.44
49.51
49.65
49.81
49.99
50.22
50.51
50.84
51.19
51.53
51.69
51.63
51.34
50.90
50.39
49.93
49.57
49.34
49.22
49.17
49.18
49.23
49.31
49.40
49.50
49.62
49.76
49.93
50.11
50.28
50.43
50.58
50.70
50.80
50.88
50.92
50.91
50.85
50.77
50.67
50.54
50.37
50.19
49.99
49.80
49.68
49.64
49.68
49.78
49.92
50.07
50.23
50.38
50.52
50.70
50.92
51.18
51.46
51.75
51.93
51.99
51.93
51.79
51.59
51.42
51.31
51.26
51.27
51.32
51.36
51.38
51.38
51.35
51.32
51.30
51.32
51.36
51.43
51.51
51.48
51.33
51.04
50.68
50.29
49.99
49.84
49.85
49.97
50.16
50.34
50.48
50.55
50.57
50.55
50.56
50.62
50.74
50.88
50.99
51.04
51.02
50.95
50.86
50.71
50.54
50.33
50.11
49.90
49.84
49.95
50.25
50.65
51.12
51.46
51.64
51.62
51.47
51.23
51.00
50.81
50.69
50.62
50.59
50.56
50.53
50.48
50.42
50.35
50.29
50.22
50.17
50.12
50.08
50.02
49.94
49.83
49.71
49.59
49.53
49.53
49.62
49.75
49.91
50.13
50.42
50.75
51.11
51.46
51.79
52.08
52.34
52.55
52.62
52.53
52.27
51.92
51.52
51.15
50.86
50.67
50.55
50.49
50.53
50.66
50.88
51.14
51.43
51.69
51.90
52.05
52.16
52.22
52.23
52.18
52.08
51.96
51.82
51.70
51.63
51.59
51.59
51.61
51.59
51.52
51.39
51.22
51.04
50.86
50.68
50.53
50.39
50.27
50.20
50.18
50.21
50.27
50.35
50.42
50.46
50.46
50.44
50.32
50.10
49.77
49.40
49.01
48.74
48.61
48.65
48.81
49.03
49.30
49.57
49.84
50.09
50.31
50.43
50.42
50.28
50.06
49.80
49.58
49.41
49.33
49.31
49.33
49.41
49.53
49.70
49.89
50.08
50.23
50.34
50.40
50.42
50.41
50.36
50.26
50.12
49.97
49.81
49.79
49.93
50.25
50.67
51.14
51.58
51.93
52.18
52.34
52.52
52.74
53.01
53.31
53.61
53.73
53.65
53.34
52.89
52.37
51.88
51.46
51.14
50.91
50.75
50.71
50.77
50.94
51.17
51.42
51.63
51.77
51.83
51.83
51.78
51.68
51.53
51.34
51.14
50.94
50.72
50.49
50.25
50.01
49.79
49.65
49.59
49.63
49.73
49.87
50.00
50.10
50.17
50.21
50.22
50.25
50.29
50.36
50.45
50.53
50.65
50.78
50.95
51.12
51.31
51.52
51.75
51.98
52.19
52.30
52.30
52.17
51.97
51.72
51.48
51.27
51.11
51.00
50.91
50.86
50.83
50.82
50.82
50.83
50.85
50.87
50.89
50.91