328.29
328.38
328.32
328.15
327.94
327.74
327.55
327.39
327.26
327.13
326.99
326.84
326.68
326.54
326.33
326.05
325.69
325.29
324.89
324.88
325.34
326.28
327.51
328.88
330.04
330.86
331.28
331.40
331.30
330.93
330.30
329.48
328.55
327.61
326.62
325.61
324.61
323.66
322.79
322.07
321.49
321.06
320.75
320.55
320.54
320.72
321.07
321.53
322.03
322.81
323.88
325.22
326.68
328.15
329.23
329.81
329.85
329.52
329.12
328.79
328.63
328.59
328.64
328.72
328.80
328.87
328.92
328.97
329.00
329.02
329.04
329.04
329.05
328.83
328.37
327.65
326.80
325.88
325.01
324.23
323.56
323.00
322.56
322.20
321.89
321.63
321.41
321.23
321.05
320.83
320.58
320.32
320.07
320.08
320.39
321.01
321.82
322.72
323.41
323.83
323.91
323.76
323.46
323.22
323.12
323.20
323.41
323.70
323.97
324.18
324.33
324.41
324.58
324.87
325.29
325.78
326.30
326.68
326.86
326.84
326.67
326.41
326.13
325.85
325.62
325.42
325.26
325.18
325.20
325.31
325.48
325.68
325.91
326.18
326.46
326.74
327.00
327.16
327.20
327.10
326.93
326.70
326.37
325.94
325.44
324.90
324.36
324.02
323.92
324.06
324.37
324.78
325.25
325.72
326.17
326.58
326.95
327.18
327.27
327.21
327.05
326.82
326.63
326.48
326.40
326.38
326.35
326.28
326.16
326.02
325.86
325.63
325.31
324.91
324.47
324.03
323.59
323.16
322.74
322.35
322.01
321.77
321.64
321.62
321.68
321.79
321.94
322.09
322.25
322.40
322.54
322.77
323.10
323.54
324.04
324.54
325.00
325.39
325.69
325.92
326.09
326.17
326.18
326.13
326.03
325.90
325.93
326.13
326.54
327.06
327.64
328.20
328.70
329.12
329.46
329.73
329.82
329.74
329.48
329.11
328.61
328.00
327.30
326.58
325.89
325.54
325.60
326.09
326.86
327.78
328.49
328.88
328.89
328.64
328.22
327.61
326.88
326.05
325.20
324.37
323.83
323.62
323.76
324.14
324.66
325.21
325.71
326.14
326.48
326.75
326.82
326.67
326.32
325.85
325.31
324.78
324.30
323.90
323.56
323.30
322.86
322.20
321.30
320.27
319.22
318.55
318.36
318.69
319.36
320.08
320.72
321.18
321.49
321.68
322.05
322.65
323.52
324.52
325.58
326.36
326.80
326.85
326.63
326.23
325.72
325.16
324.60
324.07
323.59
323.17
322.81
322.51
322.28
322.10
322.00
321.96
322.00
322.07
322.18
322.35
322.58
322.87
323.19
323.51
323.82
324.09
324.34
324.54
324.71
324.95
325.28
325.71
326.19
326.67
327.19
327.73
328.28
328.82
329.31
329.45
329.19
328.51
327.59
326.83
326.37
326.30
326.50
326.88
327.20
327.40
327.40
327.28
327.07
326.68
326.12
325.39
324.60
323.80
323.22
322.92
322.93
323.16
323.52
323.88
324.18
324.38
324.50
324.56
324.54
324.46
324.32
324.16
323.98
323.89
323.89
324.01
324.20
324.42
324.59
324.66
324.62
324.50
324.34
324.19
324.05
323.96
323.89
323.85
323.78
323.66
323.49
323.28
323.08
322.93
322.85
322.86
322.93
322.92
322.82
322.60
322.30
321.97
321.74
321.65
321.71
321.87
322.10
322.26
322.30
322.20
322.02
321.78
321.76
322.02
322.57
323.29
324.11
324.76
325.16
325.27
325.17
324.93
324.72
324.58
324.56
324.62
324.74
324.81
324.80
324.70
324.54
324.34
324.13
323.93
323.73
323.56
323.40
323.35
323.42
323.61
323.86
324.16
324.41
324.59
324.69
324.72
324.70
324.73
324.83
325.02
325.26
325.36
325.27
324.99
324.57
324.09
323.70
323.44
323.34
323.36
323.46
323.61
323.79
323.98
324.17
324.35
324.37
324.22
323.89
323.45
322.96
322.40
321.81
321.18
320.58
320.01
319.56
319.25
319.06
318.99
318.98
319.33
320.05
321.14
322.43
323.80
325.08
326.22
327.17
327.93
328.52
328.77
328.68
328.26
327.63
326.89
326.24
325.76
325.49
325.38
325.39
325.67
326.22
327.02
327.95
328.72
329.21
329.39
329.33
329.11
328.82
328.51
328.20
327.93
327.69
327.24
326.55
325.61
324.55
323.45
322.47
321.67
321.07
320.64
320.36
320.31
320.47
320.82
321.29
321.82
322.47
323.22
324.05
324.90
325.71
326.30
326.61
326.64
326.47
326.16
325.85
325.61
325.46
325.38
325.36
325.51
325.85
326.36
326.96
327.60
328.07
328.32
328.31
328.13
327.70
327.06
326.23
325.32
324.39
323.59
322.95
322.51
322.23
322.07
322.20
322.61
323.29
324.13
325.03
325.77
326.27
326.50
326.53
326.41
326.18
325.85
325.48
325.08
324.69
324.14
323.41
322.51
321.52
320.54
319.98
319.94
320.45
321.31
322.38
323.52
324.61
325.62
326.50
327.26
327.72
327.87
327.72
327.36
326.87
326.40
326.01
325.74
325.56
325.46
325.31
325.09
324.76
324.39
324.05
323.78
323.61
323.51
323.46
323.30
322.98
322.49
321.91
321.29
320.79
320.45
320.30
320.28
320.36
320.53
320.76
321.05
321.36
321.66
322.07
322.62
323.28
324.00
324.72
325.51
326.35
327.24
328.12
328.95
329.53
329.83
329.83
329.63
329.30
328.72
327.94
326.96
325.91
324.85
323.93
323.20
322.67
322.32
322.11
322.15
322.42
322.90
323.52
324.19
324.78
325.25
325.56
325.75
325.95
326.20
326.53
326.89
327.25
327.41
327.33
326.99
326.48
325.89
325.56
325.58
325.99
326.65
327.45
328.15
328.66
328.93
329.01
328.96
328.93
328.97
329.10
329.29
329.52
329.68
329.74
329.69
329.57
329.39
329.12
328.75
328.29
327.79
327.29
326.84
326.47
326.19
325.98
325.83
325.66
325.44
325.15
324.83
324.51
324.21
323.93
323.69
323.48
323.31
323.28
323.40
323.68
324.05
324.34
324.48
324.45
324.29
324.06
323.79
323.51
323.22
322.96
322.73
322.58
322.52
322.56
322.66
322.81
323.05
323.40
323.83
324.30
324.78
325.10
325.22
325.14
324.91
324.59
324.15
323.61
322.98
322.33
321.70
321.11
320.58
320.13
319.75
319.45
319.26
319.20
319.25
319.38
319.56
319.95
320.56
321.38
322.31
323.27
324.09
324.71
325.11
325.32
325.41
325.50
325.64
325.87
326.14
326.30
326.30
326.12
325.83
325.48
325.39
325.64
326.27
327.12
328.08
328.83
329.27
329.35
329.18
328.83
328.47
328.14
327.91
327.75
327.65
327.50
327.25
326.91
326.51
326.10
325.83
325.75
325.86
326.11
326.44
326.75
327.01
327.19
327.31
327.37
327.32
327.14
326.85
326.50
326.11
325.79
325.54
325.39
325.32
325.31
325.34
325.39
325.46
325.54
325.62
325.70
325.77
325.83
325.88
325.90
325.87
325.81
325.72
325.62
325.57
325.59
325.67
325.80
325.96
325.86
325.45
324.71
323.78
322.76
321.88
321.20
320.76
320.52
320.44
320.54
320.81
321.22
321.71
322.23
322.80
323.39
324.00
324.59
325.13
325.58
325.93
326.19
326.35
326.45
326.47
326.41
326.30
326.15
325.99
325.76
325.49
325.16
324.82
324.48
324.16
323.88
323.63
323.43
323.26
323.13
323.03
322.96
322.91
322.83
322.70
322.52
322.31
322.10
322.10
322.36
322.90
323.61
324.39
324.78
324.68
324.04
323.06
321.88
321.04
320.67
320.86
321.43
322.23
322.97
323.52
323.83
323.95
323.93
324.08
324.48
325.15
326.00
326.91
327.52
327.75
327.55
327.06
326.40
325.88
325.62
325.67
325.94
326.34
326.74
327.07
327.30
327.45
327.53
327.42
327.12
326.64
326.05
325.58
325.31
325.26
325.37
325.58
325.73
325.76
325.63
325.40
325.11
324.68
324.14
323.48
322.78
322.09
321.73
321.77
322.25
322.99
323.89
324.65
325.20
325.46
325.51
325.42
325.19
324.88
324.50
324.11
323.72
323.51
323.53
323.78
324.18
324.67
325.13
325.53
325.83
326.06
326.21
326.33
326.44
326.55
326.64
326.73
326.73
326.62
326.40
326.12
325.81
325.47
325.12
324.75
324.40
324.11
323.89
323.74
323.64
323.60
323.61
323.69
323.81
323.96
324.12
324.35
324.68
325.08
325.52
325.96
326.08
325.83
325.18
324.29
323.28
322.60
322.39
322.71
323.37
324.24
325.03
325.62
325.94
326.07
326.04
326.11
326.32
326.72
327.22
327.78
328.00
327.79
327.12
326.16
325.05
323.96
322.95
322.08
321.37
320.79
320.48
320.43
320.65
321.03
321.51
321.98
322.39
322.71
322.95
323.23
323.57
323.99
324.45
324.91
325.18
325.23
325.03
324.68
324.24
323.84
323.52
323.33
323.23
323.20
323.14
323.03
322.84
322.61
322.36
322.19
322.13
322.19
322.33
322.51
322.75
323.02
323.32
323.62
323.90
324.18
324.47
324.75
325.01
325.25
325.40
325.46
325.42
325.32
325.18
325.10
325.10
325.21
325.37
325.58
325.75
325.85
325.88
325.85
325.78
325.78
325.85
326.02
326.24
326.38
326.41
326.30
326.10
325.85
325.65
325.55
325.55
325.63
325.76
325.84
325.83
325.73
325.57
325.37
325.18
325.03
324.92
324.85
324.81
324.81
324.87
324.97
325.09
325.23
325.47
325.83
326.31
326.84
327.38
327.71
327.78
327.58
327.19
326.70
326.10
325.43
324.73
324.04
323.39
323.08
323.15
323.61
324.34
325.20
325.82
326.09
325.96
325.54
324.96
324.39
323.92
323.59
323.38
323.11
322.73
322.20
321.61
321.01
320.71
320.81
321.31
322.07
322.98
323.96
324.96
325.93
326.82
327.62
328.17
328.46
328.47
328.30
328.00
327.71
327.48
327.35
327.29
327.29
327.33
327.39
327.46
327.54
327.63
327.57
327.35
326.97
326.49
325.96
325.49
325.11
324.83
324.65
324.54
324.65
324.98
325.54
326.22
326.95
327.66
328.29
328.82
329.26
329.55
329.70
329.71
329.63
329.49
329.12
328.52
327.70
326.77
325.80
324.95
324.26
323.77
323.43
323.23
323.18
323.27
323.48
323.76
324.08
324.37
324.63
324.83
324.98
325.08
325.15
325.19
325.21
325.21
325.20
325.24
325.33
325.48
325.67
325.88
325.94
325.85
325.58
325.19
324.76
324.33
323.94
323.62
323.37
323.17
323.20
323.50
324.06
324.76
325.54
326.05
326.22
326.01
325.54
325.13
324.89
324.88
325.05
325.32
325.33
325.00
324.29
323.35
322.30
321.33
320.53
319.94
319.53
319.26
319.23
319.40
319.77
320.25
320.79
321.21
321.45
321.49
321.38
321.18
321.03
320.97
321.04
321.20
321.40
321.63
321.86
322.09
322.29
322.48
322.63
322.76
322.86
322.94
323.00
322.96
322.82
322.56
322.25
321.91
321.73
321.75
321.99
322.38
322.84
323.09
323.06
322.72
322.17
321.75
321.57
321.67
321.98
322.41
322.79
323.07
323.21
323.25
323.20
322.95
322.48
321.80
321.02
320.20
319.54
319.08
318.87
318.83
318.92
319.17
319.57
320.08
320.65
321.23
321.87
322.54
323.26
323.96
324.61
325.14
325.53
325.78
325.91
325.95
325.77
325.36
324.74
323.99
323.20
322.67
322.45
322.60
322.99
323.54
324.07
324.54
324.89
325.15
325.31
325.34
325.21
324.95
324.62
324.37
324.28
324.35
324.55
324.82
325.04
325.18
325.22
325.18
325.09
324.99
324.91
324.86
324.83
324.82
324.82
324.83
324.85
324.87
324.89
324.75
324.43
323.91
323.28
322.62
322.17
322.01
322.16
322.53
323.02
323.63
324.32
325.06
325.78
326.46
326.94
327.19
327.19
327.02
326.74
326.40
326.03
325.66
325.32
325.00
324.52
323.83
322.93
321.92
320.91
320.14
319.71
319.63
319.81
320.22
320.78
321.46
322.17
322.88
323.57
324.22
324.83
325.37
325.83
325.82
325.28
324.18
322.77
321.20
319.90
319.01
318.60
318.55
318.75
319.14
319.67
320.26
320.88
321.48
322.14
322.87
323.65
324.43
325.17
325.84
326.42
326.91
327.32
327.64
327.56
327.05
326.10
324.89
323.58
322.54
321.90
321.73
321.89
322.28
322.64
322.89
322.96
322.90
322.79
322.66
322.53
322.41
322.30
322.21
322.14
322.08
322.03
322.00
322.03
322.13
322.30
322.51
322.73
322.83
322.76
322.50
322.14
321.72
321.46
321.43
321.66
322.05
322.53
322.92
323.16
323.21
323.13
322.96
322.95
323.16
323.61
324.22
324.91
325.47
325.85
326.02
326.03
325.93
325.78
325.63
325.48
325.35
325.25
325.00
324.58
323.99
323.31
322.61
322.27
322.37
322.96
323.86
324.68
325.29
325.59
325.67
325.58
325.27
324.77
324.11
323.38
322.63
322.10
321.84
321.88
322.13
322.51
322.89
323.20
323.40
323.52
323.58
323.54
323.40
323.17
322.90
322.60
322.23
321.78
321.27
320.73
320.21
319.84
319.63
319.62
319.73
319.94
320.24
320.63
321.08
321.56
322.02
322.37
322.58
322.64
322.60
322.49
322.57
322.90
323.51
324.29
325.14
325.94
326.64
327.20
327.64
327.86
327.86
327.65
327.31
326.90
326.48
326.09
325.76
325.49
325.28
325.08
324.90
324.73
324.57
324.42
324.30
324.20
324.12
324.05
324.00
323.89
323.70
323.42
323.09
322.75
322.55
322.53
322.70
323.00
323.36
323.71
323.99
324.19
324.32
324.40
324.45
324.51
324.57
324.64
324.71
324.83
325.00
325.22
325.48
325.74
326.01
326.30
326.59
326.87
327.13
327.30
327.38
327.36
327.27
327.15
326.99
326.84
326.68
326.53
326.38
326.21
326.02
325.84
325.66
325.35
324.87
324.21
323.48
322.73
321.94
321.16
320.39
319.66
319.02
318.67
318.65
318.98
319.54
320.22
320.89
321.51
322.02
322.43
322.75
323.04
323.32
323.61
323.88
324.13
324.44
324.80
325.23
325.67
326.11
326.44
326.63
326.68
326.62
326.50
326.41
326.39
326.47
326.60
326.77
326.85
326.80
326.62
326.35
326.01
325.63
325.22
324.81
324.43
324.14
323.95
323.88
323.89
323.96
323.92
323.76
323.44
323.04
322.59
322.24
322.04
322.01
322.09
322.25
322.48
322.76
323.08
323.41
323.72
323.74
323.42
322.75
321.86
320.87
320.22
320.00
320.27
320.87
321.68
322.66
323.76
324.91
326.04
327.10
327.95
328.54
328.88
329.01
329.00
328.67
328.03
327.09
326.01
324.90
323.85
322.90
322.09
321.40
320.88
320.50
320.26
320.14
320.09
320.17
320.34
320.61
320.92
321.25
321.68
322.22
322.85
323.51
324.16
324.77
325.31
325.79
326.18
326.50
326.73
326.86
326.91
326.89
326.83
326.75
326.65
326.54
326.44
326.34
326.34
326.44
326.64
326.91
327.22
327.31
327.14
326.70
326.08
325.38
324.92
324.79
325.03
325.52
326.15
326.88
327.65
328.43
329.16
329.53
329.48
329.00
328.23
327.30
326.34
325.43
324.60
323.88
323.28
322.76
322.32
321.94
321.62
321.36
321.08
320.76
320.39
320.00
319.62
319.35
319.21
319.20
319.30
319.45
319.91
320.69
321.79
323.05
324.36
325.58
326.64
327.52
328.21
328.73
328.98
328.96
328.67
328.23
327.69
327.17
326.71
326.35
326.09
325.89
325.76
325.68
325.65
325.64
325.65
325.81
326.14
326.63
327.20
327.70
328.07
328.26
328.34
328.32
328.07
327.60
326.92
326.13
325.29
324.59
324.06
323.75
323.59
323.56
323.50
323.38
323.17
322.91
322.62
322.39
322.23
322.16
322.16
322.20
322.33
322.53
322.80
323.11
323.43
323.95
324.69
325.66
326.73
327.81
328.58
328.95
328.90
328.54
328.00
327.54
327.25
327.20
327.31
327.53
327.74
327.89
327.94
327.93
327.87
327.76
327.60
327.40
327.19
326.97
326.77
326.59
326.43
326.30
326.05
325.68
325.17
324.58
323.98
323.43
322.96
322.57
322.27
322.04
321.83
321.61
321.37
321.13
320.90
320.74
320.67
320.70
320.78
320.91
320.95
320.87
320.66
320.38
320.05
320.19
320.89
322.19
323.84
325.65
327.09
328.02
328.35
328.24
327.83
327.31
326.78
326.32
325.92
325.60
325.31
325.05
324.81
324.60
324.42
324.36
324.41
324.59
324.84
325.32
326.02
326.94
327.97
329.01
329.73
330.07
329.98
329.60
329.04
328.53
328.17
328.02
328.02
328.13
328.06
327.76
327.18
326.45
325.64
324.94
324.39
324.05
323.85
323.78
323.66
323.44
323.11
322.71
322.29
322.00
321.89
321.98
322.21
322.51
322.86
323.22
323.57
323.89
324.17
324.30
324.28
324.08
323.78
323.42
322.99
322.50
321.96
321.43
321.12
321.07
321.29
321.70
322.22
323.00
324.02
325.28
326.62
327.96
328.98
329.60
329.79
329.67
329.33
328.73
327.91
326.91
325.84
324.78
323.86
323.13
322.61
322.27
322.07
322.03
322.14
322.36
322.66
323.00
323.26
323.42
323.45
323.40
323.28
323.30
323.48
323.84
324.32
324.86
325.24
325.41
325.35
325.13
324.81
324.49
324.21
324.00
323.86
323.76
323.82
324.02
324.38
324.83
325.15
325.28
325.20
324.98
324.66
324.35
324.08
323.89
323.77
323.69
323.57
323.39
323.14
322.85
322.54
322.28
322.06
321.90
321.80
321.74
321.68
321.62
321.54
321.46
321.38
321.43
321.65
322.03
322.51
323.04
323.54
323.98
324.34
324.63
324.85
324.88
324.71
324.34
323.85
323.29
322.76
322.28
321.87
321.54
321.28
321.19
321.27
321.53
321.90
322.32
322.90
323.61
324.45
325.34
326.10
326.69
327.06
327.26
327.34
327.43
327.57
327.80
328.08
328.38
328.38
328.03
327.30
326.35
325.28
324.07
322.75
321.35
319.98
318.70
317.88
317.57
317.80
318.41
319.24
320.23
321.32
322.44
323.52
324.51
325.32
325.91
326.27
326.46
326.51
326.36
326.02
325.52
324.92
324.29
323.94
323.94
324.32
324.94
325.70
326.46
327.16
327.74
328.22
328.60
328.83
328.92
328.88
328.76
328.60
328.44
328.31
328.20
328.11
328.26
328.67
329.35
330.18
331.07
331.56
331.54
330.96
330.02
328.88
327.74
326.71
325.83
325.12
324.57
324.12
323.76
323.46
323.23
323.06
323.02
323.10
323.32
323.61
323.95
324.35
324.79
325.28
325.76
326.22
326.53
326.67
326.62
326.45
326.19
325.87
325.51
325.12
324.73
324.37
323.85
323.17
322.30
321.36
320.41
319.94
320.04
320.75
321.85
322.92
323.79
324.37
324.69
324.83
325.13
325.66
326.48
327.45
328.49
329.37
330.04
330.45
330.66
330.72
330.75
330.80
330.90
331.02
331.17
331.12
330.86
330.36
329.72
329.03
328.22
327.31
326.35
325.38
324.47
323.91
323.77
324.05
324.63
325.37
326.13
326.85
327.47
327.98
328.40
328.69
328.88
328.96
328.97
328.92
328.70
328.31
327.76
327.11
326.44
325.87
325.43
325.16
325.01
325.01
325.15
325.39
325.71
326.05
326.12
325.88
325.28
324.48
323.57
322.63
321.73
320.90
320.16
319.52
319.19
319.17
319.47
319.97
320.59
321.32
322.10
322.91
323.70
324.43
325.02
325.47
325.75
325.91
325.97
325.99
325.99
325.99
325.99
326.00
325.94
325.83
325.65
325.44
325.21
324.99
324.78
324.59
324.43
324.29
324.23
324.26
324.37
324.54
324.70
324.85
324.96
325.04
325.09
325.13
325.14
325.15
325.14
325.13
325.12
325.10
325.08
325.07
325.05
325.04
325.03
325.02
325.01
325.00
324.89
324.66
324.30
323.87
323.42
323.00
322.64
322.35
322.13
321.97
321.91
321.96
322.10
322.30
322.53
322.79
323.09
323.39
323.69
323.98
324.23
324.44
324.63
324.77
324.89
325.08
325.38
325.77
326.22
326.69
326.90
326.80
326.36
325.72
324.99
324.25
323.56
322.94
322.40
322.05
321.91
321.98
322.19
322.49
322.83
323.19
323.53
323.85
324.14
324.33
324.42
324.41
324.33
324.20
323.99
323.71
323.37
323.00
322.64
322.49
322.58
322.93
323.45
324.06
324.53
324.81
324.86
324.74
324.50
324.16
323.72
323.21
322.68
322.17
321.61
321.02
320.39
319.76
319.18
318.92
319.03
319.54
320.30
321.18
322.14
323.11
324.06
324.93
325.65
326.20
326.58
326.81
326.93
326.88
326.68
326.35
325.93
325.48
325.12
324.87
324.75
324.74
324.80
324.74
324.53
324.14
323.64
323.10
322.80
322.79
323.12
323.67
324.34
325.03
325.68
326.27
326.77
327.18
327.33
327.19
326.76
326.16
325.45
324.80
324.26
323.87
323.60
323.44
323.46
323.66
324.04
324.51
325.03
325.58
326.13
326.67
327.18
327.63
327.83
327.75
327.39
326.85
326.37
326.05
325.92
325.94
326.07
326.13
326.07
325.86
325.56
325.22
325.10
325.26
325.74
326.41
327.17
327.73
327.98
327.90
327.58
327.11
326.66
326.32
326.11
326.02
326.00
325.99
325.96
325.88
325.78
325.67
325.69
325.87
326.21
326.66
327.15
327.72
328.37
329.07
329.77
330.43
330.71
330.55
329.93
329.02
327.95
326.99
326.23
325.75
325.47
325.36
325.27
325.13
324.92
324.67
324.52
324.48
324.60
324.80
325.07
325.06
324.72
324.01
323.09
322.07
321.26
320.78
320.67
320.82
321.15
321.59
322.08
322.57
323.05
323.49
323.83
324.05
324.14
324.15
324.09
323.99
323.87
323.74
323.61
323.48
323.18
322.68
321.97
321.16
320.31
319.89
319.98
320.64
321.65
322.86
323.85
324.49
324.69
324.58
324.26
323.97
323.80
323.79
323.90
324.10
324.23
324.25
324.15
323.96
323.73
323.47
323.21
322.96
322.74
322.68
322.80
323.11
323.53
324.01
324.27
324.24
323.88
323.31
322.63
322.04
321.61
321.39
321.31
321.35
321.68
322.30
323.20
324.25
325.35
326.04
326.23
325.87
325.15
324.20
323.53
323.27
323.50
324.07
324.83
325.51
326.00
326.23
326.28
326.19
325.96
325.61
325.17
324.70
324.22
323.84
323.61
323.51
323.53
323.59
323.67
323.74
323.80
323.86
323.96
324.11
324.32
324.56
324.80
324.90
324.83
324.57
324.20
323.77
323.27
322.72
322.13
321.55
321.01
320.68
320.60
320.78
321.14
321.59
322.06
322.51
322.90
323.24
323.51
323.71
323.82
323.85
323.83
323.77
323.61
323.34
322.97
322.56
322.13
321.88
321.84
322.04
322.39
322.82
323.06
323.02
322.67
322.13
321.47
321.01
320.83
320.99
321.36
321.93
322.62
323.39
324.18
324.94
325.52
325.91
326.08
326.08
325.97
325.61
324.98
324.12
323.13
322.11
321.45
321.22
321.48
322.06
322.84
323.61
324.28
324.78
325.15
325.40
325.44
325.29
324.96
324.51
324.01
323.47
322.92
322.38
321.87
321.42
321.26
321.45
321.98
322.73
323.59
324.59
325.68
326.84
327.99
329.05
329.69
329.84
329.46
328.75
327.84
326.80
325.73
324.67
323.68
322.82
322.10
321.54
321.12
320.81
320.67
320.66
320.78
320.98
321.23
321.66
322.28
323.07
323.94
324.82
325.60
326.26
326.75
327.12
327.36
327.52
327.60
327.62
327.61
327.56
327.45
327.26
327.01
326.73
326.44
326.19
325.98
325.84
325.75
325.70
325.63
325.52
325.36
325.18
324.98
324.85
324.79
324.81
324.89
325.01
324.93
324.61
324.03
323.30
322.51
321.80
321.21
320.79
320.51
320.25
319.99
319.71
319.42
319.13
318.93
318.82
318.80
318.86
318.95
319.21
319.64
320.22
320.88
321.57
322.39
323.35
324.43
325.54
326.61
327.24
327.37
326.96
326.19
325.21
324.28
323.49
322.91
322.50
322.25
322.19
322.31
322.60
322.98
323.40
323.74
323.93
323.96
323.88
323.72
323.68
323.80
324.11
324.53
325.02
325.59
326.25
326.96
327.68
328.35
328.89
329.26
329.45
329.51
329.31
328.86
328.17
327.36
326.51
325.78
325.22
324.88
324.69
324.63
324.69
324.84
325.06
325.32
325.59
325.86
326.11
326.33
326.52
326.68
326.54
326.07
325.25
324.24
323.14
322.34
321.93
321.97
322.32
322.87
323.45
323.97
324.40
324.73
324.98
325.20
325.43
325.68
325.92
326.14
326.24
326.19
325.99
325.68
325.32
324.82
324.16
323.38
322.54
321.71
321.03
320.56
320.30
320.22
320.30
320.54
320.88
321.29
321.72
322.18
322.63
323.07
323.49
323.86
324.10
324.20
324.15
324.00
323.79
323.70
323.79
324.08
324.49
324.97
325.22
325.19
324.84
324.28
323.60
323.02
322.59
322.37
322.30
322.34
322.41
322.46
322.47
322.45
322.42
322.23
321.89
321.39
320.81
320.20
319.81
319.71
319.92
320.34
320.88
321.62
322.51
323.54
324.61
325.48
326.10
326.41
326.51
326.44
326.13
325.60
324.87
324.05
323.20
322.65
322.47
322.69
323.19
323.84
324.31
324.49
324.32
323.92
323.37
322.84
322.38
322.03
321.79
321.63
321.62
321.76
322.02
322.37
322.75
323.09
323.34
323.50
323.59
323.62
323.55
323.40
323.16
322.88
322.58
322.42
322.43
322.63
322.95
323.34
323.65
323.83
323.85
323.78
323.63
323.43
323.22
323.01
322.81
322.78
322.96
323.36
323.88
324.47
325.02
325.48
325.83
326.09
326.26
326.37
326.43
326.44
326.43
326.40
326.44
326.56
326.78
327.05
327.34
327.47
327.41
327.13
326.71
326.22
325.94
325.95
326.28
326.82
327.47
327.91
328.03
327.79
327.31
326.70
326.15
325.74
325.52
325.45
325.48
325.42
325.23
324.86
324.40
323.90
323.41
322.99
322.64
322.36
322.14
322.01
321.95
321.97
322.04
322.27
322.68
323.24
323.89
324.57
325.04
325.25
325.16
324.88
324.48
324.15
323.94
323.91
324.00
324.17
324.41
324.71
325.04
325.37
325.70
325.86
325.83
325.61
325.26
324.84
324.42
324.04
323.72
323.45
323.24
323.16
323.22
323.40
323.67
323.99
324.02
323.71
323.03
322.12
321.10
320.33
319.90
319.88
320.13
320.57
321.04
321.46
321.78
322.01
322.18
322.39
322.68
323.06
323.48
323.92
324.33
324.71
325.04
325.33
325.46
325.42
325.21
324.89
324.51
324.14
323.80
323.52
323.30
323.13
323.05
323.08
323.20
323.38
323.59
323.76
323.87
323.90
323.87
323.80
323.74
323.70
323.68
323.69
323.71
323.82
324.03
324.33
324.69
325.06
325.29
325.35
325.20
324.93
324.59
324.21
323.82
323.45
323.12
322.82
322.73
322.87
323.24
323.76
324.34
324.82
325.12
325.22
325.17
325.12
325.14
325.25
325.42
325.63
325.74
325.72
325.56
325.32
325.02
324.81
324.73
324.79
324.95
325.18
325.35
325.44
325.43
325.34
325.21
325.10
325.05
325.07
325.13
325.22
325.13
324.84
324.32
323.68
322.97
322.56
322.52
322.90
323.54
324.33
324.98
325.38
325.48
325.36
325.10
324.83
324.61
324.48
324.42
324.40
324.34
324.22
324.01
323.76
323.75
324.06
324.70
325.53
326.47
327.20
327.65
327.77
327.66
327.38
327.00
326.58
326.15
325.73
325.34
324.92
324.45
323.94
323.43
322.94
322.76
322.94
323.49
324.29
325.20
326.02
326.65
327.07
327.30
327.39
327.33
327.13
326.83
326.47
326.08
325.62
325.09
324.49
323.89
323.32
322.87
322.58
322.45
322.44
322.52
322.79
323.24
323.86
324.58
325.31
325.89
326.26
326.40
326.37
326.20
325.92
325.56
325.18
324.80
324.46
324.18
323.98
323.84
323.75
323.78
323.93
324.20
324.54
324.91
325.10
325.04
324.74
324.27
323.72
323.34
323.22
323.39
323.76
324.24
324.68
325.00
325.17
325.22
325.20
325.31
325.59
326.08
326.68
327.34
327.94
328.44
328.83
329.11
329.30
329.33
329.22
328.97
328.63
328.26
327.85
327.42
326.99
326.59
326.22
325.89
325.62
325.39
325.21
324.97
324.64
324.21
323.74
323.27
322.79
322.31
321.86
321.44
321.07
320.94
321.08
321.49
322.08
322.75
323.29
323.62
323.72
323.64
323.44
323.34
323.38
323.60
323.93
324.33
324.57
324.59
324.35
323.95
323.46
323.07
322.83
322.78
322.86
323.03
323.23
323.42
323.59
323.73
323.84
323.95
324.08
324.21
324.35
324.48
324.76
325.21
325.83
326.55
327.28
327.89
328.33
328.56
328.64
328.39
327.83
326.96
325.92
324.83
323.99
323.50
323.39
323.56
323.92
324.28
324.58
324.75
324.83
324.84
324.91
325.08
325.35
325.68
326.03
326.31
326.47
326.50
326.45
326.33
326.15
325.93
325.66
325.39
325.12
324.93
324.83
324.82
324.87
324.97
325.15
325.40
325.71
326.06
326.40
326.49
326.27
325.72
324.99
324.15
323.23
322.28
321.34
320.44
319.63
319.13
318.99
319.22
319.68
320.34
321.14
322.01
322.88
323.72
324.45
325.06
325.54
325.90
326.16
326.11
325.76
325.09
324.25
323.32
322.58
322.09
321.90
321.94
322.13
322.36
322.58
322.76
322.90
323.00
323.15
323.37
323.67
324.00
324.33
324.50
324.46
324.19
323.78
323.28
322.85
322.51
322.29
322.18
322.15
322.25
322.48
322.83
323.25
323.69
323.96
324.01
323.84
323.51
323.10
322.83
322.77
322.95
323.29
323.55
323.63
323.49
323.21
322.84
322.62
322.60
322.82
323.20
323.67
324.05
324.27
324.30
324.20
324.01
323.80
323.59
323.42
323.27
323.16
323.17
323.34
323.65
324.04
324.48
324.71
324.67
324.34
323.82
323.20
322.70
322.39
322.32
322.41
322.61
322.85
323.10
323.32
323.51
323.67
323.96
324.40
325.01
325.71
326.43
327.01
327.42
327.63
327.70
327.65
327.50
327.27
327.00
326.69
326.28
325.77
325.15
324.50
323.85
323.33
322.96
322.75
322.68
322.69
322.83
323.06
323.39
323.75
324.13
324.28
324.16
323.74
323.14
322.45
321.83
321.36
321.05
320.90
320.84
320.92
321.11
321.40
321.74
322.10
322.32
322.37
322.22
321.94
321.59
321.26
320.99
320.80
320.67
320.61
320.85
321.42
322.34
323.44
324.62
325.55
326.13
326.31
326.21
326.13
326.17
326.41
326.76
327.19
327.47
327.57
327.44
327.17
326.81
326.38
325.92
325.43
324.96
324.53
324.17
323.90
323.71
323.59
323.54
323.63
323.87
324.26
324.73
325.24
325.69
326.05
326.30
326.46
326.54
326.57
326.57
326.53
326.48
326.41
326.27
326.03
325.70
325.33
324.94
324.75
324.81
325.12
325.61
326.18
326.46
326.37
325.86
325.08
324.16
323.23
322.39
321.67
321.07
320.70
320.57
320.66
320.90
321.23
321.64
322.10
322.57
323.03
323.46
323.95
324.51
325.14
325.79
326.42
327.10
327.84
328.64
329.43
330.17
330.61
330.68
330.37
329.81
329.11
328.43
327.83
327.37
327.03
326.79
326.68
326.70
326.84
327.06
327.31
327.36
327.17
326.70
326.07
325.36
324.73
324.25
323.96
323.81
323.76
323.72
323.64
323.49
323.31
323.11
323.08
323.23
323.60
324.09
324.72
325.46
326.27
327.10
327.88
328.23
328.05
327.34
326.29
325.06
323.98
323.17
322.70
322.49
322.48
322.39
322.15
321.71
321.14
320.53
320.17
320.16
320.51
321.11
321.84
322.63
323.41
324.16
324.83
325.42
325.75
325.81
325.60
325.20
324.70
324.26
323.94
323.76
323.71
323.74
323.70
323.54
323.23
322.85
322.43
322.03
321.68
321.40
321.18
321.02
320.77
320.41
319.92
319.37
319.25
319.68
320.69
322.06
323.60
325.05
326.29
327.25
327.97
328.47
328.61
328.39
327.85
327.10
326.25
325.18
323.93
322.53
321.09
319.70
318.82
318.55
318.92
319.71
320.77
321.68
322.31
322.57
322.57
322.37
322.27
322.34
322.64
323.09
323.61
324.05
324.35
324.49
324.51
324.45
324.53
324.84
325.38
326.06
326.80
327.57
328.33
329.06
329.73
330.32
330.42
329.98
328.97
327.63
326.41
325.50
324.99
324.80
324.83
324.94
325.07
325.15
325.20
325.22
325.17
325.05
324.86
324.62
324.37
324.20
324.13
324.19
324.33
324.51
324.83
325.27
325.83
326.45
327.08
327.35
327.20
326.60
325.73
324.70
323.89
323.41
323.31
323.50
323.87
324.19
324.38
324.38
324.26
324.05
323.98
324.11
324.46
324.95
325.51
325.87
325.97
325.78
325.39
324.88
324.42
324.08
323.89
323.81
323.69
323.47
323.14
322.73
322.30
322.15
322.32
322.86
323.61
324.48
325.15
325.51
325.53
325.30
324.90
324.69
324.74
325.11
325.69
326.37
326.89
327.15
327.11
326.86
326.48
325.98
325.38
324.73
324.08
323.45
322.89
322.39
321.96
321.61
321.34
321.37
321.73
322.42
323.31
324.30
325.05
325.48
325.54
325.35
324.97
324.66
324.49
324.50
324.64
324.68
324.55
324.22
323.76
323.23
322.75
322.34
322.04
321.82
321.68
321.68
321.82
322.08
322.42
322.80
323.08
323.21
323.19
323.05
322.85
322.69
322.61
322.62
322.71
322.84
322.99
323.15
323.31
323.46
323.59
323.73
323.88
324.05
324.22
324.38
324.66
325.07
325.62
326.25
326.88
327.44
327.89
328.21
328.42
328.55
328.58
328.53
328.42
328.26
328.08
328.04
328.15
328.43
328.82
329.13
329.30
329.30
329.17
328.97
328.64
328.20
327.67
327.10
326.54
326.06
325.69
325.46
325.32
325.26
325.17
325.04
324.84
324.60
324.34
323.85
323.10
322.09
320.95
319.78
318.67
317.69
316.86
316.18
315.63
315.30
315.17
315.23
315.42
315.69
316.17
316.84
317.69
318.62
319.57
320.54
321.53
322.52
323.45
324.29
324.92
325.31
325.46
325.44
325.29
325.01
324.62
324.16
323.67
323.21
322.81
322.48
322.23
322.04
321.96
321.98
322.11
322.30
322.52
322.68
322.74
322.68
322.56
322.39
322.25
322.16
322.15
322.18
322.25
322.55
323.11
323.92
324.87
325.86
326.56
326.89
326.81
326.44
325.89
325.45
325.23
325.28
325.51
325.86
326.19
326.46
326.61
326.69
326.71
326.69
326.63
326.56
326.48
326.40
326.27
326.08
325.84
325.57
325.30
324.98
324.63
324.24
323.85
323.37
322.80
322.15
321.46
320.80
320.24
319.81
319.51
319.34
319.25
319.36
319.67
320.17
320.78
321.44
322.17
322.95
323.77
324.57
325.31
325.82
326.05
325.99
325.74
325.36
325.19
325.29
325.73
326.37
327.11
327.61
327.75
327.48
326.95
326.26
325.58
324.97
324.50
324.14
323.88
323.68
323.51
323.37
323.25
323.15
323.00
322.77
322.46
322.11
321.75
321.60
321.68
322.03
322.53
322.75
322.57
321.94
321.01
319.93
319.16
318.80
318.94
319.41
320.10
320.84
321.55
322.19
322.73
323.17
323.64
324.14
324.70
325.27
325.81
326.21
326.42
326.43
326.32
326.11
325.77
325.32
324.77
324.19
323.61
322.98
322.32
321.62
320.94
320.30
319.92
319.83
320.05
320.46
320.99
321.47
321.84
322.05
322.14
322.15
322.06
321.90
321.69
321.45
321.42
321.64
322.14
322.80
323.54
324.30
325.03
325.70
326.29
326.80
327.24
327.64
327.98
328.28
328.53
328.43
327.96
327.09
326.00
324.80
323.68
322.72
321.94
321.35
320.92
320.70
320.68
320.85
321.13
321.49
321.92
322.42
322.96
323.50
324.01
324.55
325.13
325.75
326.35
326.92
327.10
326.85
326.15
325.17
324.05
323.07
322.34
321.92
321.74
321.73
321.84
322.04
322.28
322.54
322.91
323.39
323.97
324.59
325.21
325.66
325.90
325.91
325.76
325.51
325.23
324.95
324.71
324.50
324.32
324.00
323.49
322.79
321.98
321.15
320.73
320.79
321.38
322.30
323.42
324.20
324.52
324.28
323.67
322.84
322.10
321.58
321.34
321.32
321.44
321.62
321.78
321.91
322.01
322.07
322.14
322.22
322.32
322.43
322.53
322.58
322.55
322.45
322.30
322.13
322.03
322.02
322.12
322.29
322.61
323.07
323.65
324.30
324.94
325.45
325.79
325.93
325.92
325.81
325.85
326.11
326.60
327.23
327.93
328.50
328.89
329.06
329.07
328.97
328.68
328.23
327.64
326.97
326.29
325.67
325.13
324.69
324.35
324.09
323.82
323.52
323.18
322.82
322.47
322.10
321.70
321.27
320.85
320.46
320.32
320.47
320.93
321.57
322.31
322.92
323.33
323.49
323.46
323.32
323.17
323.07
323.05
323.09
323.11
323.09
323.02
322.92
322.80
322.64
322.46
322.25
322.04
321.84
321.76
321.82
322.03
322.34
322.70
323.13
323.61
324.13
324.64
325.13
325.57
325.96
326.28
326.55
326.76
326.82
326.70
326.43
326.05
325.62
325.29
325.09
325.06
325.14
325.29
325.52
325.80
326.11
326.43
326.74
326.83
326.68
326.27
325.71
325.06
324.49
324.07
323.82
323.71
323.70
323.85
324.13
324.53
325.00
325.39
325.63
325.72
325.69
325.57
325.52
325.56
325.72
325.95
326.22
326.24
325.95
325.32
324.48
323.55
322.85
322.45
322.42
322.64
323.03
323.43
323.79
324.04
324.22
324.34
324.40
324.42
324.41
324.39
324.35
324.41
324.59
324.90
325.28
325.69
325.92
325.91
325.64
325.20
324.67
324.08
323.45
322.83
322.25
321.72
321.52
321.70
322.27
323.09
324.02
324.82
325.37
325.63
325.67
325.69
325.76
325.93
326.16
326.42
326.71
327.02
327.35
327.67
327.96
328.11
328.11
327.94
327.66
327.33
327.02
326.78
326.62
326.53
326.49
326.52
326.60
326.74
326.90
327.07
327.27
327.48
327.72
327.95
328.17
328.23
328.12
327.82
327.40
326.93
326.47
326.06
325.71
325.43
325.21
324.93
324.59
324.15
323.68
323.20
322.81
322.51
322.33
322.24
322.19
322.16
322.13
322.10
322.07
322.13
322.29
322.54
322.85
323.18
323.51
323.82
324.10
324.35
324.55
324.72
324.85
324.96
325.03
325.08
325.14
325.21
325.30
325.40
325.51
325.71
326.03
326.47
326.96
327.47
327.94
328.33
328.65
328.89
329.06
328.96
328.58
327.90
327.06
326.15
325.39
324.87
324.61
324.56
324.66
324.48
323.92
322.95
321.74
320.42
319.29
318.44
317.93
317.68
317.90
318.56
319.64
320.95
322.35
323.55
324.46
325.02
325.30
325.38
325.30
325.13
324.89
324.63
324.35
324.19
324.18
324.32
324.56
324.86
325.08
325.18
325.13
324.98
324.77
324.45
324.02
323.51
322.97
322.42
322.16
322.21
322.62
323.24
323.98
324.67
325.22
325.59
325.82
325.94
325.92
325.77
325.52
325.22
324.88
324.60
324.39
324.28
324.25
324.26
324.39
324.63
324.98
325.39
325.65
325.72
325.57
325.28
324.90
324.42
323.88
323.29
322.70
322.14
322.07
322.54
323.60
325.00
326.57
327.91
328.87
329.40
329.59
329.53
329.24
328.79
328.22
327.59
326.96
326.30
325.64
324.98
324.36
323.80
323.28
322.81
322.39
322.01
321.70
321.28
320.73
320.04
319.29
318.53
318.00
317.74
317.79
318.05
318.45
319.02
319.74
320.58
321.46
322.32
323.14
323.91
324.62
325.24
325.80
326.29
326.73
327.10
327.41
327.53
327.44
327.13
326.70
326.20
325.54
324.75
323.83
322.87
321.94
321.29
320.98
321.03
321.34
321.80
322.29
322.75
323.15
323.47
323.72
323.88
323.97
323.97
323.93
323.84
323.90
324.13
324.55
325.09
325.67
326.02
326.06
325.76
325.25
324.61
324.02
323.55
323.25
323.08
323.00
323.11
323.40
323.84
324.38
324.95
325.59
326.29
327.03
327.76
328.18
328.22
327.87
327.25
326.49
325.47
324.24
322.83
321.37
319.95
318.82
318.06
317.68
317.59
317.71
317.89
318.06
318.18
318.25
318.29
318.43
318.71
319.14
319.64
320.17
320.67
321.10
321.46
321.73
321.94
322.06
322.10
322.07
322.00
321.89
321.79
321.72
321.69
321.68
321.69
321.90
322.34
323.00
323.78
324.61
325.40
326.10
326.70
327.19
327.57
327.65
327.40
326.83
326.07
325.42
325.00
324.87
324.94
325.15
325.40
325.64
325.82
325.96
326.06
326.28
326.67
327.22
327.86
328.54
329.06
329.38
329.48
329.42
329.24
329.03
328.81
328.61
328.44
328.30
328.10
327.84
327.50
327.13
326.76
326.30
325.74
325.10
324.43
323.78
323.18
322.63
322.17
321.78
321.46
321.27
321.20
321.25
321.38
321.55
321.62
321.54
321.30
320.95
320.55
320.05
319.47
318.83
318.17
317.97
318.31
319.23
320.50
321.95
323.21
324.15
324.70
324.93
324.94
324.84
324.70
324.57
324.44
324.33
324.10
323.74
323.23
322.64
322.04
321.51
321.08
320.78
320.58
320.46
320.46
320.57
320.77
321.04
321.33
321.57
321.73
321.81
321.82
321.78
321.71
321.63
321.53
321.44
321.35
321.43
321.70
322.18
322.77
323.41
323.86
324.07
323.99
323.73
323.58
323.65
323.98
324.49
325.08
325.57
325.90
326.03
326.01
325.89
325.54
324.98
324.21
323.34
322.44
321.74
321.28
321.11
321.15
321.32
321.64
322.07
322.58
323.12
323.66
324.02
324.18
324.13
323.92
323.62
323.37
323.24
323.23
323.33
323.48
323.67
323.87
324.08
324.27
324.44
324.57
324.64
324.65
324.63
324.58
324.62
324.77
325.06
325.41
325.80
326.16
326.47
326.72
326.91
327.12
327.39
327.72
328.07
328.41
328.56
328.45
328.09
327.56
326.95
326.47
326.19
326.14
326.26
326.49
326.71
326.86
326.92
326.91
326.86
326.88
327.01
327.26
327.59
327.94
328.22
328.39
328.43
328.39
328.28
328.09
327.81
327.47
327.09
326.72
326.42
326.22
326.11
326.09
326.12
326.16
326.20
326.21
326.21
326.20
326.10
325.90
325.61
325.27
324.90
324.71
324.72
324.96
325.34
325.72
326.05
326.27
326.41
326.49
326.55
326.60
326.65
326.71
326.77
326.90
327.12
327.42
327.78
328.14
328.36
328.41
328.26
327.97
327.62
327.04
326.25
325.25
324.17
323.07
322.17
321.52
321.14
320.97
320.96
321.04
321.16
321.28
321.41
321.53
321.64
321.74
321.82
321.89
321.94
322.17
322.60
323.24
324.00
324.80
325.53
326.15
326.63
326.98
327.23
327.02
326.31
325.10
323.61
322.29
321.31
320.76
320.56
320.59
320.59
320.45
320.11
319.65
319.14
318.90
319.03
319.54
320.29
321.18
321.96
322.53
322.85
322.97
322.95
322.94
322.99
323.13
323.33
323.56
323.75
323.86
323.90
323.87
323.81
323.67
323.45
323.17
322.86
322.54
322.34
322.29
322.40
322.61
322.89
323.39
324.10
325.02
326.04
327.08
327.85
328.29
328.37
328.20
327.85
327.40
326.90
326.40
325.92
325.48
325.09
324.76
324.49
324.27
324.35
324.74
325.46
326.36
327.35
327.98
328.12
327.73
326.99
326.05
325.14
324.38
323.83
323.45
323.21
323.33
323.81
324.63
325.66
326.77
327.56
327.93
327.81
327.37
326.72
326.11
325.66
325.41
325.32
325.35
325.25
324.94
324.41
323.75
323.04
322.48
322.14
322.06
322.16
322.38
322.65
322.92
323.17
323.39
323.58
323.81
324.10
324.46
324.85
325.13
325.27
325.24
325.10
324.89
324.54
324.05
323.43
322.77
322.10
321.76
321.81
322.29
323.03
323.93
324.59
324.90
324.80
324.42
323.86
323.38
323.04
322.91
322.93
323.05
323.17
323.22
323.20
323.11
323.00
322.81
322.55
322.24
321.90
321.56
321.37
321.36
321.55
321.87
322.26
322.52
322.60
322.46
322.17
321.80
321.53
321.40
321.45
321.62
321.87
322.18
322.54
322.92
323.30
323.50
323.47
323.22
322.81
322.33
321.99
321.88
322.02
322.34
322.75
323.27
323.86
324.49
325.12
325.72
326.23
326.65
326.96
327.17
327.32
327.40
327.44
327.44
327.42
327.38
327.23
326.95
326.54
326.07
325.57
325.32
325.39
325.79
326.40
327.13
327.50
327.40
326.77
325.81
324.66
323.56
322.59
321.83
321.26
320.84
320.74
320.96
321.50
322.22
322.82
323.20
323.29
323.18
322.93
322.71
322.57
322.55
322.61
322.73
322.96
323.30
323.73
324.21
324.69
325.18
325.66
326.13
326.55
326.92
327.16
327.26
327.20
327.04
326.82
326.57
326.31
326.06
325.83
325.62
325.31
324.87
324.31
323.68
323.04
322.62
322.47
322.60
322.93
323.38
323.86
324.32
324.74
325.10
325.40
325.48
325.32
324.93
324.39
323.78
323.33
323.13
323.19
323.43
323.74
324.05
324.32
324.55
324.73
324.84
324.89
324.88
324.82
324.74
324.69
324.71
324.78
324.90
325.05
324.96
324.59
323.92
323.09
322.18
321.64
321.57
322.03
322.83
323.83
324.88
325.91
326.85
327.67
328.38
328.93
329.33
329.60
329.75
329.82
329.61
329.11
328.33
327.39
326.38
325.45
324.64
323.98
323.46
323.08
322.94
323.05
323.38
323.87
324.43
324.90
325.24
325.41
325.46
325.44
325.39
325.33
325.27
325.22
325.12
324.96
324.74
324.50
324.25
324.11
324.12
324.27
324.53
324.84
324.94
324.75
324.26
323.58
322.81
322.33
322.24
322.60
323.24
324.05
324.81
325.41
325.82
326.05
326.16
325.99
325.54
324.82
323.95
323.02
322.34
322.00
322.02
322.30
322.75
323.14
323.37
323.41
323.30
323.11
323.13
323.43
324.04
324.84
325.73
326.24
326.25
325.71
324.81
323.97
323.36
323.08
323.03
323.16
323.24
323.20
323.01
322.71
322.36
322.09
321.95
321.96
322.08
322.26
322.46
322.64
322.78
322.90
322.98
323.10
323.25
323.45
323.68
323.90
324.04
324.07
323.98
323.81
323.59
323.41
323.29
323.24
323.25
323.29
323.25
323.11
322.84
322.50
322.13
321.81
321.56
321.42
321.35
321.33
321.33
321.33
321.30
321.27
321.24
321.25
321.33
321.47
321.66
322.01
322.56
323.29
324.10
324.93
325.65
326.22
326.60
326.84
326.96
326.94
326.79
326.54
326.23
325.90
325.66
325.57
325.64
325.81
326.05
326.27
326.43
326.52
326.56
326.56
326.55
326.56
326.59
326.63
326.68
326.51
326.11
325.44
324.63
323.76
323.08
322.67
322.56
322.67
322.92
323.02
322.89
322.48
321.91
321.24
320.52
319.78
319.07
318.40
317.81
317.51
317.54
317.90
318.49
319.11
319.69
320.16
320.54
320.83
321.07
321.27
321.45
321.61
321.74
321.90
322.10
322.34
322.59
322.85
323.22
323.73
324.36
325.05
325.75
326.49
327.27
328.06
328.83
329.54
329.82
329.61
328.90
327.87
326.67
325.69
325.05
324.81
324.86
325.12
325.35
325.47
325.42
325.25
325.02
324.77
324.54
324.35
324.20
324.09
324.00
323.94
323.90
323.88
323.68
323.28
322.66
321.93
321.15
320.73
320.76
321.27
322.10
323.10
324.06
324.89
325.54
326.01
326.34
326.61
326.85
327.07
327.28
327.47
327.52
327.42
327.17
326.82
326.43
325.67
324.54
323.02
321.31
319.56
318.14
317.17
316.69
316.59
316.75
317.20
317.88
318.73
319.67
320.61
321.58
322.57
323.55
324.47
325.31
325.88
326.15
326.12
325.88
325.50
325.08
324.66
324.27
323.93
323.73
323.67
323.75
323.92
324.16
324.21
324.02
323.56
322.95
322.25
321.91
322.02
322.63
323.56
324.67
325.62
326.30
326.66
326.77
326.70
326.51
326.23
325.93
325.61
325.30
324.90
324.42
323.84
323.23
322.64
322.31
322.33
322.69
323.29
324.01
324.54
324.79
324.71
324.40
323.95
323.53
323.21
323.02
322.95
322.95
323.01
323.10
323.21
323.34
323.46
323.60
323.76
323.94
324.12
324.24
324.28
324.25
324.16
324.03
323.91
323.82
323.77
323.74
323.74
323.64
323.43
323.10
322.71
322.28
321.95
321.73
321.64
321.65
321.73
321.70
321.50
321.12
320.64
320.10
319.80
319.80
320.13
320.68
321.35
321.96
322.44
322.75
322.93
323.01
323.12
323.29
323.56
323.88
324.21
324.44
324.52
324.44
324.25
324.00
323.88
323.94
324.19
324.57
325.02
325.31
325.38
325.19
324.83
324.46
324.13
323.90
323.74
323.64
323.59
323.58
323.59
323.62
323.66
323.66
323.59
323.46
323.29
323.10
323.02
323.07
323.26
323.53
323.86
324.18
324.46
324.68
324.86
324.99
325.05
325.06
325.00
324.91
324.80
324.81
324.97
325.30
325.73
326.21
326.59
326.82
326.88
326.83
326.69
326.72
326.97
327.46
328.11
328.82
329.30
329.48
329.31
328.90
328.36
327.67
326.86
325.99
325.11
324.35
323.76
323.36
323.11
322.99
322.96
322.99
323.06
323.17
323.29
323.41
323.52
323.63
323.72
323.80
323.87
323.93
323.97
324.00
324.02
324.01
323.96
323.87
323.77
323.65
323.69
323.93
324.36
324.92
325.52
326.13
326.71
327.24
327.71
328.10
328.40
328.60
328.71
328.75
328.74
328.66
328.53
328.36
328.17
327.97
327.67
327.27
326.76
326.20
325.63
324.86
323.85
322.62
321.30
320.41
320.09
320.39
321.11
322.10
322.94
323.51
323.72
323.67
323.44
323.30
323.36
323.64
324.07
324.58
324.89
324.90
324.60
324.09
323.46
322.99
322.77
322.84
323.12
323.51
324.01
324.55
325.12
325.67
326.18
326.69
327.20
327.70
328.18
328.61
328.80
328.72
328.35
327.81
327.17
326.80
326.77
327.14
327.77
328.54
329.08
329.28
329.08
328.62
327.99
327.40
326.90
326.56
326.35
326.34
326.53
326.90
327.38
327.91
328.20
328.20
327.87
327.32
326.65
326.01
325.47
325.07
324.78
324.59
324.54
324.60
324.77
325.01
325.29
325.44
325.43
325.24
324.93
324.56
324.43
324.61
325.13
325.86
326.70
327.52
328.26
328.86
329.35
329.72
329.76
329.44
328.76
327.88
326.88
326.04
325.41
325.06
324.92
324.93
325.10
325.40
325.81
326.26
326.72
327.09
327.33
327.43
327.42
327.26
326.96
326.53
326.05
325.55
325.30
325.36
325.76
326.37
327.11
327.69
328.05
328.14
328.04
327.80
327.35
326.71
325.90
325.02
324.14
323.24
322.36
321.51
320.73
320.03
319.54
319.28
319.24
319.36
319.58
319.82
320.02
320.16
320.24
320.29
320.47
320.81
321.33
321.94
322.59
323.28
323.98
324.69
325.37
325.98
326.39
326.56
326.48
326.25
326.12
326.19
326.49
326.95
327.48
327.96
328.34
328.59
328.73
328.79
328.82
328.84
328.85
328.88
328.90
328.86
328.77
328.61
328.41
328.19
327.82
327.27
326.55
325.75
324.94
324.24
323.69
323.33
323.11
323.00
322.93
322.85
322.75
322.64
322.53
322.45
322.41
322.42
322.45
322.50
322.46
322.30
322.01
321.64
321.25
320.90
320.64
320.48
320.39
320.36
320.45
320.67
321.00
321.39
321.91
322.55
323.28
324.05
324.80
325.34
325.62
325.62
325.43
325.11
324.61
323.96
323.19
322.37
321.57
320.89
320.38
320.06
319.88
319.82
319.97
320.33
320.89
321.55
322.25
322.71
322.84
322.62
322.17
321.57
321.04
320.66
320.46
320.40
320.45
320.70
321.14
321.77
322.48
323.23
324.11
325.12
326.26
327.41
328.52
329.27
329.59
329.46
329.03
328.40
327.84
327.42
327.21
327.16
327.12
327.03
326.86
326.64
326.40
326.18
326.00
325.88
325.80
325.76
325.71
325.65
325.58
325.50
325.41
325.44
325.59
325.88
326.25
326.66
327.10
327.54
327.99
328.41
328.79
328.90
328.72
328.24
327.56
326.79
326.00
325.23
324.51
323.88
323.34
322.88
322.52
322.23
322.02
321.87
321.86
321.97
322.21
322.53
322.89
323.38
324.02
324.78
325.60
326.40
327.00
327.34
327.40
327.26
326.90
326.38
325.73
325.02
324.30
323.60
322.93
322.30
321.74
321.25
320.92
320.76
320.77
320.90
321.10
321.39
321.76
322.20
322.65
323.10
323.46
323.71
323.85
323.90
323.89
323.76
323.50
323.13
322.71
322.27
321.84
321.44
321.08
320.77
320.51
320.39
320.40
320.54
320.78
321.06
321.25
321.32
321.25
321.08
320.84
320.61
320.40
320.23
320.10
320.00
320.09
320.40
320.90
321.53
322.00
322.22
322.15
321.88
321.48
321.31
321.45
321.96
322.69
323.54
324.18
324.53
324.54
324.30
323.90
323.52
323.22
323.06
322.99
323.00
323.03
323.07
323.09
323.10
323.10
323.18
323.34
323.60
323.90
324.23
324.42
324.44
324.27
323.98
323.61
323.24
322.90
322.62
322.38
322.20
321.93
321.54
321.02
320.45
319.86
319.24
318.61
317.97
317.37
316.82
316.60
316.76
317.32
318.12
319.10
320.18
321.31
322.40
323.41
324.31
325.09
325.73
326.25
326.66
327.06
327.51
328.01
328.51
329.00
329.11
328.76
327.94
326.83
325.59
324.44
323.49
322.80
322.33
322.04
321.96
322.08
322.38
322.78
323.23
323.64
323.98
324.21
324.37
324.46
324.55
324.66
324.81
324.98
325.16
325.14
324.89
324.40
323.77
323.07
322.58
322.36
322.46
322.77
323.21
323.67
324.09
324.44
324.71
324.78
324.64
324.29
323.82
323.29
322.77
322.29
321.89
321.56
321.30
321.13
321.04
321.03
321.08
321.16
321.28
321.45
321.65
321.87
322.08
322.17
322.11
321.91
321.61
321.26
321.03
320.96
321.07
321.31
321.62
321.83
321.89
321.78
321.56
321.26
321.01
320.85
320.80
320.83
320.91
321.11
321.41
321.82
322.27
322.74
323.16
323.51
323.78
323.99
324.13
324.04
323.69
323.09
322.34
321.74
321.39
321.34
321.50
321.80
322.29
322.93
323.71
324.54
325.36
325.91
326.14
326.03
325.69
325.19
324.76
324.45
324.32
324.32
324.40
324.52
324.65
324.75
324.84
324.91
324.99
325.09
325.20
325.33
325.45
325.51
325.50
325.41
325.28
325.11
325.07
325.19
325.47
325.86
326.30
326.72
327.10
327.42
327.67
327.86
327.85
327.60
327.13
326.53
325.92
325.36
324.89
324.52
324.23
323.94
323.61
323.25
322.87
322.51
322.28
322.21
322.31
322.52
322.81
322.96
322.94
322.71
322.36
321.93
321.79
322.03
322.67
323.57
324.59
325.39
325.84
325.90
325.68
325.28
324.90
324.63
324.51
324.51
324.58
324.66
324.71
324.70
324.66
324.59
324.73
325.11
325.74
326.52
327.36
327.87
327.97
327.62
326.96
326.13
325.33
324.64
324.12
323.75
323.54
323.45
323.47
323.57
323.71
323.88
324.06
324.23
324.40
324.55
324.75
325.03
325.39
325.77
326.17
326.43
326.54
326.48
326.31
326.06
325.89
325.82
325.89
326.06
326.28
326.63
327.11
327.71
328.35
329.00
329.41
329.50
329.28
328.84
328.27
327.68
327.10
326.58
326.14
325.76
325.27
324.64
323.83
322.96
322.08
321.36
320.83
320.52
320.38
320.37
320.27
320.01
319.55
318.99
318.68
318.71
319.11
319.77
320.56
321.14
321.40
321.30
320.94
320.43
320.05
319.88
319.99
320.28
320.68
321.16
321.69
322.24
322.78
323.27
323.73
324.17
324.57
324.92
325.23
325.28
325.03
324.47
323.74
322.92
322.14
321.45
320.88
320.44
320.11
319.93
319.88
319.96
320.13
320.34
320.90
321.84
323.14
324.63
326.18
327.18
327.48
327.02
326.06
324.79
323.73
323.04
322.82
322.94
323.25
323.63
324.03
324.41
324.77
325.00
325.10
325.05
324.91
324.71
324.40
323.99
323.48
322.94
322.41
321.99
321.70
321.57
321.56
321.63
321.83
322.15
322.58
323.07
323.57
323.88
323.98
323.83
323.53
323.12
322.73
322.38
322.12
321.93
321.80
321.78
321.85
322.02
322.24
322.49
322.66
322.74
322.70
322.58
322.41
322.38
322.52
322.86
323.32
323.84
324.32
324.72
325.01
325.22
325.08
324.58
323.72
322.65
321.49
320.57
319.99
319.80
319.89
320.17
320.52
320.87
321.18
321.43
321.65
321.76
321.77
321.69
321.54
321.35
321.25
321.28
321.44
321.69
321.99
322.23
322.37
322.39
322.34
322.23
322.08
321.92
321.76
321.61
321.47
321.45
321.58
321.85
322.21
322.61
323.15
323.83
324.63
325.48
326.32
327.16
327.98
328.77
329.49
330.14
330.50
330.55
330.29
329.83
329.41
329.11
329.01
329.04
329.17
328.96
328.32
327.21
325.83
324.34
323.04
322.03
321.38
321.00
320.85
320.96
321.31
321.86
322.52
323.22
323.81
324.23
324.46
324.54
324.52
324.55
324.70
324.97
325.33
325.72
326.12
326.49
326.84
327.14
327.40
327.72
328.12
328.61
329.13
329.65
329.98
330.08
329.93
329.62
329.20
328.61
327.85
326.95
326.01
325.08
324.18
323.34
322.57
321.90
321.54
321.52
321.86
322.42
323.12
323.68
324.02
324.10
323.99
323.75
323.46
323.17
322.90
322.67
322.47
322.38
322.42
322.59
322.83
323.12
323.21
323.05
322.61
322.00
321.31
320.67
320.15
319.78
319.53
319.38
319.49
319.88
320.53
321.34
322.20
322.96
323.54
323.93
324.14
324.23
324.23
324.17
324.06
323.92
323.78
323.75
323.84
324.08
324.40
324.76
325.14
325.50
325.83
326.13
326.23
326.09
325.73
325.22
324.64
324.19
323.95
323.95
324.11
324.37
324.54
324.55
324.36
324.06
323.68
323.45
323.45
323.69
324.08
324.57
324.94
325.12
325.08
324.88
324.59
324.47
324.56
324.92
325.45
326.06
326.48
326.65
326.52
326.18
325.72
325.26
324.84
324.50
324.23
324.03
323.73
323.30
322.71
322.04
321.36
320.97
320.94
321.29
321.90
322.47
322.88
323.06
323.09
322.99
322.84
322.68
322.53
322.40
322.28
322.27
322.36
322.57
322.85
323.15
323.36
323.43
323.36
323.17
322.93
322.71
322.55
322.45
322.42
322.42
322.49
322.60
322.75
322.92
323.10
323.33
323.61
323.93
324.26
324.59
324.82
324.92
324.88
324.76
324.58
324.24
323.73
323.07
322.33
321.59
321.14
321.06
321.37
321.95
322.67
323.49
324.35
325.20
326.00
326.47
326.58
326.31
325.78
325.10
324.38
323.68
323.04
322.49
322.02
321.43
320.67
319.72
318.70
317.68
317.17
317.27
318.02
319.19
320.58
322.14
323.78
325.42
326.97
328.38
329.35
329.82
329.79
329.40
328.79
328.19
327.68
327.35
327.15
327.06
326.83
326.41
325.77
325.02
324.22
323.57
323.12
322.91
322.87
322.96
323.11
323.27
323.42
323.56
323.68
323.35
322.52
321.16
319.50
318.26
317.64
317.76
318.39
319.35
320.43
321.51
322.51
323.39
324.15
324.57
324.62
324.30
323.74
323.04
322.52
322.28
322.36
322.66
323.11
323.49
323.75
323.84
323.80
323.68
323.40
322.96
322.40
321.76
321.12
320.82
320.94
321.51
322.36
323.37
324.37
325.30
326.09
326.75
327.28
327.74
328.16
328.55
328.90
329.21
329.57
330.01
330.53
331.08
331.62
331.94
331.99
331.76
331.35
330.50
329.25
327.60
325.78
323.92
322.57
321.86
321.85
322.33
323.14
323.90
324.50
324.84
324.98
324.97
324.70
324.18
323.43
322.56
321.65
321.06
320.87
321.12
321.66
322.38
323.10
323.75
324.27
324.68
324.98
325.19
325.33
325.41
325.44
325.44
325.44
325.46
325.50
325.56
325.62
325.61
325.50
325.29
325.02
324.72
324.58
324.64
324.91
325.32
325.81
326.05
325.98
325.55
324.90
324.30
323.83
323.56
323.45
323.46
323.38
323.18
322.81
322.35
321.85
321.56
321.54
321.82
322.29
322.87
323.42
323.87
324.20
324.42
324.55
324.64
324.71
324.77
324.83
324.88
324.70
324.28
323.59
322.76
321.86
321.11
320.57
320.26
320.14
320.15
320.21
320.26
320.29
320.29
320.27
320.54
321.14
322.09
323.23
324.45
325.57
326.52
327.27
327.84
328.29
328.68
329.02
329.31
329.55
329.53
329.22
328.62
327.84
326.98
326.14
325.37
324.71
324.15
323.70
323.48
323.50
323.75
324.16
324.65
324.82
324.59
323.92
322.97
321.88
321.07
320.66
320.71
321.08
321.66
322.35
323.08
323.80
324.48
325.09
325.51
325.73
325.73
325.59
325.35
325.09
324.83
324.60
324.41
324.26
324.30
324.55
325.01
325.61
326.26
326.84
327.29
327.59
327.77
328.04
328.46
329.04
329.72
330.42
330.79
330.73
330.23
329.43
328.48
327.55
326.71
326.04
325.51
325.11
324.78
324.47
324.18
323.91
323.67
323.37
322.97
322.48
321.95
321.42
321.03
320.80
320.77
320.86
321.04
321.24
321.44
321.60
321.74
321.85
321.81
321.58
321.18
320.68
320.13
319.57
319.05
318.57
318.15
317.80
317.61
317.61
317.79
318.09
318.45
318.95
319.57
320.29
321.05
321.53
321.65
321.37
320.84
320.16
319.67
319.48
319.64
320.04
320.58
321.10
321.50
321.76
321.90
321.95
321.91
321.79
321.61
321.40
321.18
320.98
320.84
320.74
320.69
320.67
320.62
320.52
320.38
320.20
320.01
319.88
319.82
319.84
319.92
320.03
320.35
320.88
321.64
322.51
323.41
324.21
324.85
325.31
325.62
325.80
325.88
325.89
325.85
325.78
325.69
325.77
326.07
326.60
327.25
327.67
327.76
327.46
326.90
326.20
325.45
324.73
324.08
323.51
323.03
322.86
323.01
323.49
324.17
324.96
325.60
326.00
326.12
326.04
325.82
325.49
325.08
324.63
324.18
323.74
323.34
322.99
322.69
322.45
322.25
322.39
322.91
323.82
324.94
326.16
327.03
327.44
327.33
326.86
326.16
325.32
324.41
323.47
322.58
321.77
321.18
320.85
320.79
320.92
321.18
321.42
321.62
321.72
321.75
321.81
321.94
322.13
322.37
322.62
323.06
323.70
324.53
325.47
326.42
327.11
327.49
327.51
327.29
326.90
326.34
325.65
324.86
324.05
323.27
322.89
322.99
323.60
324.53
325.63
326.37
326.60
326.25
325.51
324.53
323.40
322.18
320.94
319.75
318.67
317.79
317.15
316.74
316.53
316.45
316.73
317.34
318.29
319.43
320.62
321.62
322.32
322.69
322.80
323.00
323.38
324.00
324.75
325.56
326.34
327.04
327.64
328.13
328.52
328.87
329.20
329.54
329.84
330.12
330.02
329.48
328.48
327.23
325.85
324.76
324.08
323.86
323.99
324.34
324.70
324.99
325.13
325.18
325.14
325.06
324.94
324.81
324.68
324.54
324.16
323.47
322.49
321.35
320.15
319.28
318.83
318.84
319.18
319.73
320.31
320.85
321.29
321.64
321.90
322.06
322.13
322.12
322.05
322.08
322.25
322.56
322.97
323.41
323.70
323.79
323.65
323.35
322.97
322.70
322.61
322.72
322.98
323.32
323.54
323.59
323.43
323.14
322.76
322.24
321.60
320.85
320.07
319.30
318.75
318.45
318.44
318.61
318.92
319.46
320.21
321.16
322.19
323.22
324.17
325.00
325.69
326.24
326.67
326.88
326.88
326.66
326.32
325.90
325.45
325.01
324.59
324.21
323.88
323.65
323.54
323.54
323.62
323.75
323.90
324.07
324.24
324.40
324.49
324.50
324.42
324.30
324.14
323.83
323.37
322.76
322.08
321.39
320.91
320.69
320.78
321.06
321.47
322.02
322.69
323.44
324.21
324.96
325.53
325.91
326.07
326.07
325.96
325.81
325.64
325.49
325.36
325.25
325.05
324.75
324.34
323.87
323.39
322.90
322.41
321.94
321.51
321.13
320.85
320.69
320.65
320.69
320.79
321.06
321.50
322.10
322.78
323.46
324.09
324.62
325.08
325.44
325.78
326.11
326.44
326.76
327.05
327.27
327.43
327.52
327.55
327.54
327.30
326.79
326.01
325.10
324.13
323.28
322.62
322.18
321.91
321.78
321.57
321.22
320.69
320.07
319.42
318.89
318.52
318.34
318.30
318.37
318.77
319.52
320.60
321.86
323.18
324.47
325.67
326.74
327.67
328.44
329.04
329.47
329.75
329.90
329.93
329.87
329.72
329.53
329.31
329.11
328.96
328.85
328.78
328.75
328.47
327.90
327.03
325.99
324.88
324.01
323.45
323.25
323.31
323.54
323.82
324.06
324.22
324.33
324.38
324.48
324.64
324.88
325.17
325.46
325.59
325.52
325.22
324.79
324.29
324.02
324.08
324.49
325.12
325.88
326.39
326.56
326.32
325.82
325.15
324.57
324.16
323.97
323.95
324.04
324.08
324.00
323.79
323.50
323.37
323.47
323.84
324.37
325.00
325.54
325.94
326.18
326.28
326.28
326.21
326.10
325.96
325.82
325.67
325.61
325.66
325.81
326.04
326.31
326.53
326.68
326.75
326.76
326.73
326.67
326.59
326.50
326.41
326.33
326.20
326.02
325.78
325.52
325.26
325.01
324.78
324.57
324.40
324.26
324.12
323.97
323.82
323.67
323.53
323.53
323.71
324.06
324.52
325.03
325.46
325.78
325.96
326.04
326.12
326.23
326.41
326.62
326.84
326.76
326.33
325.53
324.51
323.40
322.68
322.47
322.83
323.58
324.55
325.34
325.80
325.87
325.66
325.26
324.76
324.20
323.64
323.11
322.62
322.09
321.49
320.84
320.17
319.54
319.06
318.78
318.70
318.77
318.94
319.43
320.26
321.42
322.74
324.11
325.35
326.41
327.24
327.85
328.30
328.46
328.34
327.98
327.46
326.85
326.25
325.70
325.22
324.81
324.54
324.40
324.39
324.47
324.60
324.45
323.95
323.07
321.96
320.76
319.83
319.26
319.12
319.28
319.64
320.24
321.02
321.94
322.90
323.85
324.66
325.29
325.71
325.97
326.10
326.21
326.34
326.53
326.73
326.94
327.07
327.09
326.99
326.81
326.59
326.25
325.78
325.19
324.56
323.92
323.38
322.95
322.65
322.46
322.35
322.47
322.83
323.41
324.11
324.86
325.43
325.73
325.75
325.56
325.45
325.51
325.79
326.21
326.71
326.89
326.66
325.98
325.03
323.93
322.92
322.10
321.52
321.14
320.92
320.79
320.73
320.70
320.70
320.71
320.81
321.02
321.32
321.67
322.05
322.57
323.26
324.10
325.00
325.91
326.81
327.69
328.54
329.32
330.01
330.28
330.08
329.40
328.42
327.29
326.21
325.28
324.56
324.03
323.65
323.46
323.44
323.56
323.77
324.09
324.50
324.97
325.47
325.95
326.15
326.04
325.58
324.91
324.12
323.37
322.74
322.25
321.90
321.66
321.53
321.51
321.57
321.69
321.85
321.94
321.94
321.83
321.66
321.45
321.68
322.44
323.74
325.37
327.13
328.59
329.63
330.16
330.31
330.19
329.74
329.03
328.10
327.07
326.03
325.24
324.78
324.68
324.85
325.18
325.30
325.10
324.53
323.73
322.80
321.87
321.00
320.23
319.57
319.32
319.51
320.15
321.08
322.15
322.94
323.34
323.28
322.91
322.33
321.82
321.49
321.40
321.47
321.65
321.75
321.69
321.46
321.11
320.70
320.56
320.77
321.35
322.17
323.11
324.03
324.86
325.55
326.12
326.56
326.76
326.72
326.43
325.99
325.47
325.06
324.80
324.74
324.82
324.99
325.22
325.47
325.73
325.98
326.21
326.23
326.00
325.52
324.89
324.18
323.65
323.37
323.36
323.55
323.65
323.59
323.29
322.86
322.35
321.92
321.62
321.48
321.47
321.54
321.59
321.58
321.49
321.34
321.17
321.15
321.31
321.68
322.16
322.71
323.24
323.72
324.13
324.46
324.72
324.81
324.72
324.46
324.10
323.67
323.42
323.40
323.62
324.02
324.51
324.90
325.14
325.20
325.12
324.95
324.92
325.07
325.44
325.94
326.51
327.02
327.41
327.67
327.81
327.86
327.56
326.88
325.82
324.56
323.34
322.30
321.50
320.92
320.51
320.38
320.53
320.92
321.47
322.10
322.77
323.46
324.12
324.75
325.30
325.65
325.77
325.65
325.37
324.99
324.49
323.88
323.20
322.49
321.81
321.29
320.96
320.84
320.87
321.01
321.29
321.70
322.22
322.78
323.35
323.86
324.29
324.64
324.89
325.08
325.21
325.29
325.33
325.34
325.32
325.25
325.10
324.88
324.63
324.37
324.27
324.37
324.69
325.15
325.78
326.55
327.44
328.36
329.25
330.03
330.64
331.10
331.41
331.61
331.61
331.41
331.04
330.57
330.04
329.32
328.42
327.33
326.18
325.04
323.92
322.84
321.83
320.92
320.12
319.45
318.90
318.47
318.14
317.90
317.74
317.64
317.59
317.58
317.59
317.89
318.51
319.44
320.56
321.74
322.85
323.82
324.62
325.25
325.73
325.90
325.74
325.27
324.60
324.19
324.14
324.52
325.19
326.02
326.79
327.41
327.82
328.07
328.18
328.09
327.81
327.35
326.80
326.21
325.52
324.74
323.89
323.03
322.21
321.44
320.73
320.08
319.52
319.05
318.76
318.68
318.81
319.06
319.40
319.85
320.41
321.04
321.70
322.33
322.89
323.36
323.72
323.99
324.18
324.35
324.54
324.75
324.96
325.16
325.38
325.60
325.83
326.06
326.27
326.42
326.53
326.57
326.57
326.59
326.66
326.77
326.92
327.08
327.30
327.57
327.88
328.22
328.55
328.65
328.47
327.99
327.34
326.60
325.94
325.43
325.10
324.92
324.85
324.94
325.18
325.56
326.00
326.47
326.94
327.38
327.77
328.11
328.40
328.42
328.14
327.57
326.81
325.97
325.25
324.72
324.42
324.29
324.29
324.38
324.53
324.72
324.92
325.11
325.16
325.04
324.74
324.33
323.87
323.39
322.92
322.50
322.12
321.90
321.86
322.00
322.25
322.58
322.83
322.97
322.95
322.84
322.66
322.61
322.73
323.04
323.47
323.96
324.46
324.95
325.41
325.81
326.15
326.31
326.25
325.99
325.59
325.12
324.46
323.63
322.63
321.59
320.55
319.80
319.39
319.35
319.56
319.96
320.50
321.15
321.86
322.58
323.27
323.77
324.03
324.06
323.91
323.65
323.33
322.98
322.63
322.29
321.99
321.67
321.33
320.97
320.61
320.49
320.64
321.09
321.72
322.44
323.06
323.50
323.73
323.80
323.75
323.81
324.04
324.46
325.00
325.59
326.24
326.93
327.62
328.29
328.90
329.15
328.98
328.39
327.52
326.51
325.53
324.67
323.98
323.45
323.05
322.87
322.91
323.16
323.54
323.99
324.23
324.18
323.82
323.25
322.58
322.12
321.99
322.21
322.68
323.29
323.81
324.16
324.29
324.26
324.11
324.01
323.99
324.08
324.25
324.27
324.10
323.71
323.18
322.59
322.06
321.65
321.38
321.22
321.15
321.34
321.78
322.48
323.32
324.21
324.90
325.33
325.45
325.35
325.10
324.89
324.79
324.84
324.99
325.20
325.63
326.29
327.16
328.14
329.14
329.83
330.14
330.02
329.62
329.04
328.36
327.66
326.96
326.32
325.75
325.20
324.67
324.15
323.68
323.26
322.81
322.34
321.83
321.32
320.84
320.51
320.36
320.39
320.56
320.91
321.43
322.09
322.82
323.55
324.09
324.38
324.40
324.24
323.95
323.75
323.70
323.85
324.12
324.46
324.89
325.38
325.92
326.46
326.98
327.34
327.53
327.52
327.38
327.15
326.69
326.00
325.09
324.07
323.03
322.33
322.04
322.22
322.70
323.38
323.86
324.03
323.83
323.37
322.77
322.46
322.57
323.15
324.03
325.07
325.80
326.08
325.84
325.26
324.46
323.74
323.22
322.94
322.86
322.91
323.06
323.27
323.51
323.76
323.97
324.14
324.24
324.31
324.33
324.33
324.32
324.29
324.25
324.21
324.26
324.39
324.63
324.92
325.23
325.68
326.27
326.98
327.75
328.52
329.24
329.90
330.47
330.95
331.35
331.36
330.97
330.16
329.10
327.93
326.76
325.68
324.72
323.90
323.23
322.75
322.45
322.32
322.32
322.41
322.37
322.15
321.72
321.17
320.64
320.19
319.87
319.65
319.51
319.58
319.85
320.31
320.89
321.51
322.05
322.47
322.74
322.89
322.94
323.01
323.13
323.31
323.52
323.76
323.96
324.11
324.22
324.28
324.31
324.31
324.30
324.27
324.24
324.20
324.27
324.47
324.79
325.19
325.62
325.87
325.87
325.61
325.18
324.66
324.12
323.62
323.18
322.81
322.51
322.24
322.00
321.78
321.58
321.41
321.54
322.00
322.80
323.81
324.89
325.98
327.01
327.95
328.76
329.27
329.44
329.26
328.86
328.32
327.60
326.75
325.78
324.80
323.86
323.31
323.23
323.64
324.38
325.30
326.12
326.73
327.06
327.18
327.15
326.94
326.56
326.05
325.48
324.90
324.49
324.31
324.39
324.63
324.98
325.39
325.81
326.23
326.61
326.96
327.26
327.50
327.70
327.86
327.98
327.85
327.44
326.76
325.92
325.02
324.52
324.53
325.09
326.02
326.64
326.76
326.27
325.38
324.25
323.21
322.37
321.82
321.49
321.35
321.39
321.58
321.90
322.29
322.71
323.25
323.93
324.73
325.57
326.40
326.88
326.94
326.56
325.89
325.05
324.19
323.39
322.70
322.13
321.67
321.34
321.13
321.02
321.01
321.05
321.26
321.65
322.21
322.85
323.53
324.29
325.14
326.04
326.94
327.78
328.60
329.38
330.13
330.80
331.39
331.73
331.79
331.58
331.19
330.53
329.64
328.55
327.39
326.23
325.22
324.41
323.81
323.41
323.16
323.18
323.49
324.05
324.76
325.54
326.38
327.24
328.10
328.91
329.64
330.14
330.40
330.39
330.21
329.91
329.41
328.73
327.89
326.99
326.10
325.41
324.98
324.85
324.92
325.14
325.49
325.96
326.50
327.07
327.62
327.95
328.01
327.78
327.37
326.84
326.41
326.12
326.01
326.05
326.18
326.10
325.74
325.08
324.24
323.39
322.63
322.01
321.53
321.16
320.91
320.79
320.77
320.82
320.92
320.88
320.68
320.28
319.78
319.22
318.88
318.80
319.02
319.45
319.99
320.66
321.43
322.27
323.11
323.90
324.52
324.93
325.11
325.12
325.02
324.81
324.53
324.20
323.84
323.50
323.31
323.31
323.51
323.83
324.23
324.79
325.50
326.34
327.24
328.12
328.73
329.01
328.94
328.63
327.95
326.94
325.65
324.23
322.79
321.58
320.68
320.11
319.82
319.73
319.74
319.78
319.82
319.86
319.90
320.06
320.37
320.84
321.39
321.96
322.51
322.98
323.36
323.67
323.90
324.04
324.10
324.08
324.01
323.90
323.91
324.08
324.40
324.82
325.28
325.70
326.03
326.26
326.41
326.50
326.53
326.52
326.49
326.44
326.38
326.35
326.35
326.38
326.44
326.51
326.31
325.81
324.99
323.99
323.10
322.43
322.05
321.88
321.88
321.94
322.01
322.06
322.09
322.11
322.09
322.03
321.93
321.81
321.69
321.38
320.86
320.13
319.29
318.42
317.81
317.54
317.65
318.01
318.52
319.26
320.18
321.24
322.34
323.42
324.31
324.97
325.39
325.60
325.67
325.70
325.76
325.86
326.00
326.14
326.08
325.76
325.18
324.44
323.63
322.98
322.55
322.38
322.40
322.55
322.92
323.49
324.24
325.08
325.68
325.98
325.92
325.61
325.15
324.80
324.62
324.68
324.90
325.22
325.54
325.81
326.02
326.16
326.25
326.48
326.91
327.53
328.25
329.02
329.34
329.12
328.31
327.15
325.79
324.44
323.23
322.20
321.36
320.70
320.31
320.18
320.29
320.57
320.94
321.53
322.32
323.28
324.31
325.34
326.12
326.59
326.74
326.64
326.37
325.98
325.50
324.98
324.46
323.96
323.61
323.44
323.46
323.61
323.76
323.87
323.89
323.87
323.80
323.76
323.78
323.85
323.97
324.10
324.17
324.13
324.00
323.79
323.56
323.28
322.98
322.66
322.35
322.06
322.07
322.41
323.12
324.03
325.05
326.07
327.06
327.96
328.75
329.43
329.64
329.34
328.52
327.39
326.09
324.67
323.20
321.73
320.34
319.08
318.24
317.89
318.02
318.48
319.15
319.83
320.42
320.87
321.19
321.40
321.56
321.67
321.78
321.86
321.98
322.14
322.36
322.59
322.84
323.07
323.28
323.47
323.63
323.76
323.78
323.69
323.49
323.21
322.89
322.73
322.77
323.02
323.41
323.87
324.15
324.18
323.92
323.48
322.93
322.52
322.32
322.39
322.62
322.97
323.24
323.37
323.34
323.20
322.98
322.96
323.20
323.73
324.44
325.23
325.91
326.41
326.68
326.78
326.75
326.56
326.22
325.76
325.23
324.69
324.25
323.94
323.78
323.73
323.69
323.60
323.46
323.28
323.09
322.87
322.63
322.37
322.12
321.88
321.88
322.16
322.71
323.44
324.25
325.04
325.77
326.40
326.92
327.35
327.60
327.68
327.59
327.39
327.12
326.93
326.85
326.91
327.06
327.27
327.54
327.85
328.17
328.50
328.81
328.91
328.75
328.33
327.76
327.10
326.36
325.59
324.80
324.05
323.35
322.90
322.73
322.83
323.13
323.49
323.85
324.16
324.43
324.64
324.57
324.19
323.48
322.58
321.60
320.75
320.10
319.69
319.47
319.40
319.76
320.56
321.78
323.24
324.78
326.04
326.89
327.27
327.32
327.12
326.70
326.14
325.46
324.75
324.05
323.46
322.98
322.66
322.44
322.32
322.33
322.45
322.67
322.95
323.25
323.62
324.02
324.47
324.91
325.34
325.70
325.98
326.18
326.31
326.38
326.41
326.41
326.39
326.36
326.04
325.42
324.48
323.37
322.20
321.10
320.14
319.35
318.72
318.24
318.24
318.75
319.76
321.07
322.52
323.75
324.63
325.12
325.29
325.23
325.15
325.13
325.21
325.37
325.56
325.56
325.32
324.81
324.14
323.40
322.83
322.51
322.47
322.63
322.92
323.03
322.86
322.37
321.69
320.91
320.18
319.56
319.10
318.77
318.56
318.69
319.21
320.09
321.19
322.37
323.53
324.59
325.52
326.30
326.94
327.45
327.83
328.11
328.30
328.36
328.30
328.14
327.91
327.65
327.35
327.03
326.70
326.37
326.07
325.86
325.74
325.73
325.78
325.89
326.13
326.51
327.01
327.57
328.15
328.74
329.31
329.85
330.35
330.79
331.02
331.04
330.84
330.49
330.06
329.38
328.46
327.30
326.05
324.80
323.85
323.29
323.14
323.30
323.67
324.04
324.36
324.56
324.68
324.72
324.68
324.58
324.43
324.24
324.04
323.85
323.67
323.51
323.37
323.22
323.07
322.90
322.74
322.58
322.50
322.49
322.57
322.70
322.86
322.95
322.95
322.85
322.68
322.47
322.32
322.27
322.33
322.45
322.63
322.98
323.53
324.25
325.07
325.90
326.66
327.28
327.76
328.10
328.34
328.44
328.40
328.25
328.02
327.75
327.50
327.28
327.11
326.99
326.90
326.85
326.82
326.80
326.81
326.82
326.92
327.11
327.40
327.74
327.94
327.95
327.75
327.40
326.98
326.61
326.32
326.16
326.09
326.09
325.93
325.55
324.93
324.19
323.38
322.75
322.34
322.20
322.25
322.43
322.72
323.09
323.50
323.92
324.33
324.54
324.53
324.28
323.88
323.39
322.97
322.68
322.54
322.53
322.59
322.53
322.28
321.83
321.25
320.62
320.17
319.97
320.04
320.30
320.68
321.37
322.35
323.61
324.99
326.12
326.88
327.20
327.21
326.98
326.56
326.00
325.33
324.63
323.95
323.40
323.00
322.77
322.68
322.69
322.71
322.71
322.68
322.61
322.54
322.38
322.12
321.78
321.39
320.99
320.63
320.33
320.10
319.93
319.82
319.86
320.05
320.40
320.84
321.31
321.71
321.99
322.13
322.17
322.14
322.16
322.27
322.50
322.79
323.11
323.41
323.67
323.86
324.01
324.11
324.20
324.30
324.40
324.50
324.74
325.11
325.64
326.24
326.86
327.07
326.77
325.93
324.75
323.41
322.29
321.51
321.15
321.11
321.28
321.58
321.93
322.29
322.63
322.94
323.27
323.62
323.99
324.36
324.70
325.04
325.37
325.69
325.98
326.24
326.41
326.48
326.45
326.35
326.21
325.99
325.71
325.36
324.99
324.63
324.47
324.57
324.92
325.44
326.05
326.53
326.81
326.85
326.73
326.50
326.18
325.80
325.38
324.96
324.56
324.20
323.88
323.61
323.39
323.16
322.91
322.63
322.35
322.08
321.75
321.36
320.91
320.44
319.98
319.73
319.75
320.05
320.52
321.09
321.59
321.96
322.17
322.26
322.25
322.26
322.31
322.45
322.62
322.82
323.04
323.30
323.56
323.83
324.07
324.30
324.49
324.65
324.79
324.89
325.05
325.28
325.59
325.93
326.28
326.57
326.76
326.86
326.88
326.85
326.67
326.36
325.90
325.37
324.87
324.45
324.13
323.90
323.75
323.81
324.10
324.63
325.28
325.99
327.00
328.30
329.90
331.61
333.31
334.32
334.51
333.81
332.53
330.91
329.11
327.27
325.48
323.83
322.36
321.18
320.30
319.72
319.39
319.24
319.33
319.65
320.16
320.77
321.43
321.95
322.27
322.38
322.33
322.17
322.23
322.60
323.30
324.21
325.21
326.00
326.51
326.67
326.59
326.35
326.02
325.67
325.34
325.03
324.81
324.70
324.69
324.75
324.86
324.97
325.07
325.13
325.16
325.18
325.26
325.43
325.68
325.98
326.30
326.67
327.08
327.52
327.96
328.38
328.55
328.42
327.99
327.37
326.64
326.02
325.57
325.33
325.25
325.29
325.33
325.33
325.25
325.13
324.99
324.86
324.77
324.71
324.69
324.69
324.71
324.74
324.77
324.80
324.84
324.85
324.82
324.76
324.67
324.58
324.48
324.39
324.30
324.22
324.16
324.10
324.06
324.03
324.00
323.98
323.97
323.96
323.96
323.96
324.12
324.47
325.01
325.66
326.34
326.69
326.64
326.14
325.35
324.41
323.62
323.08
322.87
322.88
323.06
323.31
323.59
323.87
324.12
324.34
324.51
324.61
324.65
324.64
324.60
324.54
324.47
324.40
324.32
324.25
324.14
323.97
323.75
323.50
323.24
323.26
323.61
324.31
325.20
326.09
326.86
327.47
327.92
328.24
328.45
328.58
328.63
328.64
328.61
328.37
327.90
327.20
326.38
325.52
324.59
323.63
322.66
321.72
320.87
320.20
319.73
319.47
319.37
319.39
319.73
320.39
321.37
322.52
323.72
324.74
325.50
325.95
326.16
326.19
325.88
325.24
324.30
323.20
322.04
320.96
320.02
319.25
318.65
318.19
318.01
318.13
318.53
319.10
319.76
320.43
321.04
321.58
322.03
322.43
322.77
323.08
323.35
323.57
323.83
324.14
324.51
324.90
325.29
325.57
325.73
325.74
325.66
325.51
325.36
325.22
325.10
325.02
324.96
324.95
324.98
325.06
325.16
325.28
325.48
325.77
326.15
326.56
326.98
327.28
327.42
327.39
327.24
327.01
326.85
326.81
326.89
327.06
327.28
327.56
327.87
328.20
328.53
328.84
328.79
328.35
327.48
326.37
325.14
323.90
322.71
321.63
320.68
320.00
319.62
319.53
319.66
319.92
320.19
320.41
320.54
320.61
320.62
320.65
320.71
320.83
320.97
321.13
321.31
321.51
321.74
321.96
322.17
322.31
322.37
322.33
322.24
322.10
322.06
322.13
322.33
322.62
322.95
323.37
323.87
324.44
325.03
325.60
325.97
326.10
325.97
325.67
325.26
324.98
324.91
325.08
325.41
325.83
326.27
326.68
327.04
327.35
327.46
327.37
327.07
326.64
326.15
325.50
324.71
323.80
322.85
321.93
321.13
320.48
319.99
319.66
319.44
319.42
319.60
319.96
320.43
320.95
321.35
321.56
321.58
321.45
321.23
321.01
320.83
320.71
320.64
320.62
320.78
321.14
321.71
322.39
323.12
323.70
324.08
324.24
324.23
324.10
323.93
323.75
323.58
323.43
323.30
323.17
323.03
322.87
322.72
322.57
322.62
322.91
323.43
324.10
324.77
325.39
325.91
326.33
326.67
326.94
327.18
327.39
327.57
327.72
327.87
328.01
328.17
328.33
328.47
328.65
328.88
329.15
329.44
329.73
329.73
329.40
328.72
327.83
326.84
325.83
324.87
323.99
323.21
322.55
322.05
321.73
321.57
321.54
321.59
321.76
322.02
322.37
322.75
323.13
323.53
323.93
324.32
324.68
325.01
325.37
325.77
326.23
326.70
327.15
327.46
327.60
327.56
327.39
327.20
327.03
326.91
326.83
326.78
326.52
326.00
325.21
324.27
323.28
322.43
321.80
321.43
321.25
321.21
321.15
321.01
320.75
320.42
320.06
319.93
320.11
320.59
321.28
322.06
322.83
323.50
324.06
324.49
324.83
324.99
324.99
324.82
324.56
324.24
323.94
323.71
323.57
323.49
323.46
323.37
323.17
322.86
322.50
322.11
322.04
322.37
323.11
324.10
325.22
326.18
326.89
327.28
327.43
327.33
327.01
326.52
325.94
325.32
324.87
324.64
324.65
324.85
325.15
325.46
325.73
325.94
326.09
326.19
326.11
325.85
325.41
324.87
324.28
323.75
323.30
322.98
322.75
322.61
322.58
322.66
322.85
323.09
323.36
323.64
323.91
324.15
324.37
324.56
324.74
324.92
325.10
325.28
325.44
325.43
325.21
324.77
324.21
323.60
323.08
322.71
322.52
322.47
322.51
322.57
322.61
322.60
322.56
322.59
322.69
322.89
323.14
323.42
323.77
324.21
324.72
325.25
325.77
326.20
326.52
326.71
326.81
326.84
326.84
326.83
326.84
326.85
326.87
326.67
326.23
325.54
324.70
323.81
323.14
322.77
322.74
322.95
323.31
323.52
323.49
323.18
322.68
322.08
321.74
321.74
322.13
322.77
323.55
324.36
325.14
325.84
326.44
326.95
327.33
327.60
327.75
327.82
327.82
327.78
327.71
327.62
327.53
327.41
327.26
327.09
326.91
326.74
326.61
326.52
326.48
326.49
326.52
326.43
326.20
325.81
325.34
324.83
324.42
324.17
324.10
324.14
324.27
324.43
324.59
324.72
324.82
324.91
325.02
325.19
325.40
325.63
325.86
326.12
326.38
326.65
326.92
327.16
327.24
327.14
326.84
326.43
325.96
325.55
325.25
325.08
325.01
325.01
324.88
324.56
324.05
323.42
323.00
322.90
323.16
323.65
324.28
324.97
325.67
326.34
326.95
327.49
327.90
328.16
328.28
328.30
328.24
328.05
327.75
327.33
326.86
326.38
325.83
325.23
324.59
323.94
323.33
322.86
322.55
322.41
322.40
322.47
322.72
323.12
323.66
324.27
324.89
325.21
325.13
324.65
323.90
323.00
322.46
322.38
322.85
323.66
324.68
325.73
326.72
327.59
328.32
328.93
329.12
328.86
328.15
327.16
326.06
324.95
323.91
322.97
322.15
321.60
321.33
321.33
321.53
321.86
322.22
322.59
322.92
323.21
323.46
323.53
323.40
323.07
322.63
322.12
321.68
321.35
321.15
321.06
321.04
321.08
321.16
321.26
321.37
321.48
321.66
321.93
322.28
322.68
323.07
323.43
323.72
323.94
324.10
324.21
324.38
324.63
325.00
325.41
325.84
326.12
326.22
326.11
325.88
325.55
325.11
324.57
323.95
323.30
322.80
322.50
322.43
322.51
322.70
322.96
323.25
323.55
323.83
324.09
324.35
324.61
324.86
325.10
325.32
325.40
325.33
325.10
324.77
324.40
324.33
324.63
325.35
326.31
327.40
328.35
329.08
329.54
329.77
329.84
329.69
329.33
328.79
328.16
327.49
326.84
326.23
325.68
325.21
324.82
324.44
324.07
323.71
323.36
323.04
322.76
322.53
322.33
322.18
322.06
321.98
321.92
321.88
321.86
321.88
321.94
322.04
322.16
322.29
322.34
322.29
322.13
321.91
321.65
321.48
321.45
321.56
321.77
322.04
322.28
322.45
322.56
322.60
322.59
322.75
323.09
323.65
324.33
325.06
325.61
325.95
326.02
325.91
325.68
325.35
324.95
324.51
324.07
323.65
323.40
323.35
323.52
323.81
324.19
324.45
324.52
324.39
324.11
323.75
323.46
323.28
323.25
323.32
323.54
323.89
324.36
324.88
325.41
325.92
326.39
326.81
327.16
327.46
327.50
327.28
326.79
326.14
325.41
324.82
324.44
324.31
324.37
324.55
324.62
324.51
324.20
323.75
323.24
322.84
322.61
322.58
322.68
322.88
323.29
323.91
324.73
325.63
326.55
327.30
327.83
328.10
328.17
328.11
327.93
327.65
327.32
326.97
326.61
326.14
325.55
324.84
324.09
323.34
322.74
322.34
322.14
322.11
322.29
322.67
323.22
323.86
324.53
325.00
325.21
325.13
324.85
324.45
324.07
323.76
323.55
323.43
323.38
323.32
323.23
323.11
322.96
322.81
322.74
322.77
322.91
323.12
323.37
323.60
323.80
323.95
324.06
324.13
323.99
323.61
322.99
322.23
321.43
320.73
320.20
319.88
319.71
319.66
319.69
319.79
319.92
320.07
320.23
320.48
320.85
321.33
321.86
322.40
322.95
323.48
323.99
324.45
325.02
325.71
326.53
327.40
328.25
328.92
329.35
329.52
329.51
329.37
329.06
328.62
328.06
327.45
326.84
326.21
325.56
324.92
324.32
323.77
323.40
323.22
323.25
323.41
323.67
323.92
324.12
324.26
324.34
324.38
324.31
324.12
323.82
323.46
323.08
322.75
322.51
322.37
322.30
322.29
322.32
322.38
322.45
322.53
322.62
322.67
322.68
322.65
322.60
322.53
322.48
322.46
322.47
322.51
322.54
322.54
322.51
322.47
322.41
322.48
322.71
323.09
323.57
324.09
324.64
325.19
325.72
326.22
326.66
327.15
327.70
328.31
328.94
329.55
329.99
330.25
330.31
330.23
330.06
329.77
329.40
328.95
328.48
328.02
327.38
326.53
325.48
324.34
323.21
322.32
321.75
321.52
321.55
321.75
322.15
322.70
323.37
324.08
324.80
325.33
325.65
325.73
325.64
325.44
325.14
324.77
324.37
323.96
323.54
323.13
322.72
322.35
322.01
321.88
321.98
322.32
322.81
323.38
323.94
324.46
324.91
325.28
325.58
326.05
326.74
327.66
328.70
329.77
330.39
330.48
329.98
329.09
327.99
326.76
325.49
324.26
323.12
322.10
321.35
320.90
320.75
320.82
321.04
321.56
322.38
323.47
324.69
325.93
327.00
327.81
328.33
328.63
328.75
328.56
328.06
327.27
326.34
325.50
324.86
324.48
324.29
324.25
324.36
324.61
324.97
325.38
325.81
325.85
325.44
324.53
323.34
322.00
320.88
320.08
319.68
319.58
319.69
319.83
319.95
319.97
319.94
319.87
319.74
319.58
319.38
319.16
318.95
318.99
319.33
319.97
320.80
321.71
322.63
323.51
324.32
325.02
325.62
326.17
326.68
327.16
327.59
327.97
328.16
328.14
327.90
327.52
327.07
326.67
326.37
326.19
326.11
325.78
325.13
324.14
322.95
321.69
320.80
320.39
320.51
320.99
321.70
322.54
323.42
324.28
325.08
325.80
326.36
326.77
327.01
327.13
327.15
327.24
327.43
327.76
328.16
328.60
328.63
328.18
327.21
325.93
324.51
323.32
322.50
322.11
322.04
322.21
322.50
322.85
323.21
323.56
323.88
324.25
324.67
325.13
325.62
326.08
326.43
326.64
326.70
326.65
326.52
326.54
326.76
327.18
327.74
327.99
327.81
327.16
326.22
325.12
324.32
323.94
324.05
324.50
325.16
325.83
326.41
326.85
327.17
327.39
327.35
327.07
326.55
325.89
325.16
324.59
324.24
324.14
324.23
324.43
324.79
325.29
325.88
326.52
327.15
327.80
328.46
329.10
329.71
330.26
330.39
330.05
329.21
328.09
326.81
325.58
324.48
323.58
322.87
322.32
322.05
322.06
322.33
322.77
323.31
323.77
324.11
324.29
324.34
324.36
324.38
324.43
324.50
324.57
324.54
324.38
324.08
323.71
323.31
322.98
322.77
322.69
322.70
322.77
322.95
323.20
323.53
323.90
324.26
324.67
325.10
325.56
326.01
326.44
326.84
327.23
327.60
327.93
328.22
328.41
328.49
328.47
328.38
328.24
327.92
327.40
326.70
325.90
325.08
324.31
323.64
323.08
322.63
322.28
321.94
321.58
321.20
320.81
320.44
320.21
320.15
320.25
320.47
320.69
320.84
320.90
320.89
320.84
320.71
320.49
320.21
319.90
319.57
319.32
319.15
319.07
319.07
319.12
319.31
319.64
320.10
320.63
321.19
321.81
322.48
323.19
323.89
324.55
325.06
325.40
325.57
325.60
325.54
325.52
325.58
325.76
326.00
326.28
326.43
326.42
326.23
325.93
325.55
325.35
325.35
325.61
326.02
326.52
326.85
326.92
326.71
326.31
326.02
325.91
326.06
326.37
326.79
327.30
327.89
328.52
329.15
329.74
329.90
329.56
328.71
327.54
326.21
325.00
324.02
323.33
322.88
322.63
322.34
321.94
321.40
320.78
320.15
319.89
320.07
320.73
321.68
322.80
323.80
324.60
325.12
325.43
325.57
325.61
325.60
325.55
325.49
325.42
325.32
325.20
325.05
324.88
324.72
324.60
324.52
324.49
324.49
324.53
324.65
324.88
325.21
325.59
325.95
326.28
326.55
326.76
326.92
326.93
326.78
326.47
326.07
325.63
325.04
324.32
323.48
322.60
321.73
321.01
320.46
320.10
319.90
319.82
319.90
320.14
320.52
320.96
321.44
322.02
322.69
323.44
324.21
324.96
325.51
325.83
325.90
325.79
325.57
325.25
324.87
324.44
324.02
323.61
323.35
323.25
323.33
323.53
323.80
323.97
324.00
323.86
323.61
323.30
323.06
322.94
322.97
323.10
323.27
323.43
323.58
323.71
323.81
323.95
324.13
324.35
324.60
324.85
325.11
325.38
325.65
325.92
326.16
326.25
326.14
325.85
325.44
324.97
324.42
323.83
323.22
322.61
322.05
321.68
321.53
321.61
321.85
322.18
322.49
322.71
322.84
322.88
322.86
322.93
323.14
323.49
323.92
324.39
324.85
325.29
325.70
326.05
326.34
326.43
326.27
325.89
325.35
324.75
324.39
324.36
324.69
325.26
325.78
326.14
326.28
326.26
326.12
326.07
326.17
326.44
326.82
327.26
327.57
327.73
327.69
327.52
327.26
326.78
326.06
325.13
324.09
323.04
322.25
321.79
321.69
321.85
322.19
322.57
322.94
323.26
323.52
323.73
323.92
324.10
324.27
324.43
324.57
324.67
324.71
324.70
324.66
324.60
324.49
324.35
324.18
324.00
323.82
323.62
323.41
323.19
322.97
322.76
322.68
322.75
322.97
323.29
323.82
324.54
325.45
326.44
327.43
328.15
328.54
328.57
328.35
327.96
327.37
326.62
325.74
324.81
323.91
323.04
322.22
321.48
320.83
320.27
319.98
319.96
320.21
320.65
321.19
321.69
322.09
322.37
322.55
322.65
322.84
323.17
323.66
324.23
324.84
325.19
325.23
324.92
324.39
323.73
323.25
323.05
323.18
323.52
324.00
324.50
324.96
325.33
325.63
325.94
326.28
326.66
327.06
327.44
327.60
327.51
327.15
326.62
326.01
325.36
324.73
324.14
323.61
323.16
322.80
322.55
322.40
322.32
322.31
322.31
322.30
322.28
322.26
322.22
322.37
322.74
323.33
324.05
324.82
325.50
326.04
326.42
326.67
326.80
326.96
327.18
327.48
327.83
328.19
328.35
328.28
327.94
327.44
326.85
326.45
326.30
326.45
326.79
327.26
327.63
327.83
327.81
327.66
327.32
326.84
326.25
325.61
324.96
324.46
324.14
324.01
324.03
324.14
324.35
324.63
324.95
325.28
325.60
325.72
325.59
325.20
324.65
324.01
323.41
322.88
322.46
322.15
321.92
321.68
321.41
321.09
320.76
320.43
320.39
320.69
321.34
322.21
323.18
324.15
325.04
325.83
326.49
327.04
327.21
326.97
326.32
325.42
324.40
323.36
322.39
321.53
320.79
320.17
319.81
319.72
319.88
320.22
320.41
320.38
320.07
319.58
318.99
318.53
318.26
318.21
318.33
318.55
318.90
319.33
319.83
320.35
320.85
321.43
322.08
322.79
323.52
324.22
324.77
325.16
325.37
325.45
325.42
325.33
325.19
325.03
324.86
324.70
324.52
324.33
324.12
323.92
323.73
323.61
323.57
323.62
323.73
323.87
323.96
323.95
323.84
323.66
323.45
323.09
322.58
321.93
321.20
320.47
319.88
319.47
319.27
319.22
319.25
319.33
319.42
319.51
319.60
319.61
319.51
319.31
319.05
318.75
318.77
319.17
319.98
321.03
322.19
323.23
324.07
324.65
325.03
325.24
325.34
325.39
325.39
325.38
325.35
325.31
325.26
325.22
325.18
325.14
324.99
324.73
324.35
323.91
323.44
323.17
323.14
323.38
323.80
324.32
324.82
325.26
325.61
325.88
326.07
326.29
326.54
326.85
327.18
327.48
327.74
327.93
328.07
328.16
328.06
327.74
327.21
326.56
325.86
325.38
325.18
325.30
325.64
326.10
326.59
327.03
327.39
327.67
327.89
328.08
328.24
328.40
328.54
328.66
328.64
328.43
328.06
327.57
327.05
326.51
326.00
325.54
325.13
324.79
324.69
324.87
325.32
325.94
326.64
327.29
327.82
328.20
328.46
328.61
328.77
328.96
329.20
329.47
329.73
329.88
329.89
329.73
329.48
329.04
328.42
327.64
326.79
325.95
325.19
324.57
324.11
323.78
323.56
323.51
323.62
323.88
324.23
324.62
324.86
324.90
324.73
324.40
323.99
323.49
322.93
322.32
321.72
321.15
320.88
320.95
321.38
322.03
322.80
323.36
323.59
323.46
323.08
322.53
322.07
321.77
321.68
321.74
321.90
322.02
322.05
321.96
321.79
321.58
321.64
322.04
322.79
323.76
324.83
325.90
326.93
327.87
328.69
329.18
329.30
329.04
328.54
327.90
327.21
326.54
325.94
325.41
324.97
324.68
324.57
324.62
324.78
325.01
325.04
324.80
324.28
323.57
322.78
322.23
322.03
322.20
322.63
323.22
323.73
324.08
324.21
324.18
324.04
323.87
323.68
323.52
323.37
323.25
323.32
323.58
324.06
324.66
325.31
325.86
326.25
326.45
326.52
326.49
326.44
326.41
326.42
326.45
326.51
326.60
326.73
326.88
327.05
327.22
327.38
327.53
327.65
327.76
327.72
327.50
327.11
326.61
326.07
325.34
324.43
323.33
322.17
321.03
320.23
319.84
319.90
320.27
320.83
321.58
322.46
323.43
324.41
325.34
326.08
326.59
326.87
326.96
326.92
326.68
326.27
325.69
325.04
324.37
323.82
323.45
323.27
323.24
323.31
323.42
323.55
323.66
323.75
323.83
324.01
324.29
324.68
325.14
325.61
325.91
325.99
325.83
325.51
325.21
324.99
324.89
324.88
324.93
325.05
325.22
325.44
325.68
325.91
326.00
325.92
325.65
325.27
324.82
324.39
324.00
323.67
323.40
323.20
322.96
322.68
322.33
321.97
321.61
321.43
321.47
321.74
322.16
322.65
323.21
323.78
324.36
324.91
325.40
325.73
325.86
325.80
325.61
325.34
325.10
324.95
324.89
324.91
324.99
324.93
324.71
324.30
323.79
323.41
323.24
323.33
323.58
323.95
324.15
324.12
323.83
323.37
322.81
322.51
322.55
322.98
323.65
324.47
325.09
325.43
325.43
325.20
324.81
324.22
323.48
322.62
321.71
320.82
320.21
319.93
320.00
320.32
320.80
321.17
321.35
321.30
321.09
320.77
320.62
320.69
321.03
321.53
322.12
322.79
323.52
324.26
324.99
325.65
326.06
326.17
325.97
325.56
325.03
324.72
324.69
325.02
325.56
325.94
326.04
325.78
325.29
324.67
324.09
323.62
323.32
323.14
323.06
323.11
323.27
323.53
323.84
324.18
324.59
325.08
325.62
326.19
326.74
327.13
327.35
327.38
327.27
327.07
326.85
326.64
326.45
326.30
326.17
325.87
325.33
324.57
323.68
322.76
322.15
321.94
322.17
322.70
323.41
324.04
324.51
324.76
324.84
324.79
324.78
324.83
324.98
325.20
325.44
325.67
325.86
326.01
326.10
326.01
325.70
325.18
324.54
323.84
323.29
322.92
322.78
322.79
322.92
322.94
322.78
322.41
321.92
321.36
321.09
321.17
321.65
322.37
323.24
323.86
324.13
323.99
323.57
322.98
322.57
322.43
322.64
323.07
323.63
324.32
325.07
325.86
326.64
327.36
327.85
328.07
328.00
327.74
327.36
326.78
326.02
325.12
324.16
323.21
322.61
322.44
322.73
323.31
324.08
324.62
324.80
324.56
324.05
323.39
322.68
321.99
321.34
320.76
320.37
320.18
320.20
320.36
320.62
320.98
321.42
321.92
322.43
322.93
323.52
324.22
325.02
325.84
326.64
327.27
327.70
327.91
327.96
327.88
327.55
326.94
326.10
325.13
324.12
323.24
322.57
322.11
321.84
321.72
321.80
322.09
322.55
323.11
323.71
324.34
324.96
325.55
326.10
326.59
326.92
327.10
327.11
327.00
327.03
327.27
327.74
328.35
329.03
329.53
329.78
329.76
329.54
329.20
328.90
328.69
328.61
328.64
328.72
328.72
328.59
328.30
327.92
327.50
327.10
326.75
326.46
326.23
326.06
325.91
325.77
325.63
325.50
325.38
325.12
324.69
324.08
323.38
322.66
322.17
321.98
322.12
322.47
322.96
323.36
323.60
323.62
323.50
323.28
323.00
322.70
322.40
322.12
321.86
321.68
321.60
321.62
321.71
322.03
322.58
323.37
324.27
325.21
325.91
326.30
326.35
326.14
325.78
325.24
324.57
323.81
323.01
322.24
321.66
321.31
321.21
321.29
321.49
321.84
322.33
322.92
323.55
324.17
324.90
325.72
326.63
327.55
328.44
329.01
329.21
329.02
328.56
327.94
327.22
326.45
325.67
324.93
324.25
323.84
323.74
323.95
324.36
324.90
325.53
326.19
326.86
327.49
328.07
328.58
329.02
329.37
329.65
329.82
329.86
329.79
329.65
329.46
329.25
329.04
328.83
328.64
328.48
328.33
328.22
328.12
328.05
328.00
327.88
327.68
327.40
327.08
326.74
326.27
325.68
324.96
324.19
323.43
322.84
322.48
322.36
322.42
322.60
322.77
322.89
322.93
322.90
322.84
322.83
322.90
323.06
323.27
323.52
323.66
323.67
323.54
323.31
323.02
322.90
323.00
323.33
323.81
324.38
324.67
324.61
324.17
323.47
322.82
322.34
322.09
322.02
322.07
322.16
322.24
322.28
322.30
322.29
322.33
322.41
322.56
322.74
322.93
323.07
323.14
323.12
323.05
322.95
322.96
323.11
323.43
323.84
324.30
324.66
324.88
324.93
324.86
324.71
324.65
324.72
324.95
325.27
325.64
325.86
325.89
325.71
325.38
324.97
324.47
323.91
323.30
322.70
322.14
321.92
322.11