74.20
74.03
73.91
73.84
73.79
73.77
73.77
73.78
73.82
73.90
74.02
74.15
74.29
74.45
74.64
74.84
75.04
75.23
75.38
75.48
75.52
75.53
75.50
75.43
75.31
75.16
75.00
74.77
74.49
74.17
73.82
73.48
73.24
73.13
73.15
73.27
73.44
73.67
73.94
74.24
74.55
74.84
75.05
75.17
75.19
75.14
75.05
74.90
74.71
74.48
74.24
74.01
73.82
73.68
73.60
73.57
73.57
73.64
73.80
74.02
74.28
74.56
74.75
74.83
74.79
74.66
74.49
74.36
74.33
74.39
74.52
74.69
74.85
74.99
75.08
75.14
75.18
75.17
75.11
75.01
74.89
74.76
74.67
74.66
74.72
74.84
74.90
74.88
74.76
74.59
74.38
74.19
74.03
73.92
73.85
73.80
73.75
73.69
73.62
73.53
73.44
73.35
73.27
73.20
73.14
73.09
73.08
73.11
73.17
73.26
73.37
73.55
73.83
74.19
74.59
75.01
75.29
75.43
75.39
75.24
75.01
74.77
74.55
74.36
74.21
74.10
73.98
73.87
73.74
73.61
73.48
73.45
73.52
73.71
73.96
74.24
74.48
74.65
74.74
74.76
74.73
74.73
74.76
74.86
74.98
75.13
75.27
75.41
75.54
75.66
75.81
76.01
76.26
76.52
76.78
76.93
76.93
76.77
76.51
76.19
75.91
75.69
75.55
75.48
75.45
75.41
75.34
75.21
75.06
74.89
74.73
74.58
74.44
74.32
74.22
74.14
74.07
74.02
73.99
73.96
73.92
73.85
73.76
73.66
73.55
73.44
73.35
73.26
73.18
73.12
73.10
73.12
73.18
73.26
73.36
73.55
73.82
74.18
74.59
75.00
75.37
75.67
75.91
76.07
76.08
75.92
75.60
75.18
74.72
74.36
74.14
74.08
74.15
74.29
74.48
74.70
74.92
75.13
75.33
75.50
75.65
75.77
75.87
75.94
75.97
75.96
75.89
75.80
75.69
75.61
75.55
75.54
75.56
75.59
75.58
75.52
75.40
75.23
75.05
74.84
74.61
74.36
74.12
73.88
73.78
73.83
74.03
74.33
74.68
75.03
75.33
75.58
75.78
75.93
76.01
76.03
75.99
75.91
75.80
75.68
75.56
75.45
75.35
75.25
75.18
75.11
75.06
75.02
74.94
74.81
74.62
74.40
74.17
74.02
73.99
74.07
74.23
74.44
74.62
74.73
74.78
74.76
74.72
74.67
74.64
74.64
74.66
74.69
74.76
74.86
74.99
75.13
75.28
75.42
75.55
75.67
75.77
75.85
75.83
75.71
75.48
75.19
74.86
74.59
74.40
74.29
74.26
74.27
74.32
74.39
74.47
74.56
74.64
74.72
74.79
74.85
74.90
74.94
74.94
74.91
74.84
74.74
74.66
74.61
74.60
74.61
74.64
74.60
74.47
74.25
73.97
73.67
73.43
73.26
73.18
73.17
73.21
73.30
73.45
73.63
73.83
74.04
74.28
74.58
74.91
75.26
75.59
75.82
75.93
75.90
75.77
75.59
75.41
75.24
75.12
75.02
74.95
74.93
74.96
75.04
75.14
75.26
75.36
75.42
75.44
75.43
75.40
75.36
75.31
75.26
75.21
75.17
75.04
74.84
74.54
74.20
73.84
73.54
73.33
73.22
73.18
73.18
73.17
73.16
73.15
73.13
73.11
73.09
73.07
73.05
73.04
73.08
73.18
73.35
73.56
73.78
74.03
74.30
74.57
74.84
75.10
75.24
75.26
75.16
74.97
74.73
74.58
74.55
74.66
74.86
75.11
75.37
75.59
75.77
75.91
76.01
76.00
75.87
75.63
75.32
74.98
74.69
74.47
74.35
74.30
74.30
74.31
74.32
74.30
74.28
74.25
74.29
74.43
74.66
74.95
75.26
75.49
75.61
75.61
75.53
75.36
75.13
74.85
74.56
74.27
74.00
73.76
73.55
73.37
73.23
73.14
73.11
73.14
73.21
73.29
73.39
73.50
73.59
73.69
73.77
73.89
74.06
74.28
74.53
74.79
75.00
75.17
75.27
75.33
75.36
75.33
75.25
75.13
74.98
74.83
74.76
74.79
74.92
75.13
75.38
75.58
75.72
75.78
75.78
75.74
75.59
75.33
74.98
74.57
74.14
73.78
73.52
73.36
73.28
73.26
73.26
73.26
73.25
73.23
73.22
73.25
73.31
73.39
73.48
73.59
73.74
73.90
74.08
74.25
74.33
74.31
74.16
73.95
73.69
73.53
73.49
73.60
73.81
74.07
74.27
74.39
74.40
74.33
74.21
74.11
74.07
74.08
74.15
74.23
74.36
74.53
74.72
74.93
75.13
75.32
75.48
75.63
75.75
75.85
75.85
75.73
75.51
75.21
74.89
74.59
74.33
74.14
73.99
73.89
73.85
73.87
73.95
74.06
74.18
74.26
74.28
74.22
74.11
73.98
73.91
73.94
74.07
74.26
74.41
74.48
74.45
74.35
74.21
74.04
73.87
73.71
73.55
73.41
73.32
73.28
73.29
73.34
73.40
73.51
73.65
73.82
74.00
74.18
74.38
74.59
74.82
75.04
75.24
75.37
75.42
75.37
75.27
75.13
75.05
75.06
75.17
75.34
75.55
75.70
75.75
75.69
75.56
75.39
75.19
74.99
74.79
74.62
74.46
74.35
74.29
74.29
74.33
74.39
74.50
74.63
74.80
74.99
75.17
75.34
75.50
75.63
75.75
75.82
75.83
75.80
75.73
75.65
75.58
75.54
75.54
75.56
75.60
75.68
75.79
75.93
76.09
76.25
76.40
76.54
76.66
76.76
76.85
76.78
76.55
76.14
75.63
75.08
74.61
74.26
74.06
73.97
73.96
73.95
73.92
73.86
73.76
73.65
73.60
73.61
73.69
73.81
73.97
74.13
74.29
74.44
74.57
74.69
74.76
74.79
74.76
74.70
74.62
74.53
74.44
74.36
74.28
74.21
74.20
74.26
74.40
74.58
74.79
74.99
75.19
75.38
75.54
75.62
75.62
75.53
75.39
75.22
75.08
75.01
75.01
75.07
75.16
75.18
75.12
74.97
74.76
74.51
74.29
74.10
73.97
73.87
73.81
73.76
73.69
73.60
73.51
73.42
73.36
73.34
73.36
73.41
73.47
73.50
73.46
73.35
73.21
73.04
72.97
73.04
73.24
73.53
73.86
74.18
74.47
74.69
74.87
75.00
75.01
74.90
74.66
74.36
74.02
73.64
73.25
72.86
72.48
72.25
72.18
72.28
72.49
72.78
73.13
73.51
73.91
74.30
74.67
74.97
75.19
75.34
75.43
75.47
75.49
75.53
75.57
75.63
75.69
75.70
75.64
75.51
75.33
75.14
74.97
74.84
74.76
74.72
74.70
74.65
74.55
74.40
74.22
74.03
73.95
74.00
74.20
74.48
74.82
75.01
75.01
74.80
74.44
74.01
73.66
73.42
73.35
73.38
73.49
73.70
74.00
74.37
74.77
75.17
75.52
75.80
76.01
76.16
76.23
76.22
76.15
76.04
75.91
75.72
75.46
75.15
74.82
74.49
74.18
73.90
73.65
73.45
73.28
73.20
73.21
73.32
73.48
73.68
73.86
74.01
74.11
74.18
74.21
74.25
74.31
74.39
74.47
74.56
74.62
74.64
74.62
74.57
74.51
74.41
74.28
74.12
73.95
73.78
73.62
73.47
73.34
73.23
73.15
73.13
73.19
73.33
73.52
73.73
73.92
74.07
74.17
74.23
74.26
74.24
74.18
74.07
73.93
73.87
73.90
74.03
74.23
74.46
74.60
74.61
74.48
74.26
73.98
73.81
73.80
73.96
74.24
74.58
74.89
75.14
75.31
75.42
75.47
75.53
75.63
75.77
75.93
76.10
76.25
76.35
76.40
76.41
76.40
76.29
76.08
75.76
75.40
75.01
74.69
74.45
74.31
74.25
74.25
74.26
74.27
74.26
74.24
74.21
74.24
74.32
74.47
74.66
74.86
75.03
75.17
75.25
75.30
75.32
75.28
75.21
75.09
74.95
74.80
74.65
74.51
74.39
74.28
74.16
74.03
73.88
73.73
73.59
73.51
73.51
73.59
73.72
73.88
73.99
74.05
74.03
73.97
73.87
73.83
73.88
74.03
74.24
74.48
74.71
74.89
75.03
75.12
75.18
75.21
75.22
75.22
75.20
75.18
75.13
75.05
74.93
74.80
74.67
74.54
74.42
74.31
74.22
74.15
74.03
73.87
73.66
73.42
73.18
72.97
72.81
72.71
72.66
72.64
72.67
72.75
72.87
73.02
73.12
73.16
73.12
73.04
72.92
72.87
72.91
73.05
73.25
73.49
73.65
73.72
73.67
73.55
73.39
73.30
73.33
73.50
73.75
74.04
74.33
74.57
74.77
74.92
75.03
75.05
74.99
74.83
74.63
74.40
74.29
74.35
74.59
74.94
75.34
75.61
75.69
75.54
75.25
74.87
74.51
74.20
73.97
73.81
73.71
73.71
73.81
73.99
74.22
74.48
74.64
74.66
74.54
74.31
74.03
73.78
73.59
73.48
73.42
73.45
73.53
73.67
73.84
74.02
74.09
74.03
73.82
73.53
73.19
72.99
72.99
73.20
73.55
73.98
74.42
74.82
75.17
75.46
75.69
75.84
75.91
75.92
75.87
75.79
75.64
75.42
75.14
74.82
74.51
74.31
74.26
74.38
74.60
74.88
75.14
75.34
75.46
75.52
75.54
75.52
75.48
75.42
75.36
75.30
75.27
75.27
75.31
75.38
75.46
75.49
75.46
75.36
75.21
75.05
74.85
74.63
74.38
74.14
74.01
74.03
74.20
74.47
74.80
75.06
75.23
75.28
75.25
75.16
75.01
74.81
74.57
74.32
74.08
73.90
73.81
73.81
73.87
73.98
74.10
74.24
74.38
74.51
74.62
74.73
74.81
74.88
74.94
74.98
75.06
75.20
75.39
75.61
75.84
76.01
76.10
76.10
76.05
75.95
75.89
75.88
75.93
76.02
76.14
76.19
76.14
76.00
75.79
75.55
75.24
74.88
74.48
74.06
73.66
73.37
73.21
73.19
73.28
73.43
73.65
73.92
74.21
74.52
74.75
74.91
74.97
74.96
74.90
74.86
74.87
74.94
75.04
75.17
75.27
75.34
75.38
75.38
75.36
75.30
75.20
75.07
74.92
74.77
74.56
74.31
74.01
73.69
73.38
73.14
72.99
72.94
72.96
73.03
73.19
73.42
73.72
74.05
74.39
74.71
75.01
75.27
75.49
75.67
75.82
75.93
76.01
76.07
76.10
76.07
75.96
75.78
75.56
75.32
75.16
75.11
75.18
75.32
75.51
75.61
75.60
75.45
75.22
74.94
74.63
74.34
74.06
73.80
73.58
73.40
73.24
73.13
73.04
73.00
73.01
73.07
73.17
73.28
73.42
73.59
73.78
73.99
74.18
74.42
74.69
75.01
75.34
75.66
75.82
75.79
75.57
75.23
74.82
74.48
74.27
74.22
74.28
74.41
74.62
74.88
75.17
75.47
75.77
75.99
76.11
76.14
76.10
76.02
75.87
75.69
75.47
75.23
75.00
74.90
74.93
75.12
75.41
75.75
76.00
76.12
76.10
75.96
75.74
75.45
75.12
74.77
74.43
74.20
74.09
74.12
74.24
74.41
74.57
74.68
74.71
74.70
74.66
74.64
74.68
74.78
74.91
75.06
75.22
75.37
75.51
75.63
75.74
75.83
75.90
75.95
76.00
76.03
75.96
75.80
75.54
75.22
74.88
74.54
74.22
73.93
73.67
73.46
73.29
73.15
73.05
72.97
72.92
72.99
73.21
73.56
73.99
74.45
74.83
75.10
75.22
75.24
75.19
75.15
75.13
75.17
75.24
75.30
75.35
75.36
75.34
75.32
75.20
74.99
74.68
74.32
73.95
73.58
73.24
72.93
72.67
72.45
72.24
72.04
71.85
71.67
71.51
71.45
71.50
71.67
71.91
72.20
72.47
72.70
72.87
73.00
73.10
73.26
73.52
73.89
74.32
74.76
75.11
75.33
75.42
75.41
75.32
75.24
75.20
75.22
75.27
75.34
75.35
75.27
75.09
74.86
74.59
74.40
74.31
74.34
74.45
74.61
74.77
74.91
75.01
75.08
75.15
75.23
75.33
75.44
75.54
75.53
75.39
75.11
74.75
74.34
73.94
73.55
73.19
72.88
72.62
72.53
72.64
72.95
73.39
73.89
74.27
74.48
74.50
74.38
74.16
73.95
73.78
73.67
73.61
73.59
73.60
73.63
73.67
73.71
73.76
73.86
74.01
74.23
74.48
74.73
74.92
75.04
75.06
75.02
74.94
74.88
74.88
74.93
75.03
75.15
75.25
75.32
75.36
75.36
75.34
75.31
75.28
75.24
75.19
75.10
74.95
74.74
74.50
74.25
74.06
73.96
73.94
73.98
74.06
74.20
74.38
74.59
74.81
75.03
75.16
75.17
75.06
74.88
74.65
74.45
74.32
74.26
74.26
74.30
74.36
74.44
74.53
74.61
74.69
74.69
74.58
74.36
74.09
73.78
73.55
73.43
73.43
73.51
73.65
73.79
73.91
74.00
74.07
74.11
74.13
74.14
74.14
74.13
74.12
74.10
74.09
74.07
74.06
74.04
74.08
74.19
74.36
74.57
74.73
74.84
74.87
74.84
74.78
74.80
74.93
75.19
75.52
75.88
76.12
76.18
76.06
75.81
75.48
75.15
74.84
74.58
74.36
74.19
74.09
74.05
74.08
74.15
74.24
74.29
74.28
74.21
74.10
73.96
73.89
73.91
74.04
74.24
74.47
74.63
74.70
74.65
74.54
74.37
74.21
74.07
73.97
73.90
73.86
73.83
73.83
73.83
73.84
73.86
73.85
73.82
73.75
73.66
73.56
73.49
73.45
73.46
73.49
73.56
73.68
73.83
74.00
74.17
74.37
74.57
74.80
75.02
75.22
75.38
75.49
75.53
75.54
75.51
75.47
75.41
75.35
75.29
75.23
75.23
75.30
75.44
75.62
75.82
75.89
75.80
75.53
75.15
74.72
74.35
74.09
73.95
73.91
73.94
73.97
73.96
73.90
73.82
73.71
73.60
73.49
73.38
73.29
73.21
73.22
73.34
73.56
73.85
74.17
74.38
74.46
74.38
74.19
73.95
73.75
73.64
73.64
73.71
73.83
73.97
74.13
74.28
74.43
74.62
74.85
75.13
75.42
75.71
75.96
76.15
76.27
76.34
76.38
76.38
76.36
76.33
76.29
76.24
76.15
75.99
75.78
75.53
75.28
75.06
74.89
74.77
74.71
74.67
74.62
74.52
74.36
74.19
74.00
73.76
73.47
73.14
72.79
72.45
72.27
72.27
72.47
72.81
73.21
73.61
73.98
74.30
74.56
74.76
74.89
74.95
74.94
74.88
74.79
74.66
74.49
74.30
74.09
73.94
73.86
73.87
73.94
74.04
74.14
74.21
74.25
74.27
74.26
74.19
74.05
73.85
73.60
73.34
73.17
73.11
73.17
73.31
73.49
73.68
73.84
73.96
74.05
74.10
74.14
74.16
74.16
74.16
74.14
74.15
74.19
74.26
74.35
74.45
74.55
74.64
74.72
74.80
74.86
74.91
74.95
74.98
75.01
75.02
75.06
75.12
75.21
75.32
75.43
75.54
75.64
75.73
75.80
75.87
75.81
75.63
75.30
74.90
74.51
74.19
73.95
73.79
73.68
73.73
73.95
74.31
74.76
75.25
75.64
75.87
75.94
75.88
75.74
75.46
75.08
74.58
74.05
73.51
73.11
72.87
72.82
72.90
73.07
73.26
73.45
73.61
73.75
73.86
74.02
74.25
74.56
74.91
75.27
75.61
75.92
76.20
76.44
76.63
76.71
76.66
76.48
76.23
75.93
75.59
75.22
74.85
74.49
74.16
73.89
73.69
73.57
73.51
73.50
73.51
73.55
73.60
73.65
73.71
73.82
73.99
74.21
74.46
74.75
75.06
75.38
75.69
75.97
76.12
76.12
75.94
75.66
75.33
75.05
74.86
74.79
74.81
74.88
74.97
75.04
75.09
75.12
75.14
75.14
75.14
75.12
75.11
75.09
75.00
74.81
74.53
74.20
73.85
73.50
73.18
72.89
72.64
72.43
72.34
72.38
72.55
72.80
73.09
73.37
73.61
73.80
73.95
74.05
74.20
74.42
74.71
75.03
75.36
75.68
75.98
76.24
76.46
76.65
76.75
76.75
76.65
76.50
76.34
76.19
76.08
76.00
75.94
75.85
75.72
75.53
75.32
75.10
74.88
74.69
74.51
74.36
74.24
74.17
74.15
74.18
74.24
74.33
74.37
74.36
74.27
74.15
74.00
73.86
73.77
73.71
73.69
73.69
73.73
73.81
73.94
74.08
74.23
74.43
74.68
74.98
75.30
75.61
75.85
76.00
76.05
76.03
75.96
75.86
75.75
75.63
75.51
75.40
75.19
74.88
74.45
73.97
73.47
73.15
73.05
73.19
73.49
73.81
74.09
74.27
74.39
74.45
74.55
74.71
74.95
75.22
75.51
75.65
75.63
75.42
75.09
74.69
74.32
74.02
73.81
73.67
73.59
73.63
73.81
74.10
74.46
74.85
75.13
75.26
75.24
75.10
74.89
74.78
74.80
74.99
75.28
75.64
75.90
76.04
76.03
75.91
75.73
75.56
75.44
75.38
75.38
75.41
75.33
75.10
74.73
74.27
73.77
73.38
73.14
73.07
73.12
73.26
73.48
73.75
74.06
74.39
74.67
74.90
75.07
75.18
75.25
75.26
75.21
75.11
74.99
74.84
74.72
74.64
74.60
74.60
74.62
74.68
74.78
74.91
75.06
75.22
75.35
75.43
75.46
75.46
75.44
75.40
75.35
75.29
75.24
75.19
75.15
75.11
75.07
75.05
75.02
74.95
74.83
74.64
74.42
74.19
73.97
73.76
73.57
73.41
73.28
73.11
72.91
72.67
72.41
72.15
71.96
71.86
71.85
71.90
72.00
72.17
72.42
72.73
73.07
73.44
73.82
74.20
74.57
74.90
75.16
75.35
75.47
75.52
75.54
75.46
75.30
75.07
74.80
74.51
74.25
74.05
73.90
73.80
73.74
73.61
73.38
73.03
72.63
72.21
71.95
71.91
72.10
72.44
72.87
73.34
73.81
74.25
74.66
75.02
75.27
75.40
75.42
75.36
75.24
75.12
75.01
74.94
74.89
74.86
74.82
74.77
74.68
74.59
74.49
74.45
74.48
74.58
74.73
74.90
75.05
75.17
75.24
75.28
75.29
75.28
75.26
75.23
75.20
75.17
75.14
75.11
75.08
75.06
74.96
74.77
74.49
74.16
73.82
73.53
73.33
73.22
73.19
73.21
73.32
73.51
73.78
74.09
74.41
74.66
74.83
74.90
74.91
74.86
74.70
74.43
74.06
73.64
73.20
72.86
72.63
72.55
72.57
72.66
72.83
73.04
73.30
73.57
73.83
74.11
74.39
74.67
74.94
75.19
75.38
75.50
75.56
75.58
75.55
75.51
75.45
75.38
75.32
75.28
75.28
75.32
75.38
75.46
75.57
75.71
75.88
76.05
76.23
76.42
76.62
76.84
77.05
77.25
77.38
77.42
77.38
77.27
77.13
76.83
76.38
75.78
75.10
74.41
73.84
73.46
73.27
73.23
73.30
73.41
73.53
73.64
73.74
73.82
73.89
73.94
73.98
74.01
74.03
74.04
74.05
74.05
74.05
74.05
74.09
74.20
74.38
74.58
74.80
74.89
74.81
74.55
74.18
73.75
73.32
72.94
72.63
72.37
72.31
72.44
72.79
73.25
73.77
74.21
74.50
74.63
74.63
74.54
74.53
74.64
74.90
75.25
75.64
76.01
76.34
76.60
76.81
76.96
77.02
76.98
76.85
76.65
76.43
76.14
75.80
75.41
75.01
74.62
74.29
74.03
73.84
73.72
73.65
73.62
73.62
73.64
73.67
73.71
73.76
73.80
73.84
73.88
73.91
73.94
73.96
73.98
73.99
74.00
74.04
74.10
74.19
74.30
74.41
74.52
74.62
74.72
74.80
74.86
74.89
74.88
74.82
74.73
74.66
74.62
74.61
74.62
74.65
74.72
74.82
74.95
75.10
75.25
75.35
75.37
75.31
75.20
75.06
74.82
74.49
74.07
73.62
73.16
72.83
72.66
72.66
72.79
73.00
73.28
73.61
73.97
74.33
74.67
74.95
75.17
75.31
75.39
75.43
75.43
75.41
75.37
75.33
75.28
75.20
75.10
74.97
74.82
74.68
74.57
74.50
74.48
74.49
74.53
74.47
74.30
74.00
73.64
73.24
72.86
72.54
72.29
72.10
72.01
72.03
72.15
72.33
72.55
72.80
73.09
73.39
73.68
73.96
74.19
74.35
74.44
74.48
74.49
74.49
74.51
74.54
74.60
74.65
74.71
74.77
74.82
74.87
74.91
74.86
74.71
74.46
74.16
73.83
73.50
73.19
72.91
72.66
72.46
72.34
72.32
72.40
72.54
72.71
72.93
73.18
73.45
73.73
73.99
74.25
74.51
74.78
75.03
75.26
75.40
75.46
75.42
75.31
75.17
75.09
75.09
75.20
75.37
75.49
75.54
75.49
75.38
75.23
75.05
74.88
74.70
74.55
74.41
74.29
74.19
74.11
74.05
74.00
74.00
74.03
74.11
74.21
74.32
74.47
74.64
74.83
75.02
75.21
75.39
75.54
75.68
75.79
75.88
75.89
75.83
75.69
75.50
75.28
75.09
74.94
74.84
74.77
74.74
74.70
74.66
74.59
74.51
74.42
74.42
74.52
74.72
74.98
75.27
75.41
75.35
75.08
74.67
74.18
73.75
73.43
73.23
73.13
73.19
73.39
73.73
74.14
74.58
74.96
75.26
75.46
75.57
75.62
75.59
75.50
75.36
75.19
75.00
74.87
74.81
74.84
74.92
75.03
75.13
75.21
75.26
75.27
75.27
75.26
75.23
75.20
75.17
75.14
75.05
74.91
74.71
74.48
74.24
74.03
73.87
73.76
73.70
73.67
73.62
73.52
73.37
73.19
73.00
72.95
73.06
73.35
73.75
74.20
74.56
74.78
74.85
74.79
74.65
74.58
74.60
74.74
74.97
75.23
75.51
75.79
76.04
76.28
76.42
76.48
76.44
76.33
76.19
75.89
75.43
74.82
74.13
73.43
72.97
72.81
72.97
73.36
73.87
74.35
74.72
74.94
75.04
75.06
75.04
75.01
74.99
74.98
74.97
74.97
74.96
74.97
74.97
74.97
74.98
74.98
74.98
74.99
74.99
74.97
74.91
74.82
74.72
74.61
74.52
74.48
74.47
74.50
74.54
74.54
74.49
74.37
74.22
74.04
73.92
73.86
73.88
73.96
73.96
73.86
73.63
73.33
73.00
72.76
72.67
72.72
72.88
73.11
73.37
73.64
73.90
74.14
74.36
74.54
74.70
74.82
74.92
74.99
75.01
74.99
74.92
74.82
74.71
74.59
74.48
74.37
74.28
74.20
74.13
74.08
74.04
74.00
73.98
73.99
74.04
74.13
74.23
74.35
74.41
74.41
74.33
74.20
74.05
74.05
74.23
74.61
75.11
75.68
76.19
76.62
76.95
77.18
77.33
77.31
77.12
76.77
76.32
75.83
75.36
74.94
74.60
74.33
74.18
74.14
74.21
74.36
74.55
74.73
74.89
75.01
75.09
75.14
75.11
75.01
74.83
74.61
74.36
74.17
74.06
74.03
74.06
74.13
74.20
74.25
74.27
74.28
74.26
74.24
74.21
74.18
74.15
74.12
74.11
74.15
74.22
74.31
74.41
74.43
74.36
74.18
73.94
73.66
73.49
73.45
73.56
73.76
74.03
74.29
74.53
74.72
74.87
74.98
75.06
75.11
75.14
75.15
75.16
75.15
75.14
75.12
75.10
75.06
74.98
74.88
74.76
74.63
74.54
74.48
74.47
74.49
74.53
74.64
74.82
75.06
75.33
75.61
75.85
76.04
76.17
76.26
76.30
76.32
76.31
76.29
76.26
76.23
76.14
75.98
75.77
75.53
75.28
75.11
75.06
75.12
75.27
75.46
75.60
75.65
75.60
75.48
75.32
75.16
75.02
74.93
74.87
74.83
74.71
74.47
74.13
73.72
73.28
72.94
72.71
72.62
72.63
72.72
72.95
73.33
73.84
74.43
74.95
75.35
75.62
75.77
75.84
75.79
75.63
75.38
75.07
74.75
74.54
74.47
74.55
74.74
75.00
75.20
75.32
75.33
75.27
75.16
74.94
74.62
74.19
73.73
73.26
72.94
72.81
72.89
73.12
73.43
73.76
74.07
74.33
74.56
74.74
74.85
74.90
74.88
74.83
74.74
74.67
74.62
74.61
74.62
74.65
74.69
74.73
74.78
74.82
74.86
74.92
75.01
75.13
75.25
75.38
75.58
75.87
76.24
76.64
76.97
77.19
77.28
77.28
77.20
77.01
76.70
76.28
75.82
75.34
74.93
74.62
74.43
74.32
74.28
74.24
74.17
74.06
73.93
73.78
73.67
73.59
73.56
73.56
73.58
73.62
73.67
73.72
73.77
73.82
73.81
73.73
73.59
73.40
73.19
72.98
72.79
72.60
72.44
72.31
72.28
72.36
72.56
72.83
73.14
73.37
73.50
73.51
73.44
73.31
73.20
73.15
73.15
73.20
73.28
73.34
73.38
73.39
73.38
73.43
73.56
73.78
74.06
74.35
74.60
74.76
74.83
74.84
74.80
74.76
74.73
74.72
74.73
74.75
74.75
74.73
74.67
74.59
74.51
74.50
74.59
74.78
75.03
75.32
75.55
75.71
75.79
75.80
75.76
75.67
75.53
75.35
75.15
74.95
74.76
74.58
74.43
74.30
74.19
74.13
74.12
74.17
74.24
74.33
74.48
74.70
74.97
75.27
75.58
75.78
75.88
75.84
75.71
75.54
75.36
75.20
75.07
74.99
74.90
74.80
74.69
74.58
74.46
74.42
74.44
74.54
74.69
74.86
74.99
75.05
75.04
74.98
74.88
74.77
74.65
74.53
74.41
74.31
74.25
74.24
74.27
74.33
74.40
74.46
74.49
74.49
74.46
74.41
74.39
74.39
74.42
74.47
74.54
74.61
74.68
74.75
74.81
74.86
74.85
74.77
74.62
74.43
74.22
74.09
74.06
74.14
74.30
74.50
74.66
74.77
74.81
74.79
74.73
74.79
74.99
75.34
75.78
76.21
76.58
76.86
77.07
77.21
77.27
77.25
77.18
77.06
76.93
76.70
76.38
75.98
75.54
75.09
74.70
74.37
74.12
73.94
73.81
73.68
73.53
73.34
73.13
72.93
72.79
72.73
72.76
72.84
72.96
73.08
73.17
73.22
73.24
73.25
73.32
73.47
73.71
74.01
74.32
74.60
74.83
75.00
75.12
75.20
75.19
75.09
74.91
74.68
74.43
74.18
73.94
73.72
73.53
73.37
73.32
73.38
73.57
73.83
74.05
74.18
74.22
74.17
74.08
73.99
73.91
73.86
73.83
73.82
73.85
73.92
74.02
74.15
74.28
74.36
74.37
74.30
74.19
74.04
73.97
73.98
74.10
74.28
74.50
74.68
74.80
74.84
74.82
74.77
74.69
74.59
74.50
74.40
74.31
74.24
74.17
74.11
74.07
74.03
74.00
73.99
73.97
73.97
73.96
73.96
73.96
73.97
73.97
73.98
74.01
74.07
74.16
74.27
74.39
74.45
74.44
74.36
74.23
74.12
74.07
74.08
74.14
74.23
74.33
74.44
74.54
74.64
74.73
74.83
74.95
75.09
75.24
75.38
75.49
75.55
75.57
75.55
75.50
75.39
75.21
74.97
74.69
74.41
74.16
73.97
73.83
73.75
73.70
73.71
73.77
73.88
74.02
74.17
74.31
74.46
74.58
74.69
74.79
74.79
74.68
74.46
74.17
73.85
73.67
73.65
73.81
74.10
74.45
74.81
75.14
75.42
75.64
75.82
75.90
75.88
75.77
75.59
75.38
75.17
74.95
74.75
74.57
74.44
74.36
74.34
74.36
74.41
74.45
74.47
74.46
74.42
74.38
74.35
74.35
74.39
74.45
74.52
74.65
74.84
75.08
75.36
75.64
75.83
75.91
75.86
75.72
75.54
75.35
75.19
75.07
74.98
74.91
74.87
74.85
74.85
74.85
74.86
74.88
74.89
74.91
74.93
74.94
75.01
75.14
75.33
75.55
75.78
75.96
76.05
76.07
76.02
75.93
75.82
75.70
75.57
75.46
75.27
75.01
74.66
74.27
73.88
73.53
73.25
73.03
72.88
72.78
72.64
72.45
72.18
71.87
71.56
71.41
71.48
71.77
72.19
72.70
73.20
73.66
74.06
74.38
74.65
74.85
75.00
75.10
75.17
75.21
75.23
75.23
75.21
75.19
75.17
75.17
75.20
75.26
75.35
75.44
75.51
75.55
75.54
75.51
75.46
75.32
75.08
74.75
74.38
73.98
73.76
73.76
73.98
74.35
74.80
75.18
75.44
75.55
75.54
75.47
75.39
75.31
75.24
75.18
75.07
74.91
74.70
74.46
74.21
73.97
73.76
73.56
73.40
73.26
73.20
73.23
73.35
73.52
73.71
73.87
73.96
73.97
73.92
73.84
73.77
73.71
73.69
73.69
73.71
73.74
73.77
73.81
73.84
73.88
73.93
74.02
74.13
74.25
74.38
74.45
74.44
74.37
74.24
74.08
73.99
74.00
74.11
74.29
74.51
74.71
74.88
75.01
75.10
75.16
75.13
75.03
74.85
74.63
74.38
74.19
74.07
74.04
74.07
74.08
74.06
73.99
73.89
73.77
73.73
73.78
73.93
74.15
74.40
74.66
74.92
75.15
75.37
75.55
75.73
75.91
76.09
76.27
76.43
76.52
76.53
76.46
76.33
76.16
75.96
75.73
75.47
75.21
74.97
74.72
74.46
74.21
73.96
73.74
73.57
73.46
73.41
73.41
73.44
73.47
73.47
73.45
73.41
73.36
73.36
73.42
73.55
73.71
73.90
74.12
74.35
74.61
74.86
75.10
75.29
75.42
75.49
75.51
75.47
75.38
75.24
75.08
74.91
74.66
74.33
73.92
73.47
73.03
72.64
72.32
72.08
71.90
71.78
71.74
71.76
71.85
71.97
72.10
72.25
72.39
72.52
72.64
72.74
72.78
72.73
72.60
72.43
72.23
72.11
72.08
72.17
72.32
72.52
72.74
72.96
73.17
73.36
73.53
73.76
74.04
74.41
74.80
75.19
75.45
75.56
75.50
75.32
75.08
74.90
74.83
74.90
75.06
75.28
75.39
75.35
75.15
74.83
74.57
74.41
74.38
74.45
74.58
74.66
74.68
74.60
74.45
74.28
74.16
74.14
74.23
74.38
74.58
74.74
74.83
74.86
74.83
74.77
74.68
74.58
74.48
74.39
74.30
74.17
73.99
73.76
73.50
73.24
73.12
73.18
73.43
73.79
74.22
74.61
74.94
75.17
75.32
75.41
75.37
75.20
74.91
74.56
74.17
73.75
73.33
72.91
72.51
72.15
71.97
71.99
72.22
72.59
73.02
73.46
73.86
74.21
74.49
74.69
74.80
74.84
74.82
74.77
74.69
74.59
74.50
74.40
74.31
74.13
73.83
73.42
72.95
72.46
72.15
72.05
72.20
72.50
72.90
73.27
73.55
73.72
73.80
73.81
73.80
73.80
73.80
73.82
73.84
73.86
73.88
73.90
73.93
73.94
74.01
74.14
74.33
74.55
74.79
74.93
74.97
74.90
74.74
74.54
74.37
74.26
74.22
74.23
74.28
74.36
74.44
74.53
74.62
74.70
74.83
75.01
75.24
75.50
75.62
75.58
75.37
75.03
74.64
74.27
73.98
73.77
73.64
73.56
73.48
73.37
73.22
73.05
72.88
72.79
72.80
72.93
73.13
73.37
73.65
73.96
74.29
74.61
74.91
75.07
75.07
74.91
74.64
74.31
73.95
73.60
73.27
72.97
72.70
72.54
72.47
72.50
72.61
72.76
72.90
73.02
73.10
73.15
73.18
73.22
73.27
73.35
73.44
73.53
73.59
73.62
73.60
73.56
73.50
73.43
73.36
73.29
73.23
73.22
73.29
73.43
73.61
73.81
73.93
73.96
73.87
73.71
73.50
73.31
73.14
73.01
72.93
72.87
72.86
72.90
72.99
73.11
73.24
73.34
73.41
73.44
73.43
73.40
73.39
73.40
73.44
73.50
73.56
73.61
73.62
73.59
73.54
73.48
73.46
73.51
73.62
73.77
73.94
74.04
74.04
73.93
73.75
73.53
73.40
73.39
73.53
73.76
74.04
74.34
74.64
74.92
75.18
75.40
75.51
75.49
75.34
75.12
74.84
74.55
74.27
74.00
73.76
73.58
73.46
73.40
73.40
73.42
73.50
73.62
73.78
73.96
74.14
74.31
74.46
74.60
74.72
74.82
74.90
74.96
75.00
75.03
75.05
75.07
75.07
75.07
75.06
75.06
75.02
74.96
74.86
74.75
74.63
74.48
74.32
74.13
73.94
73.75
73.61
73.52
73.48
73.48
73.51
73.58
73.69
73.84
74.01
74.18
74.26
74.24
74.10
73.90
73.65
73.44
73.30
73.24
73.23
73.33
73.51
73.77
74.07
74.38
74.64
74.81
74.88
74.89
74.85
74.66
74.34
73.88
73.35
72.80
72.37
72.11
72.02
72.07
72.20
72.45
72.78
73.19
73.62
74.05
74.41
74.66
74.80
74.86
74.85
74.75
74.56
74.28
73.97
73.65
73.33
73.04
72.78
72.56
72.37
72.30
72.35
72.53
72.79
73.09
73.32
73.45
73.47
73.40
73.28
73.18
73.12
73.13
73.19
73.27
73.42
73.63
73.91
74.22
74.47
74.65
74.75
74.77
74.75
74.74
74.78
74.87
75.00
75.14
75.20
75.17
75.03
74.83
74.58
74.38
74.25
74.20
74.20
74.25
74.27
74.24
74.15
74.03
73.89
73.83
73.86
73.99
74.19
74.43
74.68
74.93
75.16
75.36
75.54
75.61
75.56
75.39
75.14
74.85
74.63
74.51
74.50
74.58
74.71
74.89
75.12
75.39
75.65
75.92
76.05
76.03
75.86
75.59
75.26
74.90
74.56
74.23
73.93
73.70
73.54
73.46
73.43
73.43
73.47
73.52
73.59
73.65
73.72
73.81
73.92
74.05
74.20
74.34
74.48
74.60
74.71
74.80
74.88
74.91
74.90
74.84
74.75
74.65
74.63
74.70
74.87
75.10
75.37
75.48
75.40
75.11
74.69
74.19
73.73
73.34
73.05
72.84
72.70
72.60
72.50
72.41
72.32
72.25
72.23
72.29
72.42
72.60
72.80
73.03
73.28
73.55
73.82
74.07
74.21
74.23
74.13
73.95
73.85
73.88
74.06
74.35
74.70
74.96
75.08
75.06
74.94
74.75
74.55
74.36
74.22
74.10
74.01
73.87
73.66
73.37
73.04
72.70
72.42
72.23
72.14
72.12
72.16
72.23
72.32
72.41
72.52
72.61
72.78
73.03
73.36
73.74
74.12
74.41
74.58
74.61
74.55
74.42
74.31
74.24
74.23
74.27
74.33
74.36
74.33
74.24
74.11
73.96
73.91
73.99
74.20
74.50
74.85
75.07
75.13
75.00
74.75
74.46
74.16
73.89
73.65
73.45
73.34
73.32
73.40
73.54
73.72
73.88
74.02
74.11
74.17
74.21
74.22
74.21
74.20
74.18
74.16
74.18
74.27
74.43
74.62
74.83
74.96
74.99
74.90
74.73
74.53
74.30
74.07
73.85
73.66
73.48
73.39
73.38
73.46
73.60
73.78
73.91
73.98
73.98
73.92
73.84
73.73
73.62
73.50
73.40
73.30
73.19
73.07
72.92
72.77
72.62
72.56
72.62
72.78
73.01
73.28
73.56
73.83
74.09
74.32
74.46
74.51
74.46
74.35
74.20
74.08
74.03
74.04
74.10
74.18
74.29
74.40
74.51
74.62
74.71
74.77
74.78
74.74
74.68
74.60
74.48
74.33
74.16
73.98
73.80
73.68
73.64
73.69
73.79
73.93
74.03
74.07
74.04
73.97
73.86
73.80
73.79
73.85
73.95
74.08
74.14
74.10
73.97
73.77
73.53
73.34
73.21
73.17
73.18
73.23
73.31
73.40
73.50
73.59
73.68
73.76
73.83
73.88
73.93
73.97
73.99
74.01
74.02
74.03
74.04
74.04
74.04
74.03
74.03
74.02
74.02
74.02
74.01
74.01
73.98
73.92
73.83
73.72
73.61
73.49
73.39
73.29
73.21
73.14
73.11
73.13
73.18
73.27
73.36
73.44
73.48
73.49
73.46
73.42
73.42
73.48
73.61
73.77
73.94
74.13
74.30
74.46
74.60
74.72
74.76
74.73
74.61
74.44
74.25
74.12
74.10
74.18
74.34
74.53
74.67
74.72
74.66
74.53
74.33
74.08
73.79
73.49
73.21
73.02
72.96
73.02
73.17
73.37
73.55
73.67
73.72
73.71
73.67
73.56
73.36
73.10
72.81
72.50
72.29
72.19
72.22
72.33
72.50
72.76
73.08
73.46
73.87
74.26
74.61
74.88
75.08
75.22
75.30
75.21
74.93
74.48
73.92
73.32
72.80
72.41
72.16
72.04
72.00
72.00
72.01
72.02
72.03
72.03
72.06
72.11
72.20
72.30
72.41
72.57
72.79
73.06
73.35
73.59
73.76
73.83
73.84
73.80
73.73
73.64
73.54
73.45
73.36
73.33
73.37
73.48
73.65
73.83
73.92
73.88
73.69
73.42
73.10
72.84
72.69
72.65
72.69
72.79
72.95
73.16
73.41
73.66
73.92
74.20
74.53
74.89
75.25
75.60
75.76
75.70
75.40
74.96
74.44
74.00
73.69
73.54
73.51
73.58
73.64
73.68
73.67
73.63
73.57
73.54
73.58
73.68
73.82
73.99
74.10
74.15
74.12
74.04
73.98
73.97
74.02
74.10
74.21
74.33
74.44
74.56
74.66
74.75
74.80
74.81
74.77
74.70
74.61
74.49
74.34
74.17
73.98
73.80
73.65
73.56
73.51
73.51
73.53
73.60
73.71
73.85
74.02
74.18
74.32
74.41
74.45
74.45
74.43
74.37
74.26
74.12
73.96
73.80
73.64
73.50
73.37
73.26
73.17
73.13
73.13
73.17
73.25
73.35
73.42
73.46
73.47
73.45
73.41
73.33
73.22
73.08
72.92
72.84
72.86
72.99
73.19
73.42
73.64
73.83
73.97
74.07
74.14
74.26
74.45
74.72
75.03
75.35
75.51
75.45
75.18
74.76
74.27
73.80
73.41
73.11
72.89
72.75
72.63
72.53
72.43
72.34
72.26
72.18
72.12
72.07
72.04
72.01
71.99
71.97
71.97
71.96
71.96
71.99
72.05
72.14
72.25
72.37
72.51
72.68
72.87
73.06
73.24
73.41
73.56
73.69
73.80
73.88
73.87
73.75
73.51
73.22
72.94
72.73
72.59
72.52
72.49
72.55
72.70
72.93
73.20
73.48
73.74
73.94
74.09
74.19
74.25
74.25
74.20
74.10
73.97
73.82
73.71
73.63
73.59
73.59
73.61
73.62
73.60
73.56
73.50
73.43
73.41
73.46
73.57
73.73
73.91
74.06
74.18
74.26
74.30
74.31
74.32
74.36
74.42
74.49
74.57
74.65
74.72
74.79
74.84
74.89
74.88
74.80
74.64
74.45
74.23
74.04
73.89
73.80
73.74
73.76
73.88
74.07
74.31
74.56
74.85
75.15
75.46
75.76
76.03
76.20
76.24
76.14
75.96
75.73
75.48
75.22
74.98
74.75
74.55
74.33
74.08
73.79
73.49
73.20
73.04
73.04
73.19
73.45
73.76
74.08
74.36
74.60
74.78
74.92
74.92
74.76
74.45
74.04
73.60
73.28
73.14
73.19
73.38
73.65
73.88
74.04
74.10
74.08
74.00
73.87
73.70
73.48
73.25
73.02
72.91
72.95
73.14
73.42
73.76
74.12
74.47
74.79
75.09
75.29
75.39
75.38
75.31
75.18
75.01
74.79
74.54
74.28
74.04
73.89
73.85
73.95
74.12
74.34
74.48
74.50
74.38
74.17
73.90
73.64
73.41
73.23
73.09
72.98
72.94
72.95
73.02
73.11
73.23
73.35
73.47
73.58
73.69
73.77
73.90
74.07
74.30
74.55
74.80
75.01
75.18
75.28
75.34
75.36
75.31
75.17
74.96
74.70
74.44
74.20
74.01
73.87
73.79
73.79
73.88
74.06
74.29
74.54
74.74
74.87
74.91
74.90
74.84
74.83
74.90
75.06
75.28
75.52
75.69
75.76
75.72
75.59
75.42
75.25
75.10
75.00
74.92
74.87
74.87
74.92
75.01
75.13
75.25
75.30
75.26
75.10
74.88
74.63
74.36
74.10
73.86
73.65
73.46
73.33
73.27
73.26
73.29
73.35
73.46
73.60
73.78
73.96
74.15
74.33
74.49
74.63
74.74
74.84
74.92
74.97
75.02
75.04
74.98
74.82
74.55
74.23
73.89
73.68
73.64
73.80
74.08
74.43
74.73
74.95
75.05
75.06
75.01
74.85
74.56
74.17
73.73
73.28
72.89
72.60
72.41
72.32
72.28
72.30
72.35
72.42
72.50
72.58
72.63
72.65
72.63
72.58
72.51
72.49
72.53
72.64
72.79
72.95
73.15
73.38
73.63
73.87
74.10
74.26
74.33
74.31
74.22
74.10
74.03
74.05
74.17
74.35
74.56
74.76
74.93
75.05
75.13
75.18
75.13
74.96
74.69
74.35
73.99
73.63
73.29
72.99
72.72
72.57
72.56
72.68
72.89
73.15
73.46
73.80
74.15
74.50
74.82
75.08
75.28
75.40
75.46
75.48
75.36
75.10
74.70
74.22
73.71
73.31
73.07
73.01
73.07
73.22
73.41
73.64
73.87
74.09
74.29
74.45
74.54
74.58
74.58
74.55
74.55
74.60
74.71
74.86
75.02
75.11
75.10
74.98
74.79
74.56
74.31
74.07
73.85
73.64
73.47
73.32
73.20
73.10
73.03
72.95
72.86
72.75
72.63
72.51
72.43
72.39
72.39
72.43
72.49
72.60
72.79
73.04
73.32
73.60
73.90
74.21
74.53
74.82
75.10
75.25
75.28
75.18
75.00
74.76
74.53
74.32
74.16
74.04
73.95
73.89
73.86
73.84
73.84
73.84
73.91
74.04
74.24
74.47
74.71
74.90
75.01
75.03
74.99
74.91
74.81
74.69
74.57
74.46
74.35
74.29
74.27
74.29
74.35
74.42
74.45
74.42
74.32
74.18
74.13
74.19
74.39
74.66
74.98
75.18
75.21
75.07
74.80
74.46
74.09
73.73
73.37
73.05
72.77
72.59
72.51
72.53
72.63
72.77
72.88
72.93
72.92
72.87
72.78
72.71
72.66
72.64
72.65
72.67
72.79
73.00
73.31
73.67
74.04
74.36
74.59
74.72
74.77
74.76
74.61
74.31
73.87
73.36
72.82
72.45
72.30
72.39
72.65
73.01
73.40
73.76
74.09
74.37
74.59
74.75
74.83
74.84
74.81
74.71
74.57
74.38
74.18
73.97
73.83
73.77
73.79
73.87
73.98
74.12
74.26
74.40
74.53
74.65
74.72
74.75
74.72
74.67
74.60
74.57
74.60
74.69
74.83
74.99
75.07
75.06
74.94
74.76
74.53
74.29
74.06
73.83
73.63
73.46
73.37
73.36
73.45
73.59
73.76
73.98
74.22
74.49
74.76
75.01
75.19
75.28
75.27
75.20
75.08
74.97
74.88
74.82
74.79
74.78
74.76
74.72
74.65
74.57
74.48
74.39
74.31
74.23
74.17
74.17
74.24
74.38
74.57
74.78
74.91
74.94
74.86
74.70
74.50
74.33
74.22
74.19
74.21
74.26
74.31
74.35
74.35
74.34
74.31
74.32
74.40
74.54
74.71
74.90
75.04
75.11
75.10
75.03
74.93
74.81
74.68
74.56
74.44
74.33
74.27
74.25
74.27
74.33
74.41
74.49
74.58
74.66
74.74
74.81
74.84
74.83
74.78
74.70
74.61
74.54
74.50
74.50
74.53
74.60
74.71
74.86
75.02
75.19
75.30
75.33
75.28
75.18
75.04
74.81
74.49
74.07
73.62
73.16
72.80
72.58
72.50
72.52
72.61
72.75
72.92
73.09
73.26
73.42
73.51
73.52
73.44
73.31
73.15
73.08
73.14
73.33
73.61
73.93
74.16
74.26
74.21
74.05
73.83
73.58
73.32
73.07
72.84
72.63
72.42
72.21
72.00
71.80
71.62
71.54
71.57
71.72
71.95
72.22
72.51
72.79
73.05
73.28
73.48
73.65
73.79
73.90
73.98
74.06
74.16
74.27
74.39
74.50
74.61
74.71
74.79
74.86
74.92
74.96
74.99
75.02
75.03
75.04
75.04
75.05
75.04
75.04
75.04
74.95
74.77
74.50
74.18
73.83
73.52
73.26
73.06
72.92
72.83
72.77
72.74
72.74
72.75
72.77
72.82
72.91
73.03
73.16
73.30
73.41
73.48
73.50
73.49
73.45
73.43
73.44
73.47
73.52
73.58
73.59
73.54
73.42
73.26
73.11
72.99
72.90
72.84
72.81
72.80
72.80
72.82
72.83
72.86
72.91
72.99
73.10
73.22
73.35
73.50
73.68
73.87
74.06
74.25
74.34
74.32
74.18
73.97
73.71
73.47
73.26
73.10
72.98
72.90
72.95
73.16
73.50
73.93
74.40
74.81
75.13
75.36
75.49
75.56
75.42
75.06
74.48
73.78
73.04
72.43
72.03
71.85
71.84
71.94
72.13
72.36
72.61
72.86
73.09
73.31
73.49
73.65
73.78
73.91
74.04
74.19
74.34
74.47
74.57
74.62
74.63
74.59
74.54
74.47
74.40
74.33
74.26
74.20
74.09
73.93
73.72
73.47
73.22
72.98
72.76
72.57
72.40
72.26
72.31
72.57
73.04
73.64
74.29
74.83
75.23
75.44
75.51
75.47
75.35
75.15
74.89
74.61
74.33
74.14
74.07
74.12
74.26
74.44
74.63
74.80
74.93
75.02
75.08
75.04
74.89
74.63
74.31
73.96
73.64
73.36
73.15
73.00
72.94
72.98
73.12
73.32
73.55
73.76
73.93
74.06
74.14
74.20
74.25
74.31
74.39
74.48
74.57
74.71
74.91
75.15
75.43
75.70
75.86
75.87
75.72
75.47
75.17
74.81
74.42
74.02
73.63
73.27
72.98
72.76
72.62
72.54
72.51
72.52
72.55
72.59
72.65
72.70
72.76
72.81
72.85
72.90
72.93
73.01
73.15
73.34
73.57
73.80
74.00
74.16
74.26
74.31
74.34
74.31
74.23
74.11
73.97
73.74
73.41
73.01
72.56
72.11
71.84
71.80
71.99
72.34
72.78
73.18
73.49
73.68
73.78
73.81
73.89
74.06
74.34
74.67
75.03
75.28
75.39
75.34
75.18
74.95
74.73
74.57
74.48
74.45
74.45
74.41
74.28
74.08
73.82
73.54
73.37
73.34
73.46
73.68
73.96
74.16
74.23
74.17
74.00
73.78
73.56
73.36
73.20
73.08
72.99
72.93
72.89
72.86
72.86
72.86
72.89
72.96
73.07
73.19
73.32
73.45
73.57
73.67
73.77
73.84
73.90
73.95
73.99
74.02
73.95
73.79
73.53
73.21
72.87
72.61
72.46
72.44
72.51
72.64
72.88
73.23
73.68
74.17
74.66
75.13
75.57
75.94
76.27
76.53
76.66
76.65
76.50
76.26
75.98
75.67
75.36
75.08
74.82
74.59
74.38
74.17
73.96
73.76
73.58
73.45
73.37
73.35
73.37
73.42
73.54
73.73
73.98
74.27
74.56
74.73
74.76
74.64
74.41
74.17
73.97
73.83
73.74
73.69
73.70
73.76
73.87
74.01
74.16
74.31
74.45
74.58
74.69
74.79
74.81
74.76
74.63
74.45
74.25
74.09
74.00
74.00
74.04
74.13
74.16
74.10
73.95
73.74
73.50
73.35
73.34
73.48
73.71
73.99
74.21
74.35
74.37
74.31
74.20
74.09
73.99
73.92
73.87
73.85
73.84
73.84
73.85
73.87
73.89
73.88
73.84
73.77
73.67
73.57
73.47
73.38
73.29
73.21
73.15
73.15
73.22
73.37
73.55
73.76
73.98
74.18
74.37
74.53
74.67
74.79
74.88
74.95
75.01
75.10
75.23
75.42
75.64
75.87
76.03
76.12
76.12
76.06
75.96
75.74
75.38
74.89
74.34
73.78
73.26
72.82
72.47
72.19
71.99
71.88
71.84
71.88
71.97
72.08
72.24
72.43
72.65
72.87
73.09
73.24
73.30
73.28
73.19
73.07
73.00
73.03
73.15
73.33
73.55
73.73
73.84
73.87
73.85
73.79
73.81
73.94
74.20
74.53
74.70
74.67
74.39
73.97
73.46
72.99
72.63
72.39
72.26
72.21
72.21
72.26
72.33
72.42
72.51
72.54
72.51
72.41
72.27
72.09
71.97
71.91
71.93
72.00
72.10
72.30
72.60
72.99
73.42
73.86
74.26
74.59
74.85
75.03
75.16
75.19
75.12
74.96
74.74
74.49
74.29
74.17
74.12
74.13
74.19
74.25
74.29
74.30
74.29
74.27
74.27
74.29
74.35
74.42
74.50
74.56
74.58
74.57
74.53
74.45
74.32
74.17
73.99
73.82
73.66
73.50
73.37
73.26
73.17
73.17
73.29
73.51
73.80
74.13
74.40
74.59
74.70
74.74
74.72
74.65
74.52
74.35
74.16
73.96
73.85
73.85
73.97
74.15
74.38
74.61
74.80
74.94
75.04
75.11
75.10
75.01
74.84
74.62
74.38
74.22
74.16
74.22
74.35
74.54
74.69
74.79
74.81
74.79
74.73
74.67
74.64
74.64
74.65
74.68
74.64
74.51
74.28
74.00
73.70
73.40
73.11
72.85
72.62
72.43
72.27
72.14
72.05
71.98
72.04
72.24
72.58
73.00
73.46
73.83
74.09
74.21
74.24
74.18
74.06
73.87
73.64
73.40
73.15
72.94
72.78
72.68
72.63
72.61
72.68
72.82
73.03
73.29
73.56
73.75
73.82
73.78
73.66
73.48
73.33
73.23
73.21
73.23
73.29
73.26
73.12
72.86
72.52
72.15
71.93
71.92
72.13
72.48
72.91
73.36
73.77
74.12
74.42
74.60
74.67
74.63
74.52
74.36
74.14
73.89
73.62
73.34
73.07
72.82
72.61
72.42
72.27
72.15
72.17
72.33
72.64
73.03
73.47
73.88
74.25
74.54
74.77
74.95
75.05
75.07
75.03
74.95
74.84
74.72
74.60
74.48
74.37
74.27
74.25
74.29
74.42
74.59
74.78
74.88
74.85
74.67
74.40
74.09
73.78
73.51
73.30
73.13
73.01
72.87
72.69
72.48
72.26
72.03
71.87
71.79
71.80
71.87
72.03
72.28
72.60
72.95
73.31
73.78
74.38
75.10
75.86
76.62
77.17
77.47
77.49
77.32
77.02
76.74
76.51
76.37
76.31
76.31
76.34
76.40
76.47
76.55
76.63
76.57
76.35
75.97
75.49
74.96
74.44
73.94
73.48
73.09
72.75
72.58
72.59
72.78
73.09
73.46
73.77
73.99
74.09
74.10
74.05
73.96
73.85
73.72
73.59
73.47
73.34
73.18
73.01
72.84
72.67
72.60
72.64
72.79
73.01
73.22
73.39
73.48
73.52
73.52
73.52
73.53
73.56
73.61
73.66
73.77
73.94
74.17
74.43
74.69
74.81
74.76
74.52
74.17
73.75
73.45
73.30
73.34
73.52
73.77
74.07
74.38
74.68
74.97
75.22
75.31
75.20
74.91
74.49
74.01
73.60
73.29
73.11
73.03
73.03
73.00
72.91
72.74
72.54
72.31
72.16
72.11
72.18
72.33
72.52
72.65
72.70
72.64
72.51
72.34
72.25
72.29
72.46
72.71
72.98
73.24
73.47
73.65
73.80
73.91
74.00
74.06
74.10
74.12
74.13
74.13
74.12
74.11
74.09
73.97
73.73
73.36
72.92
72.46
72.00
71.57
71.19
70.86
70.58
70.49
70.60
70.91
71.35
71.85
72.31
72.70
72.99
73.20
73.33
73.40
73.43
73.43
73.41
73.37
73.38
73.44
73.57
73.74
73.92
74.08
74.20
74.28
74.31
74.32
74.31
74.29
74.26
74.22
74.18
74.17
74.20
74.26
74.34
74.43
74.53
74.62
74.70
74.78
74.87
74.98
75.11
75.25
75.39
75.44
75.38
75.22
74.98
74.71
74.40
74.07
73.73
73.40
73.09
72.90
72.83
72.90
73.07
73.28
73.55
73.86
74.19
74.52
74.83
75.11
75.35
75.55
75.72
75.85
75.98
76.11
76.25
76.39
76.52
76.53
76.40
76.13
75.77
75.37
75.02
74.74
74.56
74.46
74.42
74.42
74.45
74.50
74.57
74.63
74.57
74.34
73.95
73.47
73.05
72.76
72.62
72.59
72.65
72.73
72.82
72.89
72.95
72.99
73.02
73.04
73.05
73.06
73.06
73.03
72.97
72.87
72.76
72.64
72.55
72.49
72.48
72.50
72.54
72.62
72.74
72.89
73.05
73.22
73.38
73.52
73.65
73.75
73.84
73.83
73.71
73.49
73.19
72.87
72.57
72.32
72.12
71.98
71.88
71.79
71.70
71.60
71.49
71.40
71.36
71.39
71.50
71.66
71.84
72.03
72.22
72.39
72.54
72.73
72.95
73.22
73.50
73.78
74.04
74.27
74.47
74.64
74.78
74.92
75.06
75.21
75.35
75.49
75.59
75.64
75.64
75.60
75.55
75.45
75.32
75.16
74.98
74.81
74.61
74.41
74.19
73.97
73.76
73.60
73.50
73.46
73.45
73.48
73.50
73.50
73.48
73.43
73.38
73.37
73.43
73.55
73.72
73.90
73.98
73.93
73.74
73.46
73.13
72.90
72.79
72.83
72.98
73.19
73.43
73.69
73.94
74.17
74.40
74.64
74.87
75.10
75.31
75.44
75.48
75.43
75.31
75.17
75.03
74.91
74.84
74.80
74.78
74.75
74.70
74.63
74.55
74.46
74.35
74.21
74.05
73.88
73.71
73.56
73.42
73.30
73.20
73.12
73.03
72.93
72.80
72.68
72.55
72.51
72.58
72.75
73.00
73.27
73.51
73.67
73.75
73.76
73.73
73.73
73.76
73.85
73.98
74.12
74.27
74.41
74.54
74.66
74.76
74.81
74.82
74.79
74.72
74.66
74.62
74.62
74.63
74.66
74.70
74.75
74.79
74.83
74.87
74.88
74.85
74.78
74.70
74.60
74.44
74.23
73.96
73.67
73.38
73.18
73.09
73.14
73.27
73.45
73.58
73.63
73.58
73.46
73.29
73.19
73.17
73.26
73.41
73.61
73.82
74.03
74.22
74.41
74.56
74.70
74.81
74.90
74.96
75.01
75.02
74.98
74.91
74.80
74.69
74.52
74.29
74.01
73.70
73.40
73.22
73.18
73.31
73.55
73.76
73.91
73.97
73.95
73.90
73.83
73.78
73.76
73.76
73.77
73.71
73.56
73.32
73.03
72.72
72.41
72.11
71.85
71.62
71.42
71.37
71.47
71.73
72.09
72.50
72.86
73.15
73.35
73.47
73.52
73.46
73.26
72.96
72.58
72.18
71.92
71.83
71.94
72.18
72.50
72.91
73.39
73.92
74.45
74.96
75.38
75.67
75.85
75.92
75.93
75.91
75.88
75.87
75.87
75.88
75.86
75.82
75.75
75.65
75.53
75.37
75.19
75.00
74.81
74.61
74.39
74.17
73.95
73.74
73.56
73.40
73.27
73.16
73.08
72.96
72.80
72.59
72.36
72.13
71.98
71.95
72.04
72.20
72.41
72.73
73.13
73.63
74.15
74.67
75.03
75.18
75.12
74.91
74.61
74.34
74.14
74.05
74.04
74.08
74.08
74.01
73.85
73.64
73.41
73.25
73.19
73.24
73.38
73.56
73.71
73.80
73.82
73.80
73.73
73.68
73.64
73.64
73.65
73.60
73.47
73.24
72.96
72.66
72.36
72.08
71.83
71.60
71.41
71.34
71.39
71.56
71.82
72.11
72.36
72.55
72.65
72.68
72.67
72.63
72.56
72.49
72.41
72.33
72.34
72.45
72.66
72.93
73.24
73.54
73.83
74.10
74.34
74.54
74.68
74.75
74.76
74.73
74.67
74.54
74.33
74.07
73.77
73.47
73.26
73.16
73.20
73.31
73.49
73.66
73.82
73.94
74.02
74.08
74.12
74.14
74.14
74.14
74.10
74.03
73.93
73.80
73.68
73.52
73.35
73.15
72.95
72.76
72.70
72.77
73.00
73.32
73.68
74.04
74.35
74.60
74.80
74.95
75.09
75.22
75.35
75.48
75.60
75.67
75.70
75.69
75.64
75.57
75.50
75.41
75.33
75.26
75.20
75.14
75.09
75.06
75.03
75.00
74.96
74.89
74.80
74.69
74.58
74.55
74.62
74.79
75.03
75.31
75.43
75.36
75.08
74.66
74.17
73.77
73.50
73.39
73.40
73.36
73.22
72.94
72.60
72.21
71.94
71.80
71.82
71.95
72.15
72.44
72.81
73.24
73.69
74.13
74.43
74.56
74.52
74.35
74.11
73.86
73.62
73.42
73.26
73.13
73.09
73.13
73.26
73.45
73.66
73.85
74.01
74.12
74.19
74.23
74.25
74.24
74.23
74.21
74.18
74.20
74.29
74.44
74.63
74.84
74.97
74.99
74.90
74.73
74.53
74.27
73.99
73.68
73.38
73.09
72.91
72.85
72.93
73.10
73.26
73.39
73.46
73.48
73.47
73.47
73.48
73.51
73.57
73.62
73.66
73.66
73.63
73.57
73.50
73.45
73.43
73.45
73.49
73.55
73.61
73.68
73.74
73.80
73.85
73.92
74.01
74.13
74.26
74.39
74.54
74.71
74.90
75.09
75.27
75.31
75.17
74.84
74.41
73.93
73.51
73.21
73.04
72.97
72.97
73.06
73.21
73.41
73.64
73.87
74.09
74.30
74.48
74.63
74.76
74.86
74.94
75.00
75.04
75.07
75.03
74.92
74.74
74.52
74.34
74.22
74.18
74.20
74.25
74.27
74.25
74.17
74.04
73.90
73.76
73.61
73.48
73.36
73.26
73.23
73.27
73.40
73.57
73.77
73.97
74.17
74.35
74.52
74.66
74.77
74.87
74.94
74.99
75.03
75.06
75.07
75.08
75.08
75.07
74.99
74.81
74.53
74.20
73.85
73.64
73.61
73.77
74.05
74.41
74.66
74.76
74.69
74.49
74.22
73.94
73.68
73.46
73.28
73.14
73.06
73.04
73.08
73.16
73.26
73.36
73.47
73.58
73.68
73.81
74.00
74.24
74.50
74.76
74.99
75.16
75.27
75.33
75.36
75.33
75.26
75.13
74.99
74.83
74.65
74.45
74.23
74.02
73.81
73.59
73.37
73.14
72.92
72.71
72.59
72.54
72.59
72.70
72.85
72.96
73.01
73.00
72.93
72.84
72.72
72.61
72.49
72.39
72.29
72.18
72.06
71.91
71.76
71.61
71.56
71.61
71.78
72.01
72.28
72.59
72.92
73.26
73.60
73.85
74.01
74.07
74.05
73.99
73.94
73.94
73.99
74.08
74.20
74.27
74.27
74.21
74.10
73.97
73.85
73.76
73.71
73.69
73.69
73.68
73.66
73.60
73.53
73.45
73.43
73.47
73.58
73.73
73.90
74.03
74.09
74.08
74.01
73.91
73.79
73.66
73.54
73.42
73.32
73.18
72.99
72.75
72.49
72.22
72.00
71.83
71.72
71.66
71.63
71.72
71.91
72.21
72.57
72.95
73.27
73.51
73.65
73.72
73.72
73.69
73.63
73.55
73.47
73.36
73.22
73.06
72.89
72.73
72.73
72.94
73.35
73.89
74.49
74.96
75.25
75.34
75.27
75.11
74.88
74.61
74.35
74.08
73.84
73.74
73.78
73.99
74.29
74.65
74.87
74.89
74.70
74.37
73.96
73.59
73.32
73.16
73.09
73.10
73.25
73.57
74.02
74.55
75.11
75.57
75.91
76.09
76.17
76.15
76.00
75.73
75.33
74.88
74.40
73.92
73.43
72.97
72.53
72.25
72.15
72.23
72.44
72.72
72.98
73.19
73.33
73.41
73.45
73.50
73.59
73.73
73.90
74.07
74.19
74.24
74.20
74.11
73.99
73.88
73.80
73.75
73.73
73.73
73.74
73.77
73.80
73.83
73.86
73.86
73.83
73.76
73.68
73.58
73.48
73.39
73.30
73.22
73.16
73.05
72.89
72.68
72.44
72.20
72.04
72.00
72.07
72.23
72.43
72.66
72.89
73.11
73.31
73.49
73.67
73.85
74.04
74.23
74.42
74.63
74.85
75.07
75.27
75.39
75.44
75.39
75.28
75.14
74.87
74.47
73.96
73.38
72.80
72.32
71.98
71.80
71.74
71.76
71.92
72.21
72.62
73.09
73.57
73.93
74.13
74.16
74.07
73.89
73.69
73.50
73.34
73.21
73.11
73.08
73.14
73.28
73.47
73.69
73.88
74.04
74.15
74.21
74.25
74.18
74.00
73.72
73.37
73.00
72.75
72.63
72.68
72.83
73.06
73.30
73.51
73.69
73.83
73.94
74.02
74.07
74.11
74.12
74.13
74.13
74.12
74.11
74.09
74.08
74.06
74.05
74.04
74.03
74.02
74.01
74.00
74.00
74.00
74.00
73.99
73.99
73.99
73.99
73.91
73.74
73.48
73.16
72.82
72.54
72.34
72.23
72.20
72.22
72.30
72.44
72.62
72.82
73.02
73.19
73.31
73.38
73.40
73.40
73.46
73.59
73.82
74.09
74.39
74.57
74.62
74.51
74.30
74.03
73.76
73.52
73.32
73.16
73.07
73.04
73.07
73.15
73.24
73.38
73.54
73.74
73.94
74.14
74.25
74.24
74.12
73.92
73.68
73.44
73.24
73.09
72.98
72.90
72.90
72.99
73.16
73.38
73.62
73.86
74.09
74.30
74.48
74.64
74.77
74.87
74.95
75.01
75.05
75.10
75.17
75.27
75.37
75.48
75.56
75.59
75.59
75.55
75.50
75.38
75.20
74.95
74.67
74.39
74.12
73.87
73.64
73.45
73.30
73.22
73.24
73.35
73.51
73.68
73.82
73.94
74.02
74.08
74.06
73.96
73.79
73.57
73.34
73.13
72.96
72.85
72.77
72.73
72.75
72.81
72.92
73.05
73.20
73.37
73.56
73.77
73.99
74.19
74.38
74.54
74.68
74.80
74.89
74.98
75.09
75.22
75.35
75.47
75.53
75.52
75.43
75.29
75.13
74.98
74.86
74.78
74.74
74.73
74.76
74.83
74.95
75.08
75.23
75.18
74.92
74.41
73.77
73.06
72.51
72.18
72.10
72.19
72.41
72.70
73.03
73.36
73.69
74.03
74.41
74.81
75.21
75.59
75.82
75.88
75.78
75.55
75.26
74.90
74.51
74.11
73.71
73.34
73.09
72.97
73.00
73.13
73.32
73.51
73.69
73.83
73.94
74.02
74.10
74.19
74.30
74.41
74.52
74.60
74.63
74.62
74.58
74.52
74.40
74.21
73.96
73.68
73.40
73.10
72.79
72.47
72.17
71.90
71.74
71.71
71.81
72.00
72.24
72.53
72.85
73.19
73.52
73.76
73.87
73.84
73.73
73.56
73.46
73.47
73.62
73.85
74.12
74.34
74.45
74.46
74.38
74.26
74.10
73.93
73.77
73.61
73.46
73.39
73.40
73.49
73.64
73.81
73.94
74.01
74.01
73.95
73.86
73.80
73.80
73.86
73.97
74.10
74.23
74.37
74.50
74.62
74.72
74.73
74.63
74.42
74.14
73.83
73.57
73.38
73.29
73.26
73.27
73.25
73.15
72.96
72.73
72.47
72.27
72.13
72.09
72.11
72.19
72.34
72.53
72.74
72.95
73.16
73.35
73.52
73.66
73.78
73.85
73.86
73.83
73.76
73.67
73.63
73.64
73.73
73.85
74.00
74.16
74.32
74.46
74.59
74.71
74.69
74.54
74.25
73.87
73.45
73.10
72.87
72.76
72.76
72.82
72.90
72.97
73.03
73.06
73.09
73.10
73.10
73.10
73.09
73.08
73.17
73.39
73.74
74.15
74.60
74.96
75.20
75.30
75.31
75.24
75.07
74.82
74.49
74.13
73.78
73.49
73.26
73.08
72.95
72.94
73.06
73.30
73.61
73.96
74.18
74.23
74.09
73.83
73.49
73.21
73.01
72.92
72.92
72.97
73.12
73.35
73.65
73.99
74.34
74.69
75.05
75.41
75.74
76.05
76.25
76.36
76.36
76.29
76.17
75.95
75.62
75.19
74.72
74.25
73.83
73.47
73.20
72.99
72.85
72.81
72.88
73.03
73.25
73.50
73.77
74.07
74.39
74.69
74.98
75.15
75.20
75.11
74.94
74.72
74.44
74.13
73.80
73.47
73.14
72.80
72.47
72.16
71.88
71.74
71.77
71.96
72.25
72.61
72.96
73.27
73.53
73.74
73.90
73.99
74.01
73.97
73.89
73.79
73.76
73.81
73.97
74.19
74.44
74.62
74.69
74.66
74.55
74.38
74.22
74.08
73.98
73.91
73.87
73.79
73.67
73.49
73.29
73.08
72.98
73.02
73.20
73.49
73.82
74.11
74.34
74.48
74.55
74.58
74.61
74.69
74.81
74.96
75.12
75.25
75.34
75.39
75.40
75.39
75.36
75.32
75.27
75.23
75.13
74.97
74.76
74.51
74.26
74.04
73.88
73.77
73.70
73.67
73.64
73.60
73.54
73.47
73.39
73.34
73.33
73.36
73.41
73.48
73.61
73.80
74.06
74.34
74.62
74.87
75.06
75.19
75.28
75.32
75.36
75.41
75.47
75.55
75.62
75.59
75.43
75.13
74.76
74.35
74.01
73.79
73.70
73.71
73.78
73.90
74.04
74.19
74.34
74.48
74.55
74.54
74.46
74.32
74.20
74.14
74.14
74.19
74.26
74.28
74.20
74.03
73.81
73.55
73.42
73.46
73.67
74.00
74.39
74.69
74.87
74.90
74.81
74.66
74.51
74.41
74.37
74.38
74.41
74.50
74.62
74.79
74.96
75.14
75.29
75.39
75.44
75.45
75.43
75.35
75.18
74.96
74.69
74.41
74.17
73.98
73.85
73.76
73.71
73.70
73.70
73.72
73.75
73.78
73.89
74.10
74.40
74.75
75.12
75.42
75.63
75.75
75.80
75.78
75.73
75.66
75.57
75.48
75.39
75.30
75.23
75.16
75.11
75.01
74.86
74.66
74.43
74.19
73.93
73.66
73.38
73.11
72.87
72.67
72.54
72.47
72.45
72.47
72.56
72.73
72.97
73.25
73.53
73.79
73.99
74.13
74.22
74.28
74.30
74.30
74.28
74.26
74.22
74.16
74.07
73.95
73.81
73.67
73.54
73.42
73.31
73.22
73.14
73.19
73.37
73.69
74.09
74.53
74.92
75.22
75.42
75.53
75.61
75.68
75.74
75.80
75.85
75.87
75.84
75.78
75.70
75.60
75.50
75.41
75.32
75.24
75.17
75.03
74.81
74.51
74.16
73.81
73.48
73.22
73.02
72.88
72.79
72.77
72.80
72.89
73.01
73.15
73.29
73.43
73.55
73.67
73.76
73.79
73.74
73.61
73.44
73.24
73.14
73.17
73.34
73.60
73.91
74.25
74.57
74.87
75.15
75.39
75.53
75.58
75.53
75.41
75.25
75.07
74.89
74.72
74.56
74.33
74.04
73.67
73.27
72.87
72.59
72.47
72.53
72.70
72.94
73.14
73.26
73.27
73.22
73.11
73.06
73.09
73.21
73.39
73.60
73.82
74.04
74.25
74.43
74.59
74.67
74.67
74.57
74.42
74.24
74.07
73.94
73.85
73.79
73.77
73.79
73.85
73.96
74.09
74.23
74.34
74.42
74.45
74.44
74.42
74.43
74.50
74.62
74.79
74.96
75.04
74.98
74.78
74.49
74.16
73.86
73.63
73.49
73.42
73.43
73.51
73.64
73.81
73.99
74.14
74.25
74.32
74.35
74.35
74.28
74.13
73.92
73.67
73.40
73.14
72.89
72.67
72.48
72.33
72.28
72.35
72.54
72.81
73.11
73.45
73.81
74.18
74.54
74.87
75.08
75.15
75.09
74.94
74.73
74.38
73.90
73.30
72.66
72.01
71.52
71.25
71.21
71.33
71.55
71.87
72.24
72.65
73.07
73.46
73.82
74.13
74.40
74.62
74.79
74.87
74.85
74.74
74.57
74.42
74.32
74.28
74.30
74.35
74.44
74.58
74.75
74.94
75.12
75.22
75.21
75.09
74.89
74.65
74.44
74.31
74.24
74.24
74.28
74.35
74.43
74.52
74.60
74.68
74.73
74.74
74.71
74.64
74.57
74.54
74.57
74.66
74.80
74.96
75.11
75.21
75.28
75.31
75.31
75.27
75.19
75.07
74.93
74.78
74.68
74.66
74.72
74.83
74.97
75.12
75.27
75.42
75.55
75.67
75.66
75.52
75.23
74.85
74.41
73.93
73.44
72.96
72.52
72.27
72.22
72.39
72.70
73.10
73.53
73.96
74.38
74.75
75.08
75.23
75.18
74.91
74.52
74.06
73.59
73.17
72.81
72.52
72.28
72.19
72.23
72.40
72.67
72.97
73.22
73.37
73.39
73.34
73.23
73.17
73.18
73.29
73.46
73.66
73.79
73.82
73.75
73.61
73.42
73.24
73.09
72.98
72.90
72.85
72.85
72.90
72.99
73.11
73.24
73.40
73.58
73.79
74.00
74.20
74.38
74.54
74.68
74.79
74.83
74.78
74.66
74.48
74.28
74.12
74.03
74.02
74.06
74.14
74.22
74.28
74.30
74.30
74.28
74.23
74.14
74.02
73.88
73.73
73.62
73.54
73.52
73.52
73.55
73.60
73.65
73.71
73.76
73.81
73.86
73.90
73.93
73.96
73.98
74.00
74.01
74.01
74.02
74.02
73.94
73.77
73.50
73.18
72.83
72.58
72.43
72.41
72.49
72.62
72.81
73.05
73.32
73.60
73.82
73.95
74.00
73.98
73.91
73.84
73.78
73.76
73.75
73.76
73.78
73.81
73.84
73.86
73.89
73.92
73.94
73.96
73.97
73.98
73.97
73.92
73.83
73.73
73.62
73.59
73.65
73.83
74.06
74.33
74.48
74.46
74.26
73.95
73.57
73.28
73.11
73.09
73.18
73.34
73.49
73.60
73.64
73.63
73.59
73.54
73.47
73.39
73.32
73.25
73.27
73.39
73.61
73.90
74.21
74.52
74.82
75.09
75.33
75.48
75.54
75.49
75.38
75.23
75.00
74.71
74.36
73.99
73.62
73.41
73.39
73.57
73.88
74.26
74.59
74.84
74.96
75.00
74.97
74.82
74.55
74.17
73.73
73.28
72.90
72.61
72.43
72.33
72.30
72.34
72.44
72.60
72.78
72.98
73.14
73.26
73.33
73.37
73.37
73.40
73.49
73.63
73.80
73.98
74.06
74.00
73.80
73.51
73.18
72.93
72.81
72.85
72.99
73.20
73.46
73.77
74.11
74.45
74.63
74.63
74.44
74.12
73.73
73.34
72.98
72.67
72.42
72.23
72.21
72.39
72.76
73.24
73.79
74.20
74.45
74.48
74.38
74.18
73.97
73.81
73.70
73.64
73.62
73.54
73.39
73.16
72.88
72.59
72.27
71.94
71.60
71.28
70.99
70.86
70.93
71.19
71.58
72.04
72.51
72.98
73.42
73.81
74.14
74.43
74.65
74.83
74.97
75.06
75.07
75.00
74.84
74.62
74.39
74.15
73.92
73.71
73.53
73.37
73.32
73.39
73.57
73.84
74.08
74.27
74.40
74.46
74.48
74.44
74.35
74.22
74.06
73.89
73.78
73.74
73.77
73.87
73.99
74.06
74.03
73.90
73.71
73.49
73.30
73.18
73.15
73.16
73.22
73.28
73.31
73.32
73.31
73.29
73.23
73.14
73.01
72.87
72.72
72.61
72.53
72.51
72.52
72.55
72.67
72.90
73.22
73.60
73.99
74.35
74.64
74.87
75.04
75.15
75.22
75.26
75.28
75.27
75.25
75.20
75.11
74.99
74.85
74.68
74.49
74.27
74.05
73.84
73.68
73.57
73.51
73.50
73.52
73.55
73.60
73.66
73.72
73.77
73.85
73.95
74.08
74.22
74.36
74.46
74.53
74.54
74.52
74.48
74.45
74.45
74.48
74.52
74.58
74.59
74.54
74.42
74.26
74.08
73.85
73.56
73.22
72.86
72.51
72.29
72.23
72.33
72.55
72.83
73.12
73.38
73.60
73.77
73.90
74.00
74.07
74.12
74.14
74.15
74.18
74.23
74.30
74.39
74.41
74.33
74.15
73.91
73.64
73.44
73.35
73.37
73.47
73.63
73.75
73.83
73.84
73.80
73.73
73.64
73.55
73.45
73.36
73.27
73.28
73.39
73.61
73.89
74.20
74.46
74.64
74.74
74.76
74.74
74.69
74.61
74.53
74.44
74.35
74.27
74.20
74.15
74.10
74.06
74.00
73.92
73.81
73.69
73.58
73.49
73.44
73.44
73.46
73.51
73.52
73.47
73.36
73.20
73.03
72.83
72.61
72.36
72.12
71.97
71.93
72.01
72.18
72.39
72.66
72.95
73.27
73.58
73.88
74.15
74.38
74.58
74.74
74.86
74.93
74.94
74.90
74.82
74.73
74.54
74.26
73.89
73.47
73.05
72.72
72.52
72.46
72.50
72.61
72.68
72.68
72.59
72.44
72.26
72.20
72.29
72.56
72.93
73.35
73.73
74.04
74.26
74.40
74.47
74.50
74.49
74.46
74.41
74.36
74.33
74.33
74.36
74.42
74.50
74.52
74.48
74.38
74.23
74.09
73.97
73.89
73.84
73.81
73.83
73.89
73.99
74.12
74.25
74.34
74.35
74.28
74.17
74.03
73.87
73.72
73.57
73.44
73.32
73.17
72.97
72.73
72.47
72.20
71.98
71.82
71.71
71.65
71.62
71.65
71.73
71.86
72.01
72.16
72.29
72.38
72.42
72.43
72.41
72.43
72.50
72.63
72.79
72.97
73.07
73.07
72.96
72.78
72.56
72.37
72.25
72.20
72.21
72.26
72.41
72.67
73.03
73.44
73.82
74.11
74.31
74.44
74.50
74.52
74.51
74.47
74.42
74.36
74.24
74.07
73.84
73.58
73.31
73.08
72.90
72.78
72.71
72.67
72.67
72.68
72.70
72.74
72.78
72.84
72.94
73.06
73.20
73.33
73.47
73.59
73.70
73.79
73.86
73.87
73.80
73.66
73.47
73.26
73.12
73.09
73.16
73.32
73.51
73.65
73.70
73.64
73.52
73.34
73.18
73.04
72.94
72.88
72.84
72.82
72.81
72.82
72.84
72.85
72.88
72.90
72.92
72.94
72.95
72.97
72.98
72.99
73.00
73.05
73.17
73.35
73.57
73.79
74.02
74.23
74.42
74.58
74.71
74.83
74.91
74.98
75.03
75.06
75.05
75.00
74.91
74.80
74.68
74.59
74.53
74.52
74.53
74.57
74.51
74.33
74.03
73.66
73.26
72.96
72.81
72.82
72.94
73.14
73.30
73.38
73.36
73.28
73.15
73.05
73.01
73.03
73.10
73.19
73.28
73.33
73.35
73.35
73.36
73.38
73.43
73.50
73.57
73.59
73.55
73.43
73.28
73.10
72.94
72.82
72.75
72.71
72.70
72.76
72.90
73.10
73.35
73.61
73.84
74.03
74.15
74.23
74.28
74.29
74.29
74.27
74.24
74.21
74.20
74.23
74.29
74.37
74.45
74.57
74.72
74.89
75.07
75.24
75.33
75.30
75.16
74.95
74.69
74.48
74.33
74.26
74.25
74.28
74.24
74.09
73.82
73.48
73.11
72.76
72.46
72.23
72.06
71.96
71.93
71.97
72.05
72.16
72.31
72.49
72.69
72.91
73.12
73.31
73.48
73.63
73.76
73.86
73.88
73.82
73.69
73.50
73.29
73.10
72.95
72.84
72.78
72.75
72.71
72.66
72.59
72.51
72.42
72.40
72.44
72.55
72.70
72.88
73.07
73.25
73.41
73.56
73.69
73.77
73.79
73.77
73.71
73.64
73.57
73.54
73.54
73.57
73.61
73.60
73.54
73.42
73.25
73.07
72.91
72.79
72.72
72.68
72.76
72.94
73.23
73.59
73.96
74.31
74.60
74.83
74.99
75.11
75.14
75.07
74.90
74.69
74.45
74.26
74.14
74.10
74.12
74.18
74.24
74.28
74.30
74.29
74.27
74.27
74.30
74.35
74.42
74.51
74.62
74.75
74.92
75.09
75.26
75.39
75.48
75.51
75.51
75.48
75.38
75.21
74.97
74.70
74.42
74.20
74.06
74.01
74.03
74.10
74.14
74.14
74.07
73.97
73.84
73.71
73.58
73.46
73.35
73.28
73.26
73.28
73.33
73.41
73.47
73.49
73.49
73.46
73.41
73.38
73.38
73.42
73.47
73.54
73.64
73.76
73.92
74.09
74.25
74.38
74.47
74.50
74.50
74.47
74.42
74.37
74.31
74.25
74.20
74.15
74.11
74.07
74.05
74.02
73.98
73.91
73.81
73.70
73.59
73.53
73.54
73.62
73.76
73.92
74.14
74.42
74.76
75.11
75.46
75.66
75.66
75.47
75.15
74.76
74.39
74.09
73.87
73.72
73.63
73.59
73.58
73.60
73.63
73.70
73.81
73.94
74.10
74.25
74.40
74.54
74.66
74.76
74.84
74.89
74.88
74.83
74.75
74.65
74.50
74.28
74.01
73.71
73.41
73.15
72.95
72.81
72.72
72.67
72.58
72.41
72.17
71.88
71.58
71.39
71.34
71.45
71.67
71.94
72.22
72.46
72.67
72.83
72.95
73.01
73.01
72.96
72.87
72.76
72.67
72.61
72.59
72.60
72.63
72.67
72.71
72.76
72.80
72.90
73.05
73.26
73.50
73.75
73.91
73.96
73.89
73.74
73.55
73.35
73.18
73.05
72.96
72.90
72.91
73.01
73.18
73.40
73.64
73.83
73.94
73.97
73.94
73.86
73.74
73.58
73.37
73.16
72.95
72.80
72.74
72.76
72.84
72.96
73.10
73.24
73.39
73.52
73.64
73.69
73.66
73.55
73.39
73.20
73.04
72.90
72.82
72.76
72.74
72.74
72.75
72.77
72.80
72.83
72.83
72.80
72.74
72.66
72.62
72.64
72.72
72.85
73.00
73.16
73.32
73.46
73.60
73.71
73.78
73.80
73.77
73.71
73.63
73.56
73.53
73.53
73.56
73.60
73.73
73.96
74.28
74.65
75.03
75.41
75.76
76.07
76.33
76.56
76.63
76.54
76.29
75.94
75.53
75.11
74.71
74.33
74.00
73.71
73.44
73.19
72.95
72.73
72.54
72.43
72.41
72.48
72.61
72.78
72.93
73.06
73.14
73.19
73.22
73.25
73.30
73.38
73.46
73.47
73.38
73.19
72.94
72.67
72.38
72.11
71.86
71.64
71.45
71.42
71.59
71.94
72.40
72.91
73.36
73.69
73.89
73.98
73.99
73.95
73.86
73.76
73.65
73.53
73.48
73.49
73.59
73.73
73.89
74.09
74.32
74.58
74.83
75.07
75.23
75.31
75.29
75.21
75.09
74.89
74.63
74.30
73.95
73.60
73.27
72.97
72.71
72.48
72.30
72.19
72.14
72.15
72.20
72.28
72.43
72.64
72.92
73.22
73.45
73.57
73.58
73.49
73.36
73.27
73.26
73.34
73.49
73.68
73.88
74.08
74.27
74.44
74.59
74.66
74.65
74.56
74.41
74.23
74.04
73.85
73.67
73.51
73.37
73.22
73.07
72.91
72.74
72.59
72.47
72.41
72.40
72.42
72.47
72.55
72.68
72.84
73.01
73.19
73.41
73.67
73.98
74.31
74.63
74.84
74.94
74.90
74.77
74.59
74.40
74.23
74.10
74.01
73.94
73.84
73.70
73.51
73.30
73.16
73.12
73.19
73.34
73.53
73.67
73.71
73.65
73.52
73.35
73.13
72.87
72.59
72.31
72.05
71.91
71.93
72.10
72.38
72.72
73.13
73.59
74.10
74.62
75.10
75.54
75.93
76.26
76.53
76.75
76.78
76.61
76.24
75.76
75.22
74.75
74.40
74.18
74.07
74.05
74.00
73.90
73.73
73.51
73.28
73.13
73.09
73.16
73.31
73.50
73.77
74.11
74.49
74.90
75.30
75.61
75.83
75.94
75.96
75.93
75.80
75.59
75.30
74.98
74.67
74.41
74.20
74.05
73.93
73.89
73.90
73.97
74.07
74.19
74.27
74.28
74.22
74.11
73.98
73.86
73.77
73.72
73.70
73.70
73.66
73.58
73.43
73.25
73.06
72.92
72.86
72.87
72.94
73.05
73.12
73.14
73.09
73.00
72.88
72.75
72.62
72.49
72.38
72.28
72.22
72.21
72.24
72.31
72.39
72.50
72.65
72.83
73.02
73.20
73.37
73.52
73.66
73.77
73.86
73.90
73.90
73.85
73.77
73.72
73.73
73.81
73.93
74.06
74.10
74.02
73.80
73.50
73.15
72.90
72.78
72.82
72.96
73.17
73.41
73.67
73.92
74.15
74.36
74.52
74.61
74.64
74.63
74.59
74.50
74.37
74.21
74.03
73.85
73.71
73.61
73.56
73.55
73.56
73.57
73.56
73.52
73.47
73.41
73.26
73.02
72.70
72.32
71.94
71.64
71.47
71.43
71.49
71.61
71.74
71.86
71.95
72.02
72.06
72.09
72.11
72.11
72.11
72.13
72.18
72.25
72.35
72.45
72.49
72.47
72.38
72.24
72.08
71.93
71.82
71.75
71.72
71.71
71.80
71.99
72.29
72.64
73.01
73.33
73.56
73.69
73.74
73.74
73.73
73.72
73.73
73.75
73.78
73.84
73.93
74.05
74.18
74.32
74.29
74.07
73.65
73.10
72.50
72.02
71.73
71.64
71.71
71.88
72.16
72.54
72.99
73.47
73.94
74.32
74.60
74.77
74.84
74.85
74.73
74.48
74.13
73.71
73.38
73.18
73.14
73.21
73.35
73.49
73.59
73.62
73.61
73.58
73.52
73.45
73.38
73.31
73.24
73.18
73.13
73.09
73.05
73.03
73.01
72.99
72.98
72.98
72.97
73.00
73.06
73.15
73.26
73.37
73.49
73.60
73.69
73.78
73.85
73.85
73.78
73.64
73.45
73.24
73.11
73.08
73.16
73.31
73.51
73.68
73.78
73.81
73.79
73.74
73.68
73.65
73.65
73.66
73.69
73.62
73.43
73.12
72.73
72.39
72.15
72.02
71.99
72.01
72.17
72.44
72.82
73.26
73.71
74.04
74.22
74.23
74.11
73.92
73.76
73.68
73.69
73.77
73.89
73.92
73.85
73.64
73.36
73.03
72.80
72.70
72.76
72.92
73.14
73.29
73.32
73.22
73.03
72.79
72.58
72.43
72.35
72.33
72.36
72.43
72.56
72.72
72.90
73.09
73.27
73.44
73.58
73.71
73.81
73.86
73.87
73.83
73.75
73.66
73.54
73.38
73.19
73.00
72.87
72.81
72.83
72.90
73.02
73.20
73.45
73.77
74.11
74.44
74.74
74.97
75.14
75.24
75.31
75.36
75.42
75.49
75.57
75.65
75.69
75.70
75.67
75.61
75.54
75.46
75.38
75.30
75.23
75.17
75.06
74.91
74.69
74.46
74.21
74.00
73.84
73.74
73.68
73.65
73.60
73.51
73.36
73.18
73.00
72.81
72.64
72.49
72.35
72.24
72.20
72.24
72.37
72.54
72.74
72.92
73.06
73.16
73.22
73.20
73.09
72.90
72.67
72.42
72.22
72.10
72.06
72.08
72.14
72.24
72.34
72.45
72.56
72.65
72.77
72.90
73.05
73.21
73.36
73.47
73.54
73.56
73.54
73.50
73.42
73.30
73.15
72.98
72.81
72.72
72.75
72.88
73.09
73.34
73.60
73.86
74.11
74.32
74.51
74.64
74.71
74.73
74.70
74.64
74.62
74.65
74.74
74.88
75.03
75.08
75.01
74.80
74.50
74.15
73.93
73.87
74.00
74.25
74.54
74.84
75.11
75.35
75.55
75.61
75.51
75.25
74.90
74.50
74.16
73.93
73.83
73.82
73.87
73.94
74.01
74.06
74.09
74.10
74.14
74.19
74.27
74.37
74.47
74.49
74.41
74.23
73.98
73.70
73.44
73.22
73.05
72.93
72.86
72.81
72.78
72.78
72.79
72.80
72.83
72.85
72.88
72.90
72.92
72.97
73.04
73.15
73.27
73.39
73.56
73.78
74.06
74.36
74.65
74.85
74.93
74.88
74.75
74.59
74.43
74.30
74.19
74.10
73.98
73.82
73.61
73.37
73.14
72.99
72.95
73.04
73.20
73.41
73.62
73.80
73.93
74.03
74.10
74.22
74.41
74.69
75.00
75.33
75.65
75.95
76.21
76.44
76.63
76.70
76.65
76.47
76.21
75.91
75.65
75.46
75.36
75.32
75.33
75.27
75.10
74.82
74.47
74.09
73.77
73.53
73.39
73.32
73.31
73.31
73.31
73.29
73.26
73.23
73.25
73.33
73.47
73.66
73.80
73.89
73.90
73.86
73.79
73.75
73.76
73.84
73.95
74.09
74.18
74.21
74.16
74.07
73.94
73.81
73.67
73.54
73.41
73.31
73.19
73.05
72.91
72.75
72.60
72.50
72.43
72.42
72.44
72.49
72.60
72.78
73.02
73.30
73.59
73.86
74.12
74.34
74.53
74.69
74.80
74.84
74.82
74.77
74.69
74.57
74.42
74.23
74.04
73.85
73.69
73.59
73.54
73.53
73.54
73.53
73.46
73.34
73.18
72.98
72.74
72.49
72.23
71.98
71.81
71.72
71.73
71.81
71.92
72.06
72.21
72.36
72.49
72.61
72.75
72.89
73.06
73.22
73.38
73.47
73.48
73.41
73.28
73.13
73.04
73.04
73.14
73.32
73.53
73.70
73.81
73.85
73.83
73.77
73.74
73.76
73.84
73.96
74.10
74.16
74.13
74.00
73.80
73.56
73.28
72.98
72.66
72.35
72.06
71.91
71.91
72.08
72.35
72.69
73.04
73.40
73.73
74.04
74.27
74.44
74.53
74.56
74.56
74.50
74.39
74.24
74.07
73.89
73.69
73.48
73.25
73.02
72.80
72.64
72.53
72.47
72.47
72.49
72.48
72.42
72.30
72.15
71.98
71.86
71.82
71.85
71.93
72.04
72.15
72.23
72.27
72.29
72.28
72.32
72.41
72.55
72.73
72.93
73.09
73.22
73.29
73.33
73.34
73.33
73.30
73.27
73.23
73.19
73.18
73.20
73.26
73.34
73.43
73.55
73.70
73.88
74.06
74.18
74.23
74.20
74.12
74.00
73.86
73.72
73.58
73.45
73.34
73.27
73.24
73.27
73.32
73.40
73.51
73.65
73.83
74.01
74.19
74.36
74.52
74.65
74.76
74.85
74.82
74.64
74.33
73.93
73.49
73.10
72.80
72.60
72.48
72.42
72.44
72.52
72.66
72.83
73.01
73.13
73.19
73.16
73.08
72.97
72.81
72.62
72.39
72.16
71.94
71.79
71.72
71.74
71.82
71.94
72.05
72.14
72.20
72.23
72.34
72.56
72.90
73.31
73.73
74.07
74.29
74.38
74.37
74.28
74.16
74.01
73.85
73.69
73.54
73.49
73.55
73.72
73.96
74.24
74.34
74.22
73.86
73.34
72.75
72.27
71.96
71.85
71.89
72.03
72.20
72.38
72.54
72.68
72.79
72.77
72.61
72.31
71.92
71.49
71.19
71.06
71.13
71.33
71.61
71.89
72.11
72.26
72.35
72.40
72.46
72.56
72.71
72.88
73.06
73.27
73.49
73.72
73.96
74.18
74.35
74.46
74.52
74.53
74.48
74.38
74.24
74.07
73.90
73.81
73.82
73.95
74.15
74.39
74.58
74.72
74.78
74.77
74.73
74.61
74.41
74.14
73.84
73.53
73.26
73.04
72.88
72.78
72.72
72.75
72.86
73.05
73.29
73.55
73.70
73.72
73.58
73.35
73.06
72.80
72.61
72.49
72.43
72.43
72.50
72.67
72.90
73.18
73.47
73.79
74.11
74.44
74.75
75.04
75.29
75.51
75.68
75.82
75.93
75.98
75.98
75.93
75.84
75.65
75.37
74.99
74.56
74.13
73.92
73.99
74.37
74.93
75.60
76.16
76.57
76.76
76.81
76.74
76.61
76.42
76.22
76.01
75.81
75.63
75.46
75.33
75.21
75.12
75.02
74.91
74.79
74.66
74.53
74.33
74.06
73.70
73.31
72.91
72.63
72.51
72.56
72.73
72.96
73.24
73.52
73.80
74.06
74.30
74.44
74.50
74.45
74.35
74.20
74.03
73.86
73.69
73.54
73.40
73.26
73.10
72.94
72.77
72.64
72.55
72.51
72.51
72.54
72.61
72.72
72.87
73.03
73.19
73.33
73.42
73.46
73.46
73.44
73.40
73.35
73.30
73.24
73.19
73.18
73.19
73.25
73.33
73.42
73.51
73.61
73.69
73.77
73.84
73.92
74.02
74.14
74.28
74.41
74.45
74.39
74.22
73.98
73.71
73.51
73.41
73.42
73.51
73.66
73.89
74.18
74.54
74.93
75.31
75.53
75.56
75.40
75.10
74.73
74.42
74.24
74.21
74.28
74.32
74.27
74.12
73.90
73.64
73.46
73.37
73.39
73.50
73.65
73.77
73.85
73.85
73.81
73.74
73.62
73.47
73.28
73.08
72.88
72.72
72.61
72.56
72.54
72.55
72.53
72.46
72.34
72.18
72.00
71.88
71.83
71.85
71.93
72.04
72.25
72.56
72.96
73.40
73.85
74.23
74.51
74.67
74.76
74.77
74.80
74.85
74.95
75.08
75.21
75.25
75.15
74.91
74.59
74.23
73.99
73.91
74.02
74.26
74.55
74.84
75.11
75.34
75.54
75.63
75.58
75.42
75.17
74.88
74.66
74.54
74.53
74.60
74.72
74.77
74.71
74.53
74.26
73.95
73.66
73.41
73.21
73.05
72.95
72.93
73.00
73.15
73.36
73.59
73.78
73.89
73.93
73.90
73.83
73.74
73.64
73.53
73.43
73.33
73.28
73.26
73.29
73.35
73.42
73.56
73.76
74.02
74.31
74.60
74.75
74.72
74.49
74.15
73.75
73.45
73.31
73.35
73.53
73.73
73.91
74.04
74.13
74.19
74.24
74.31
74.39
74.48
74.58
74.66
74.74
74.81
74.87
74.92
74.93
74.90
74.83
74.74
74.64
74.58
74.59
74.68
74.81
74.96
74.99
74.87
74.57
74.17
73.73
73.35
73.07
72.93
72.89
72.92
72.97
73.03
73.06
73.08
73.09
73.12
73.17
73.26
73.35
73.46
73.56
73.65
73.74
73.81
73.87
73.92
73.96
73.99
74.01
74.03
73.95
73.79
73.52
73.20
72.86
72.52
72.20
71.91
71.66
71.58
71.70
72.01
72.44
72.93
73.39
73.77
74.04
74.24
74.36
74.37
74.28
74.10
73.85
73.58
73.37
73.22
73.16
73.16
73.21
73.23
73.20
73.12
73.01
72.87
72.70
72.51
72.29
72.07
71.86
71.69
71.57
71.52
71.50
71.52
71.56
71.61
71.66
71.72
71.77
71.83
71.87
71.91
71.94
71.97
71.99
72.00
72.01
72.02
72.02
72.08
72.19
72.37
72.58
72.86
73.19
73.58
73.98
74.37
74.72
75.04
75.32
75.55
75.73
75.82
75.82
75.71
75.55
75.35
75.17
75.02
74.91
74.84
74.80
74.76
74.70
74.62
74.53
74.44
74.30
74.11
73.86
73.58
73.31
73.15
73.14
73.28
73.53
73.84
74.17
74.49
74.81
75.09
75.33
75.54
75.71
75.85
75.95
76.02
76.00
75.85
75.60
75.29
74.95
74.63
74.36
74.15
74.00
73.89
73.79
73.70
73.59
73.49
73.39
73.30
73.22
73.15
73.09
73.05
73.02
72.99
72.98
72.97
72.91
72.79
72.61
72.40
72.18
72.07
72.09
72.27
72.53
72.85
73.16
73.44
73.66
73.84
73.97
74.12
74.29
74.51
74.74
74.97
75.13
75.21
75.20
75.13
75.02
74.86
74.67
74.44
74.20
73.97
73.76
73.57
73.41
73.27
73.16
73.10
73.09
73.14
73.21
73.31
73.39
73.43
73.44
73.43
73.39
73.40
73.46
73.59
73.76
73.91
74.04
74.12
74.18
74.21
74.19
74.13
74.02
73.89
73.76
73.59
73.41
73.20
72.99
72.79
72.59
72.37
72.14
71.92
71.72
71.54
71.38
71.25
71.15
71.07
71.12
71.30
71.63
72.04
72.49
72.93
73.36
73.74
74.08
74.36
74.52
74.53
74.40
74.19
73.92
73.68
73.51
73.41
73.37
73.38
73.45
73.56
73.72
73.90
74.08
74.31
74.59
74.92
75.26
75.59
75.81
75.92
75.89
75.76
75.61
75.46
75.32
75.21
75.13
74.95
74.67
74.28
73.83
73.36
72.99
72.74
72.63
72.63
72.70
72.77
72.80
72.78
72.73
72.65
72.67
72.80
73.07
73.41
73.79
74.15
74.46
74.70
74.89
75.03
75.04
74.93
74.70
74.39
74.04
73.75
73.52
73.40
73.34
73.33
73.42
73.59
73.84
74.13
74.43
74.65
74.75
74.73
74.62
74.46
74.30
74.15
74.04
73.96
73.91
73.93
74.03
74.20
74.42
74.61
74.73
74.78
74.77
74.72
74.60
74.40
74.13
73.83
73.52
73.30
73.20
73.22
73.34
73.50
73.78
74.16
74.63
75.14
75.65
75.98
76.07
75.92
75.60
75.19
74.84
74.60
74.50
74.52
74.61
74.61
74.49
74.22
73.85
73.45
73.16
73.05
73.13
73.34
73.62
73.82
73.87
73.76
73.53
73.23
72.99
72.83
72.78
72.81
72.90
72.99
73.07
73.12
73.15
73.16
73.19
73.24
73.31
73.40
73.55
73.76
74.02
74.32
74.61
74.81
74.89
74.85
74.72
74.54
74.25
73.86
73.38
72.86
72.35
71.99
71.84
71.90
72.11
72.41
72.71
72.96
73.13
73.25
73.32
73.38
73.44
73.51
73.59
73.66
73.73
73.80
73.85
73.90
73.94
74.00
74.08
74.18
74.30
74.42
74.56
74.72
74.91
75.09
75.27
75.33
75.24
75.01
74.69
74.32
73.96
73.65
73.39
73.19
73.04
73.04
73.20
73.51
73.92
74.29
74.57
74.74
74.82
74.83
74.87
74.98
75.16
75.38
75.63
75.79
75.85
75.79
75.66
75.47
75.29
75.14
75.02
74.94
74.88
74.85
74.84
74.84
74.84
74.86
74.90
74.98
75.09
75.21
75.34
75.44
75.50
75.51
75.50
75.46
75.38
75.27
75.12
74.95
74.79
74.60
74.40
74.18
73.97
73.77
73.66
73.68
73.81
74.02
74.27
74.49
74.64
74.71
74.73
74.70
74.64
74.56
74.48
74.40
74.26
74.08
73.83
73.57
73.29
73.09
72.97
72.94
72.97
73.05
73.10
73.11
73.05
72.96
72.84
72.85
73.01
73.33
73.75
74.23
74.60
74.82
74.89
74.83
74.69
74.56
74.46
74.42
74.43
74.46
74.35
74.07
73.60
73.03
72.41
71.93
71.63
71.56
71.63
71.81
72.11
72.49
72.95
73.44
73.92
74.34
74.68
74.93
75.12
75.24
75.42
75.68
76.05
76.46
76.88
77.11
77.08
76.80
76.34
75.81
75.28
74.78
74.34
73.96
73.64
73.38
73.18
73.03
72.92
72.88
72.90
72.97
73.07
73.19
73.32
73.45
73.57
73.67
73.76
73.81
73.82
73.78
73.71
73.62
73.53
73.43
73.35
73.26
73.19
73.11
73.00
72.87
72.74
72.60
72.50
72.44
72.43
72.46
72.50
72.61
72.79
73.04
73.31
73.60
73.82
73.95
74.00
73.98
73.91
73.87
73.87
73.93
74.04
74.16
74.26
74.33
74.37
74.37
74.41
74.49
74.63
74.80
74.98
75.06
75.00
74.80
74.51
74.18
73.90
73.73
73.68
73.71
73.80
73.85
73.83
73.71
73.54
73.34
73.15
73.00
72.89
72.82
72.78
72.79
72.85
72.96
73.08
73.22
73.36
73.49
73.61
73.72
73.80
73.88
73.93
73.98
74.01
74.03
73.96
73.80
73.53
73.21
72.87
72.53
72.21
71.92
71.67
71.46
71.36
71.40
71.56
71.81
72.10
72.37
72.62
72.81
72.95
73.05
73.12
73.16
73.18
73.19
73.16
73.08
72.98
72.85
72.71
72.69
72.79
73.04
73.37
73.74
74.07
74.32
74.48
74.57
74.60
74.59
74.55
74.49
74.43
74.36
74.26
74.14
74.00
73.84
73.69
73.54
73.41
73.30
73.20
73.13
73.09
73.10
73.16
73.24
73.34
73.31
73.13
72.78
72.33
71.84
71.43
71.12
70.96
70.90
70.92
71.12
71.51
72.08
72.74
73.43
74.08
74.65
75.12
75.50
75.68
75.67
75.46
75.13
74.74
74.34
73.97
73.67
73.41
73.22
73.12
73.13
73.23
73.40
73.60
73.90
74.29
74.76
75.26
75.76
76.12
76.31
76.33
76.21
76.01
75.79
75.58
75.40
75.26
75.14
74.92
74.57
74.07
73.51
72.93
72.53
72.35
72.42
72.66
73.01
73.33
73.58
73.72
73.79
73.79
73.75
73.68
73.59
73.50
73.41
73.33
73.25
73.18
73.12
73.08
73.07
73.10
73.17
73.26
73.36
73.47
73.57
73.67
73.75
73.80
73.80
73.76
73.69
73.61
73.46
73.25
72.99
72.70
72.40
72.20
72.11
72.15
72.28
72.46
72.75
73.14
73.62
74.14
74.65
75.06
75.33
75.44
75.45
75.37
75.22
75.01
74.75
74.48
74.21
73.98
73.81
73.70
73.64
73.62
73.54
73.39
73.16
72.88
72.58
72.27
71.94
71.60
71.28
70.99
70.78
70.68
70.67
70.74
70.86
71.11
71.49
72.00
72.57
73.07
73.46
73.71
73.84
73.89
73.88
73.83
73.74
73.64
73.54
73.47
73.43
73.43
73.47
73.52
73.55
73.56
73.54
73.49
73.43
73.37
73.31
73.24
73.19
73.14
73.10
73.06
73.03
73.01
73.00
72.99
72.98
72.98
72.97
72.98
72.98
72.98
72.98
72.98
72.99
73.07
73.25
73.51
73.84
74.18
74.46
74.66
74.77
74.80
74.78
74.78
74.81
74.90
75.03
75.16
75.28
75.35
75.39
75.40
75.35
75.26
75.13
74.98
74.82
74.74
74.77
74.91
75.12
75.37
75.52
75.55
75.43
75.22
74.95
74.63
74.28
73.91
73.55
73.22
72.97
72.83
72.79
72.83
72.92
73.06
73.26
73.48
73.73
73.96
74.08
74.05
73.86
73.58
73.25
73.02
72.96
73.08
73.32
73.63
73.89
74.07
74.14
74.12
74.05
73.95
73.83
73.69
73.56
73.44
73.36
73.33
73.34
73.38
73.44
73.49
73.51
73.50
73.46
73.44
73.44
73.47
73.52
73.58
73.62
73.62
73.60
73.54
73.48
73.43
73.42
73.44
73.49
73.54
73.61
73.68
73.74
73.80
73.85
73.87
73.85
73.79
73.70
73.61
73.56
73.58
73.67
73.80
73.96
74.07
74.12
74.09
74.02
73.91
73.84
73.82
73.88
73.97
74.10
74.23
74.37
74.49
74.61
74.72
74.72
74.62
74.41
74.14
73.83
73.51
73.21
72.94
72.69
72.49
72.40
72.43
72.59
72.83
73.09
73.34
73.54
73.71
73.84
73.92
73.94
73.90
73.82
73.73
73.62
73.51
73.41
73.32
73.23
73.19
73.19
73.23
73.30
73.39
73.43
73.41
73.32
73.18
73.03
72.92
72.87
72.90
72.97
73.08
73.21
73.34
73.47
73.58
73.69
73.78
73.85
73.91
73.96
74.00
74.02
74.04
74.05
74.05
74.05
74.05
74.04
74.04
74.03
74.03
73.91
73.68
73.32
72.89
72.43
72.14
72.07
72.22
72.53
72.86
73.13
73.32
73.43
73.49
73.53
73.57
73.62
73.67
73.73
73.76
73.75
73.70
73.64
73.55
73.46
73.38
73.30
73.23
73.16
73.16
73.24
73.38
73.57
73.78
74.01
74.27
74.55
74.82
75.07
75.19
75.16
74.96
74.67
74.32
74.01
73.76
73.60
73.51
73.47
73.53
73.67
73.90
74.17
74.45
74.74
75.00
75.24
75.45
75.63
75.72
75.72
75.62
75.47
75.28
75.11
74.97
74.88
74.82
74.68
74.43
74.08
73.67
73.24
72.92
72.76
72.77
72.89
73.09
73.33
73.59
73.84
74.09
74.30
74.49
74.66
74.79
74.89
74.97
74.94
74.81
74.57
74.26
73.92
73.58
73.26
72.97
72.71
72.49
72.42
72.51
72.76
73.10
73.50
73.89
74.23
74.51
74.73
74.91
74.98
74.95
74.82
74.64
74.42
74.17
73.89
73.59
73.29
73.02
72.77
72.56
72.38
72.23
72.12
72.16
72.39
72.79
73.30
73.75
74.07
74.24
74.30
74.27
74.15
73.97
73.73
73.48
73.22
73.05
73.00
73.07
73.22
73.42
73.62
73.80
73.93
74.02
74.09
74.13
74.15
74.16
74.16
74.15
74.13
74.11
74.10
74.08
74.06
73.96
73.78
73.50
73.17
72.83
72.46
72.08
71.71
71.36
71.04
70.92
71.02
71.36
71.85
72.41
72.95
73.40
73.76
74.02
74.20
74.34
74.46
74.58
74.68
74.77
74.76
74.65
74.43
74.15
73.86
73.60
73.39
73.21
73.08
72.96
72.84
72.70
72.57
72.45
72.40
72.42
72.51
72.66
72.84
73.02
73.21
73.38
73.53
73.66
73.66
73.52
73.24
72.86
72.45
72.13
71.96
71.95
72.05
72.22
72.49
72.84
73.26
73.69
74.12
74.55
74.97
75.37
75.74
76.06
76.29
76.40
76.41
76.34
76.22
76.04
75.82
75.57
75.31
75.06
74.72
74.28
73.75
73.17
72.60
72.11
71.74
71.49
71.34
71.33
71.43
71.65
71.92
72.22
72.58
72.99
73.44
73.89
74.32
74.68
74.97
75.17
75.30
75.38
75.36
75.24
75.04
74.80
74.53
74.33
74.25
74.28
74.40
74.57
74.73
74.88
74.98
75.06
75.11
75.06
74.90
74.63
74.31
73.95
73.66
73.44
73.32
73.27
73.27
73.31
73.38
73.46
73.54
73.63
73.73
73.86
74.01
74.17
74.33
74.39
74.35
74.19
73.97
73.70
73.48
73.33
73.25
73.24
73.30
73.42
73.59
73.78
73.98
74.18
74.36
74.52
74.66
74.77
74.79
74.69
74.47
74.19
73.88
73.61
73.42
73.31
73.28
73.29
73.28
73.24
73.14
73.01
72.86
72.77
72.74
72.79
72.89
73.02
73.13
73.22
73.27
73.29
73.29
73.30
73.33
73.39
73.46
73.54
73.65
73.78
73.94
74.11
74.28
74.46
74.65
74.86
75.07
75.27
75.39
75.43
75.38
75.27
75.13
74.96
74.80
74.64
74.50
74.40
74.34
74.34
74.38
74.43
74.48
74.50
74.48
74.45
74.40
74.32
74.20
74.06
73.90
73.74
73.70
73.79
74.03
74.35
74.72
75.07
75.38
75.63
75.83
75.98
75.97
75.81
75.49
75.09
74.63
74.20
73.83
73.52
73.27
73.08
72.95
72.86
72.80
72.77
72.76
72.82
72.96
73.16
73.40
73.65
73.90
74.13
74.34
74.53
74.68
74.80
74.90
74.98
75.03
75.06
75.06
75.01
74.93
74.81
74.67
74.49
74.28
74.07
73.86
73.67
73.50
73.36
73.24
73.14
73.09
73.09
73.14
73.22
73.32
73.42
73.53
73.63
73.72
73.79
73.83
73.83
73.78
73.71
73.62
73.60
73.68
73.86
74.09
74.36
74.59
74.74
74.81
74.81
74.77
74.65
74.44
74.17
73.87
73.55
73.30
73.14
73.07
73.07
73.12
73.15
73.13
73.06
72.96
72.83
72.75
72.74
72.79
72.90
73.03
73.17
73.32
73.46
73.58
73.69
73.79
73.86
73.93
73.97
73.93
73.78
73.53
73.21
72.88
72.65
72.56
72.63
72.80
73.04
73.29
73.51
73.69
73.84
73.95
74.00
74.00
73.94
73.85
73.75
73.68
73.68
73.75
73.87
74.01
74.16
74.31
74.46
74.59
74.70
74.74
74.70
74.59
74.42
74.23
74.00
73.75
73.48
73.21
72.95
72.73
72.53
72.36
72.22
72.12
72.06
72.06
72.11
72.19
72.29
72.43
72.59
72.78
72.98
73.12
73.19
73.17
73.10
72.98
72.96
73.05
73.28
73.58
73.92
74.13
74.18
74.05
73.79
73.46
73.26
73.24
73.42
73.75
74.14
74.47
74.67
74.73
74.67
74.54
74.37
74.18
73.98
73.79
73.61
73.56
73.66
73.90
74.24
74.62
74.99
75.32
75.59
75.79
75.95
75.98
75.89
75.66
75.37
75.03