Initializing VL53L0X...
Initialize interrupt routine.
Interrupt is ready!
Stop count: 2000.00
5.00
15.73
32.34
52.18
73.18
93.87
113.24
130.60
145.60
158.10
168.20
176.07
182.03
186.39
189.42
191.36
192.49
193.01
193.11
192.91
192.50
192.03
191.57
191.16
190.81
190.52
190.16
189.69
189.12
188.49
187.87
187.20
186.49
185.76
185.04
184.37
183.73
183.10
182.50
181.94
181.45
181.21
181.26
181.60
182.13
182.76
183.43
184.09
184.71
185.26
185.74
186.10
186.31
186.39
186.37
186.29
186.21
186.17
186.19
186.25
186.33
186.36
186.35
186.26
186.13
185.96
185.74
185.50
185.25
185.00
184.86
184.83
184.93
185.11
185.34
185.66
186.09
186.59
187.13
187.65
187.99
188.09
187.95
187.63
187.22
186.84
186.54
186.35
186.26
186.23
186.23
186.22
186.21
186.19
186.17
186.17
186.20
186.26
186.35
186.44
186.48
186.46
186.37
186.23
186.07
186.03
186.15
186.44
186.83
187.27
187.65
187.92
188.06
188.10
187.97
187.66
187.19
186.64
186.06
185.57
185.21
185.00
184.91
184.90
184.93
184.96
184.99
185.01
185.02
185.00
184.95
184.86
184.75
184.64
184.66
184.83
185.18
185.63
186.12
186.52
186.76
186.84
186.80
186.67
186.52
186.38
186.25
186.15
186.07
185.99
185.89
185.77
185.65
185.53
185.47
185.48
185.57
185.71
185.88
186.14
186.48
186.91
187.38
187.85
188.29
188.69
189.04
189.34
189.50
189.52
189.40
189.19
188.93
188.66
188.43
188.24
188.10
187.99
187.84
187.62
187.33
187.00
186.66
186.44
186.37
186.46
186.66
186.93
187.22
187.53
187.82
188.08
188.32
188.44
188.44
188.30
188.09
187.82
187.51
187.18
186.82
186.48
186.16
186.09
186.30
186.80
187.49
188.26
188.90
189.33
189.50
189.49
189.43
189.37
189.37
189.40
189.46
189.39
189.17
188.80
188.34
187.83
187.30
186.77
186.24
185.76
185.32
185.00
184.80
184.73
184.74
184.82
185.04
185.41
185.92
186.49
187.08
187.48
187.66
187.59
187.35
187.01
186.76
186.68
186.81
187.06
187.40
187.69
187.90
188.00
188.02
187.97
187.89
187.79
187.67
187.55
187.44
187.26
187.00
186.65
186.27
185.99
185.84
185.86
185.98
186.18
186.41
186.66
186.91
187.14
187.35
187.55
187.76
187.98
188.18
188.37
188.53
188.67
188.79
188.88
188.95
188.92
188.79
188.54
188.24
187.90
187.70
187.67
187.82
188.10
188.45
188.70
188.80
188.71
188.51
188.24
187.98
187.77
187.64
187.56
187.53
187.54
187.57
187.61
187.66
187.71
187.71
187.65
187.52
187.34
187.15
187.14
187.35
187.80
188.39
188.87
189.14
189.17
189.01
188.75
188.54
188.47
188.55
188.74
188.99
189.20
189.31
189.33
189.27
189.16
189.02
188.86
188.71
188.57
188.43
188.35
188.30
188.31
188.36
188.42
188.39
188.24
187.96
187.61
187.22
186.94
186.80
186.82
186.95
187.15
187.33
187.47
187.54
187.57
187.55
187.54
187.54
187.57
187.61
187.66
187.63
187.51
187.29
187.02
186.82
186.75
186.82
186.99
187.21
187.41
187.55
187.62
187.64
187.62
187.68
187.84
188.13
188.48
188.86
189.11
189.18
189.07
188.82
188.50
188.11
187.69
187.25
186.82
186.42
186.09
185.84
185.68
185.58
185.53
185.55
185.63
185.76
185.91
186.08
186.17
186.15
186.03
185.83
185.59
185.45
185.43
185.56
185.78
186.05
186.34
186.64
186.92
187.17
187.31
187.33
187.22
187.02
186.77
186.56
186.40
186.33
186.31
186.34
186.50
186.80
187.23
187.74
188.26
188.65
188.84
188.83
188.66
188.41
188.10
187.77
187.45
187.14
186.87
186.66
186.51
186.44
186.41
186.43
186.45
186.45
186.42
186.38
186.33
186.42
186.65
187.05
187.54
188.07
188.51
188.84
189.02
189.10
189.09
188.97
188.76
188.46
188.12
187.80
187.51
187.29
187.11
186.99
186.92
186.92
186.98
187.08
187.19
187.40
187.69
188.08
188.50
188.93
189.32
189.64
189.88
190.06
190.18
190.15
189.96
189.61
189.18
188.70
188.20
187.69
187.19
186.72
186.30
185.99
185.80
185.73
185.75
185.83
185.97
186.17
186.41
186.66
186.90
187.06
187.09
187.01
186.84
186.62
186.36
186.06
185.74
185.42
185.13
184.94
184.88
184.94
185.10
185.21
185.22
185.11
184.92
184.68
184.53
184.51
184.62
184.83
185.09
185.38
185.66
185.94
186.18
186.40
186.56
186.65
186.68
186.67
186.62
186.58
186.57
186.58
186.61
186.65
186.72
186.83
186.97
187.12
187.27
187.42
187.55
187.67
187.77
187.85
187.84
187.72
187.49
187.19
186.87
186.54
186.23
185.95
185.70
185.48
185.36
185.34
185.41
185.55
185.77
186.08
186.45
186.84
187.23
187.50
187.60
187.53
187.35
187.10
186.84
186.59
186.39
186.23
186.10
186.04
186.03
186.07
186.16
186.26
186.45
186.73
187.11
187.52
187.95
188.27
188.48
188.54
188.50
188.39
188.27
188.16
188.07
188.00
187.96
187.90
187.83
187.73
187.62
187.51
187.41
187.32
187.23
187.16
187.11
187.09
187.11
187.17
187.26
187.44
187.72
188.09
188.50
188.93
189.23
189.37
189.35
189.21
188.99
188.68
188.29
187.84
187.37
186.92
186.63
186.55
186.67
186.93
187.28
187.51
187.56
187.41
187.12
186.75
186.45
186.27
186.24
186.31
186.45
186.55
186.58
186.51
186.39
186.22
186.10
186.03
186.04
186.09
186.18
186.34
186.56
186.85
187.17
187.49
187.66
187.65
187.45
187.13
186.73
186.39
186.14
186.01
185.98
185.95
185.91
185.83
185.73
185.63
185.44
185.16
184.80
184.39
183.98
183.75
183.73
183.95
184.32
184.77
185.24
185.67
186.04
186.36
186.61
186.76
186.79
186.72
186.58
186.40
186.19
185.99
185.79
185.61
185.45
185.37
185.37
185.46
185.60
185.78
185.92
185.99
185.99
185.93
185.84
185.71
185.54
185.34
185.12
184.91
184.88
185.05
185.43
185.94
186.47
186.94
187.33
187.64
187.87
187.99
188.00
187.89
187.72
187.50
187.30
187.13
187.00
186.91
186.85
186.77
186.64
186.46
186.26
186.05
185.93
185.91
186.01
186.19
186.41
186.65
186.89
187.12
187.32
187.51
187.61
187.62
187.54
187.40
187.23
187.02
186.77
186.51
186.24
185.99
185.79
185.64
185.56
185.52
185.53
185.63
185.85
186.17
186.54
186.83
186.99
186.99
186.89
186.71
186.63
186.69
186.91
187.23
187.60
187.88
188.03
188.02
187.91
187.73
187.52
187.28
187.05
186.83
186.63
186.49
186.40
186.37
186.38
186.42
186.51
186.64
186.80
186.98
187.16
187.30
187.40
187.45
187.46
187.44
187.46
187.52
187.65
187.81
187.99
188.11
188.17
188.14
188.06
187.95
187.82
187.69
187.56
187.44
187.33
187.31
187.41
187.61
187.88
188.13
188.33
188.45
188.51
188.52
188.48
188.38
188.24
188.07
187.90
187.76
187.66
187.60
187.59
187.60
187.66
187.75
187.89
188.04
188.20
188.28
188.25
188.11
187.89
187.64
187.52
187.54
187.75
188.07
188.45
188.82
189.16
189.44
189.67
189.85
189.93
189.91
189.79
189.61
189.40
189.18
188.96
188.76
188.57
188.41
188.23
188.00
187.74
187.46
187.24
187.10
187.05
187.07
187.13
187.19
187.24
187.26
187.26
187.24
187.36
187.61
188.03
188.53
189.07
189.47
189.69
189.69
189.56
189.32
188.98
188.55
188.07
187.56
187.07
186.61
186.21
185.86
185.57
185.34
185.18
185.10
185.10
185.14
185.22
185.28
185.33
185.35
185.34
185.31
185.25
185.16
185.03
184.88
184.73
184.75
184.96
185.38
185.92
186.38
186.70
186.83
186.83
186.72
186.61
186.53
186.50
186.50
186.53
186.55
186.55
186.52
186.47
186.41
186.32
186.20
186.05
185.89
185.73
185.66
185.69
185.84
186.06
186.32
186.48
186.52
186.41
186.20
185.94
185.63
185.28
184.91
184.56
184.22
184.03
184.00
184.14
184.39
184.70
185.10
185.56
186.07
186.58
187.07
187.43
187.65
187.72
187.67
187.55
187.38
187.19
186.99
186.80
186.68
186.63
186.68
186.78
186.91
187.07
187.22
187.38
187.52
187.64
187.77
187.92
188.08
188.24
188.39
188.45
188.40
188.24
188.01
187.74
187.59
187.60
187.79
188.09
188.46
188.77
188.99
189.09
189.11
189.05
188.94
188.76
188.55
188.31
188.08
187.91
187.82
187.83
187.89
188.00
188.04
188.01
187.87
187.68
187.45
187.22
186.99
186.77
186.58
186.44
186.36
186.34
186.36
186.41
186.47
186.55
186.62
186.70
186.76
186.80
186.79
186.74
186.67
186.59
186.55
186.57
186.66
186.80
186.96
187.24
187.63
188.14
188.70
189.27
189.69
189.90
189.89
189.73
189.48
189.08
188.58
187.98
187.34
186.72
186.19
185.79
185.51
185.35
185.26
185.41
185.78
186.37
187.09
187.85
188.48
188.90
189.10
189.12
189.03
188.80
188.46
188.04
187.58
187.10
186.61
186.12
185.67
185.26
184.91
184.61
184.37
184.19
184.04
184.00
184.04
184.18
184.37
184.60
184.85
185.14
185.43
185.72
186.00
186.24
186.45
186.63
186.78
186.89
187.00
187.12
187.25
187.38
187.51
187.65
187.80
187.98
188.16
188.32
188.43
188.45
188.38
188.27
188.12
187.95
187.79
187.63
187.48
187.35
187.22
187.07
186.91
186.75
186.68
186.71
186.86
187.07
187.33
187.57
187.77
187.93
188.04
188.12
188.14
188.11
188.03
187.91
187.79
187.71
187.69
187.76
187.87
188.00
188.07
188.05
187.92
187.73
187.51
187.30
187.12
186.99
186.90
186.84
186.81
186.79
186.80
186.81
186.83
186.88
186.96
187.07
187.20
187.33
187.54
187.83
188.21
188.62
189.03
189.29
189.37
189.24
188.98
188.66
188.34
188.04
187.78
187.55
187.33
187.12
186.92
186.72
186.55
186.45
186.44
186.51
186.64
186.81
186.88
186.83
186.65
186.37
186.06
185.88
185.90
186.14
186.50
186.95
187.37
187.73
187.99
188.18
188.30
188.37
188.40
188.39
188.37
188.34
188.21
188.00
187.68
187.32
186.94
186.76
186.82
187.14
187.62
188.19
188.61
188.80
188.74
188.49
188.13
187.79
187.52
187.36
187.28
187.24
187.21
187.18
187.14
187.11
187.03
186.90
186.70
186.47
186.23
186.07
186.03
186.10
186.26
186.46
186.68
186.91
187.12
187.32
187.50
187.65
187.77
187.87
187.95
188.00
187.96
187.82
187.56
187.25
186.91
186.57
186.24
185.95
185.70
185.48
185.30
185.16
185.05
184.98
184.92
184.97
185.12
185.39
185.71
186.06
186.41
186.74
187.03
187.30
187.54
187.78
188.01
188.23
188.42
188.59
188.72
188.84
188.92
188.99
188.98
188.90
188.74
188.53
188.31
188.13
188.03
188.01
188.05
188.13
188.23
188.34
188.45
188.56
188.66
188.75
188.83
188.89
188.94
188.98
188.90
188.69
188.34
187.92
187.47
187.08
186.77
186.57
186.45
186.39
186.39
186.42
186.47
186.53
186.60
186.73
186.91
187.15
187.41
187.58
187.61
187.49
187.28
187.00
186.73
186.49
186.29
186.14
186.02
185.97
185.97
186.03
186.12
186.23
186.35
186.47
186.58
186.68
186.77
186.84
186.90
186.95
186.99
187.01
186.95
186.79
186.53
186.21
185.87
185.63
185.54
185.61
185.79
186.03
186.22
186.33
186.34
186.27
186.16
186.02
185.86
185.71
185.56
185.43
185.45
185.64
186.00
186.47
186.99
187.43
187.76
187.95
188.03
188.06
188.06
188.06
188.06
188.05
188.02
187.96
187.86
187.74
187.63
187.51
187.40
187.30
187.22
187.15
187.14
187.21
187.36
187.54
187.76
187.94
188.09
188.19
188.25
188.28
188.33
188.44
188.59
188.78
188.97
189.06
189.01
188.81
188.52
188.19
187.89
187.66
187.51
187.44
187.42
187.41
187.39
187.36
187.32
187.27
187.30
187.43
187.66
187.94
188.20
188.39
188.51
188.56
188.57
188.52
188.41
188.27
188.09
187.92
187.77
187.66
187.61
187.59
187.60
187.71
187.92
188.23
188.60
188.99
189.20
189.21
188.99
188.62
188.17
187.77
187.46
187.27
187.17
187.15
187.10
186.99
186.81
186.59
186.35
186.16
186.04
186.02
186.05
186.12
186.25
186.42
186.62
186.83
187.05
187.19
187.26
187.24
187.16
187.09
187.07
187.10
187.17
187.27
187.32
187.31
187.24
187.12
186.97
186.77
186.50
186.18
185.84
185.50
185.24
185.07
185.00
185.01
185.06
185.10
185.09
185.03
184.93
184.81
184.82
184.98
185.31
185.73
186.21
186.66
187.07
187.40
187.66
187.87
188.02
188.12
188.19
188.23
188.24
188.24
188.22
188.20
188.17
188.14
188.06
187.92
187.72
187.49
187.25
187.20
187.38
187.81
188.38
188.93
189.37
189.66
189.82
189.89
189.98
190.10
190.29
190.52
190.76
190.85
190.78
190.53
190.17
189.74
189.38
189.12
188.98
188.94
188.97
188.93
188.81
188.57
188.27
187.93
187.59
187.27
186.98
186.72
186.50
186.43
186.51
186.76
187.11
187.50
187.78
187.89
187.82
187.62
187.33
187.01
186.68
186.35
186.05
185.79
185.67
185.71
185.91
186.22
186.48
186.63
186.65
186.58
186.44
186.30
186.17
186.07
185.99
185.94
185.88
185.80
185.71
185.60
185.50
185.53
185.73
186.09
186.56
187.07
187.47
187.73
187.82
187.79
187.67
187.58
187.55
187.60
187.72
187.87
188.03
188.20
188.36
188.51
188.63
188.69
188.67
188.56
188.40
188.22
188.02
187.83
187.65
187.49
187.35
187.26
187.23
187.24
187.30
187.37
187.32
187.12
186.76
186.31
185.90
185.57
185.37
185.26
185.22
185.16
185.04
184.84
184.61
184.36
184.19
184.13
184.19
184.32
184.51
184.69
184.85
184.97
185.05
185.11
185.25
185.50
185.86
186.28
186.72
187.12
187.46
187.73
187.93
188.08
188.13
188.07
187.92
187.71
187.48
187.26
187.08
186.95
186.86
186.80
186.78
186.77
186.78
186.79
186.82
186.90
187.04
187.24
187.48
187.75
188.05
188.36
188.67
188.96
189.08
189.02
188.76
188.37
187.92
187.43
186.91
186.39
185.90
185.45
185.12
184.90
184.81
184.81
184.87
185.03
185.27
185.59
185.94
186.29
186.69
187.11
187.57
188.01
188.43
188.84
189.22
189.59
189.92
190.21
190.32
190.24
189.95
189.54
189.06
188.56
188.08
187.62
187.22
186.87
186.56
186.26
185.99
185.75
185.62
185.61
185.74
185.95
186.20
186.42
186.58
186.66
186.68
186.66
186.64
186.63
186.64
186.67
186.71
186.83
187.04
187.35
187.71
188.08
188.37
188.53
188.57
188.51
188.39
188.36
188.47
188.73
189.09
189.50
189.79
189.91
189.83
189.63
189.35
189.03
188.69
188.37
188.06
187.80
187.57
187.38
187.22
187.10
187.01
186.92
186.82
186.71
186.59
186.48
186.51
186.70
187.06
187.53
187.94
188.22
188.36
188.38
188.32
188.29
188.32
188.43
188.59
188.78
188.90
188.92
188.83
188.67
188.47
188.25
188.03
187.82
187.63
187.46
187.43
187.54
187.80
188.16
188.56
188.89
189.12
189.21
189.22
189.16
189.10
189.09
189.13
189.20
189.29
189.29
189.17
188.91
188.57
188.20
187.90
187.71
187.65
187.67
187.76
187.84
187.87
187.85
187.79
187.79
187.86
188.03
188.25
188.50
188.73
188.91
189.05
189.14
189.20
189.28
189.41
189.58
189.77
189.98
190.04
189.94
189.65
189.26
188.81
188.40
188.06
187.82
187.66
187.57
187.53
187.52
187.55
187.59
187.64
187.72
187.83
187.97
188.12
188.28
188.37
188.39
188.33
188.22
188.07
187.94
187.84
187.77
187.74
187.73
187.66
187.51
187.27
186.98
186.67
186.44
186.33
186.34
186.43
186.58
186.76
186.96
187.15
187.33
187.41
187.38
187.23
187.00
186.74
186.54
186.44
186.45
186.55
186.69
186.88
187.12
187.39
187.66
187.92
188.09
188.13
188.04
187.87
187.66
187.44
187.25
187.11
187.00
186.93
186.93
187.02
187.18
187.40
187.63
187.82
187.93
187.96
187.93
187.86
187.71
187.49
187.20
186.88
186.55
186.32
186.21
186.23
186.33
186.44
186.53
186.55
186.54
186.51
186.51
186.56
186.68
186.83
187.00
187.14
187.25
187.31
187.34
187.34
187.32
187.29
187.26
187.22
187.18
187.11
187.02
186.90
186.77
186.64
186.54
186.48
186.47
186.48
186.53
186.53
186.47
186.35
186.20
186.03
185.80
185.52
185.18
184.83
184.49
184.25
184.13
184.15
184.27
184.44
184.53
184.52
184.37
184.15
183.95
183.83
183.81
183.86
183.95
184.16
184.46
184.87
185.32
185.78
186.32
186.96
187.67
188.40
189.11
189.57
189.74
189.61
189.27
188.81
188.33
187.90
187.55
187.27
187.06
186.89
186.73
186.58
186.45
186.33
186.17
185.98
185.73
185.47
185.21
185.04
184.98
185.05
185.21
185.41
185.66
185.95
186.27
186.58
186.87
187.14
187.37
187.57
187.73
187.86
187.98
188.11
188.25
188.38
188.40
188.29
188.04
187.69
187.31
186.97
186.71
186.54
186.45
186.41
186.36
186.29
186.16
186.01
185.85
185.86
186.05
186.46
186.98
187.56
188.13
188.64
189.07
189.42
189.70
189.77
189.64
189.30
188.83
188.29
187.74
187.21
186.72
186.28
185.91
185.65
185.52
185.50
185.57
185.70
185.80
185.86
185.85
185.80
185.72
185.68
185.70
185.78
185.90
186.05
186.20
186.35
186.49
186.61
186.75
186.90
187.06
187.22
187.38
187.50
187.56
187.58
187.56
187.52
187.44
187.31
187.16
186.99
186.81
186.75
186.83
187.06
187.37
187.74
188.06
188.30
188.46
188.55
188.58
188.65
188.79
189.00
189.25
189.53
189.61
189.46
189.07
188.52
187.89
187.33
186.87
186.56
186.37
186.26
186.23
186.25
186.30
186.38
186.46
186.58
186.72
186.89
187.07
187.30
187.57
187.90
188.24
188.57
188.85
189.07
189.22
189.31
189.36
189.30
189.12
188.82
188.46
188.08
187.73
187.43
187.20
187.02
186.90
186.85
186.86
186.93
187.03
187.16
187.21
187.17
187.02
186.81
186.57
186.37
186.24
186.18
186.19
186.24
186.26
186.23
186.15
186.03
185.89
185.66
185.35
184.95
184.51
184.07
183.87
183.94
184.32
184.89
185.51
186.10
186.62
187.05
187.41
187.64
187.74
187.71
187.60
187.44
187.25
187.05
186.86
186.67
186.51
186.42
186.41
186.50
186.63
186.80
187.09
187.50
188.03
188.62
189.20
189.74
190.20
190.56
190.84
191.04
191.05
190.85
190.45
189.93
189.36
188.86
188.48
188.24
188.11
188.07
188.06
188.07
188.07
188.06
188.06
188.05
188.04
188.04
188.03
188.02
188.04
188.09
188.18
188.28
188.45
188.67
188.95
189.26
189.57
189.78
189.88
189.84
189.72
189.54
189.33
189.12
188.91
188.71
188.53
188.36
188.17
187.98
187.79
187.62
187.55
187.58
187.74
187.97
188.24
188.52
188.80
189.06
189.29
189.49
189.55
189.46
189.21
188.86
188.46
188.13
187.91
187.81
187.81
187.86
187.94
188.01
188.06
188.09
188.11
188.17
188.28
188.45
188.65
188.84
188.99
189.10
189.17
189.21
189.20
189.14
189.04
188.91
188.78
188.61
188.42
188.22
188.00
187.80
187.54
187.20
186.80
186.37
185.93
185.64
185.50
185.54
185.70
185.93
186.26
186.66
187.12
187.60
188.06
188.49
188.87
189.20
189.47
189.69
189.86
189.99
190.08
190.13
190.17
190.10
189.93
189.65
189.32
188.96
188.63
188.35
188.14
187.98
187.87
187.77
187.68
187.58
187.47
187.40
187.37
187.38
187.42
187.48
187.61
187.79
188.04
188.32
188.61
188.80
188.88
188.84
188.71
188.53
188.29
188.02
187.72
187.41
187.13
186.92
186.80
186.79
186.84
186.94
187.17
187.54
188.04
188.60
189.17
189.64
189.98
190.17
190.23
190.21
190.11
189.94
189.71
189.46
189.21
188.99
188.83
188.73
188.67
188.64
188.51
188.24
187.83
187.34
186.89
186.55
186.33
186.21
186.17
186.24
186.41
186.67
186.97
187.29
187.56
187.74
187.83
187.84
187.81
187.72
187.57
187.39
187.19
186.98
186.94
187.11
187.48
187.99
188.56
189.11
189.62
190.04
190.39
190.67
190.75
190.62
190.28
189.81
189.28
188.76
188.29
187.89
187.56
187.30
187.16
187.13
187.21
187.36
187.55
187.71
187.81
187.84
187.81
187.75
187.70
187.66
187.65
187.66
187.72
187.81
187.94
188.09
188.24
188.33
188.35
188.30
188.19
188.05
187.92
187.82
187.76
187.73
187.73
187.63
187.42
187.09
186.70
186.28
185.91
185.64
185.46
185.37
185.34
185.38
185.48
185.63
185.81
186.00
186.27
186.61
187.04
187.49
187.94
188.29
188.51
188.58
188.54
188.43
188.31
188.19
188.10
188.03
187.98
188.00
188.09
188.26
188.47
188.67
188.84
188.97
189.07
189.13
189.16
189.18
189.18
189.17
189.16
189.11
189.03
188.92
188.80
188.67
188.43
188.08
187.62
187.10
186.58
186.17
185.94
185.88
185.96
186.12
186.33
186.57
186.81
187.05
187.26
187.40
187.45
187.40
187.30
187.15
187.05
186.99
187.01
187.08
187.17
187.31
187.48
187.68
187.90
188.10
188.30
188.47
188.62
188.75
188.85
188.93
188.99
189.03
189.06
189.10
189.17
189.26
189.36
189.47
189.49
189.41
189.23
188.98
188.70
188.52
188.48
188.58
188.78
189.04
189.08
188.86
188.33
187.63
186.83
186.18
185.73
185.54
185.54
185.67
185.92
186.24
186.61
187.00
187.38
187.65
187.79
187.80
187.71
187.55
187.41
187.32
187.29
187.31
187.36
187.40
187.42
187.41
187.39
187.35
187.43
187.67
188.07
188.56
188.90
189.02
188.89
188.60
188.19
187.88
187.70
187.70
187.82
188.02
188.22
188.37
188.45
188.49
188.49
188.41
188.25
188.02
187.75
187.47
187.24
187.10
187.05
187.06
187.12
187.24
187.40
187.60
187.81
188.03
188.28
188.58
188.92
189.27
189.60
189.78
189.77
189.56
189.22
188.81
188.38
187.94
187.54
187.17
186.85
186.66
186.61
186.71
186.89
187.06
187.16
187.16
187.11
187.01
186.99
187.09
187.31
187.61
187.95
188.32
188.71
189.11
189.49
189.83
190.06
190.15
190.09
189.94
189.74
189.47
189.17
188.84
188.51
188.20
187.89
187.58
187.29
187.01
186.76
186.55
186.37
186.22
186.11
186.02
186.09
186.34
186.76
187.28
187.85
188.28
188.53
188.56
188.45
188.24
187.95
187.60
187.22
186.83
186.46
186.26
186.25
186.44
186.77
187.14
187.52
187.86
188.16
188.42
188.65
188.88
189.10
189.30
189.47
189.63
189.75
189.86
189.94
190.00
190.12
190.32
190.60
190.93
191.27
191.52
191.65
191.66
191.57
191.43
191.15
190.73
190.18
189.57
188.96
188.39
187.91
187.52
187.22
187.00
186.85
186.75
186.69
186.67
186.67
186.77
186.97
187.27
187.63
188.01
188.14
187.97
187.48
186.79
186.15
185.68
185.41
185.31
185.33
185.46
185.67
185.95
186.25
186.55
186.90
187.28
187.69
188.10
188.49
188.85
189.16
189.42
189.63
189.80
189.83
189.69
189.40
189.01
188.58
188.17
187.80
187.50
187.27
187.09
186.96
186.87
186.81
186.78
186.77
186.67
186.46
186.12
185.72
185.30
185.12
185.24
185.68
186.33
187.09
187.80
188.41
188.86
189.19
189.41
189.49
189.44
189.27
189.03
188.78
188.55
188.36
188.21
188.09
187.92
187.69
187.38
187.04
186.69
186.41
186.22
186.12
186.10
186.14
186.32
186.64
187.10
187.63
188.18
188.61
188.88
188.97
188.92
188.79
188.60
188.38
188.16
187.94
187.73
187.58
187.48
187.43
187.43
187.47
187.49
187.49
187.47
187.43
187.37
187.32
187.26
187.21
187.16
187.12
187.08
187.05
187.03
187.01
187.05
187.16
187.33
187.54
187.76
187.99
188.20
188.39
188.56
188.70
188.81
188.90
188.97
189.02
189.05
188.89
188.50
187.88
187.13
186.33
185.70
185.30
185.16
185.22
185.41
185.68
185.99
186.32
186.64
186.93
187.15
187.26
187.27
187.21
187.11
187.05
187.08
187.20
187.38
187.59
187.79
187.96
188.07
188.15
188.20
188.14
187.97
187.69
187.36
186.99
186.77
186.71
186.85
187.12
187.43
187.75
188.04
188.29
188.51
188.68
188.83
188.93
189.01
189.07
189.00
188.79
188.44
188.01
187.55
187.17
186.91
186.78
186.76
186.81
186.91
187.04
187.18
187.32
187.46
187.53
187.52
187.44
187.30
187.14
186.91
186.62
186.27
185.91
185.56
185.41
185.51
185.88
186.41
187.03
187.54
187.88
188.02
188.01
187.90
187.79
187.75
187.78
187.87
187.94
187.97
187.93
187.86
187.76
187.73
187.79
187.95
188.18
188.43
188.61
188.69
188.66
188.55
188.38
188.25
188.17
188.16
188.20
188.26
188.32
188.36
188.37
188.36
188.33
188.24
188.08
187.86
187.60
187.34
187.11
186.93
186.81
186.73
186.69
186.79
187.03
187.41
187.87
188.35
188.73
188.96
189.01
188.94
188.79
188.53
188.19
187.78
187.34
186.91
186.59
186.40
186.35
186.40
186.47
186.52
186.53
186.51
186.46
186.49
186.60
186.81
187.07
187.36
187.75
188.26
188.86
189.51
190.15
190.59
190.79
190.72
190.48
190.12
189.73
189.35
189.01
188.72
188.48
188.36
188.38
188.54
188.78
189.06
189.23
189.25
189.08
188.80
188.46
188.16
187.96
187.88
187.88
187.94
188.09
188.33
188.63
188.98
189.32
189.55
189.63
189.54
189.34
189.08
188.78
188.48
188.19
187.92
187.77
187.74
187.83
188.02
188.26
188.54
188.86
189.20
189.53
189.84
190.12
190.36
190.57
190.74
190.87
190.81
190.53
190.04
189.43
188.77
188.18
187.72
187.41
187.23
187.14
187.07
186.99
186.88
186.76
186.63
186.56
186.56
186.64
186.77
186.92
187.12
187.34
187.58
187.83
188.07
188.23
188.30
188.29
188.20
188.08
188.10
188.29
188.68
189.18
189.66
190.05
190.32
190.50
190.59
190.65
190.70
190.75
190.80
190.84
190.80
190.67
190.43
190.13
189.81
189.48
189.18
188.90
188.66
188.45
188.29
188.15
188.05
187.98
187.93
187.92
187.96
188.05
188.16
188.28
188.54
188.94
189.50
190.13
190.77
191.16
191.22
190.93
190.41
189.76
189.07
188.42
187.83
187.31
186.89
186.59
186.43
186.41
186.47
186.63
186.85
187.12
187.41
187.70
187.89
187.96
187.91
187.77
187.58
187.30
186.96
186.57
186.15
185.74
185.50
185.45
185.60
185.89
186.26
186.75
187.33
187.98
188.66
189.31
189.78
190.02
190.03
189.88
189.62
189.35
189.11
188.94
188.82
188.75
188.72
188.70
188.71
188.73
188.76
188.88
189.08
189.38
189.73
190.10
190.30
190.29
190.05
189.67
189.20
188.87
188.72
188.79
189.01
189.25
189.44
189.55
189.60
189.60
189.57
189.52
189.45
189.38
189.31
189.20
189.02
188.79
188.54
188.27
187.94
187.54
187.07
186.57
186.09
185.66
185.32
185.06
184.87
184.75
184.68
184.64
184.64
184.66
184.68
184.83
185.10
185.50
185.96
186.45
186.85
187.13
187.26
187.28
187.23
187.26
187.42
187.72
188.11
188.53
188.85
189.03
189.05
188.96
188.73
188.40
187.98
187.54
187.09
186.79
186.69
186.80
187.04
187.37
187.69
187.96
188.15
188.27
188.34
188.40
188.46
188.53
188.61
188.68
188.62
188.39
188.00
187.51
186.98
186.61
186.45
186.53
186.77
187.11
187.48
187.83
188.14
188.40
188.62
188.74
188.75
188.67
188.52
188.34
188.03
187.60
187.05
186.45
185.85
185.51
185.50
185.84
186.41
187.11
187.72
188.18
188.44
188.55
188.56
188.53
188.48
188.42
188.36
188.40
188.57
188.87
189.25
189.66
189.99
190.21
190.30
190.30
190.22
190.16
190.13
190.16
190.23
190.31
190.25
190.00
189.57
189.01
188.41
187.89
187.49
187.23
187.10
187.05
187.12
187.30
187.57
187.88
188.22
188.52
188.78
188.96
189.10
189.19
189.11
188.84
188.40
187.85
187.27
186.81
186.54
186.49
186.58
186.81
187.12
187.49
187.89
188.28
188.56
188.72
188.74
188.66
188.51
188.36
188.22
188.10
188.02
187.96
188.03
188.24
188.58
189.01
189.46
189.87
190.18
190.39
190.52
190.58
190.49
190.24
189.83
189.34
188.82
188.33
187.91
187.56
187.29
187.08
186.96
186.91
186.94
187.02
187.12
187.27
187.45
187.66
187.88
188.10
188.27
188.39
188.45
188.47
188.46
188.43
188.38
188.33
188.27
188.25
188.26
188.30
188.37
188.45
188.51
188.54
188.53
188.50
188.45
188.39
188.32
188.26
188.21
188.16
188.08
187.99
187.87
187.74
187.61
187.59
187.71
187.97
188.31
188.69
189.03
189.29
189.46
189.56
189.59
189.61
189.63
189.67
189.71
189.75
189.77
189.76
189.71
189.63
189.55
189.40
189.20
188.94
188.66
188.37
188.04
187.67
187.27
186.87
186.49
186.33
186.43
186.79
187.33
187.85
188.27
188.55
188.72
188.80
188.76
188.61
188.37
188.07
187.75
187.51
187.39
187.38
187.47
187.61
187.84
188.14
188.50
188.89
189.28
189.56
189.71
189.73
189.65
189.50
189.32
189.12
188.93
188.74
188.56
188.49
188.54
188.70
188.94
189.21
189.50
189.79
190.05
190.28
190.49
190.60
190.63
190.55
190.42
190.25
190.01
189.71
189.36
188.98
188.61
188.27
187.96
187.69
187.46
187.23
186.97
186.69
186.39
186.12
185.94
185.89
185.97
186.13
186.34
186.63
186.99
187.40
187.83
188.25
188.58
188.80
188.92
188.95
188.93
189.02
189.27
189.70
190.23
190.80
191.10
191.07
190.67
190.04
189.27
188.53
187.89
187.39
187.02
186.76
186.65
186.66
186.80
187.01
187.27
187.49
187.64
187.72
187.73
187.70
187.56
187.31
186.96
186.56
186.22
185.98
185.87
185.85
185.90
186.08
186.37
186.76
187.22
187.68
188.03
188.21
188.22
188.11
187.92
187.79
187.77
187.87
188.05
188.29
188.57
188.88
189.22
189.54
189.85
190.10
190.29
190.40
190.46
190.47
190.38
190.17
189.86
189.49
189.09
188.60
188.00
187.32
186.61
185.92
185.44
185.22
185.26
185.49
185.84
186.25
186.69
187.12
187.52
187.91
188.28
188.63
188.95
189.23
189.47
189.66
189.82
189.93
190.02
189.89
189.53
188.92
188.18
187.39
186.70
186.19
185.87
185.70
185.66
185.72
185.88
186.10
186.36
186.63
186.89
187.13
187.35
187.53
187.69
187.92
188.25
188.68
189.16
189.65
189.98
190.12
190.05
189.84
189.54
189.22
188.92
188.66
188.44
188.27
188.02
187.69
187.26
186.78
186.30
185.97
185.84
185.91
186.13
186.38
186.62
186.80
186.95
187.05
187.12
187.16
187.18
187.18
187.18
187.22
187.31
187.47
187.66
187.87
188.15
188.52
188.96
189.43
189.90
190.24
190.40
190.39
190.26
190.04
189.75
189.42
189.06
188.69
188.34
188.22
188.34
188.73
189.29
189.93
190.41
190.66
190.64
190.43
190.10
189.65
189.11
188.51
187.91
187.33
186.90
186.67
186.62
186.72
186.83
186.90
186.91
186.86
186.78
186.74
186.75
186.82
186.94
187.07
187.25
187.45
187.67
187.90
188.12
188.32
188.50
188.65
188.77
188.87
188.87
188.75
188.52
188.23
187.90
187.68
187.59
187.66
187.84
188.07
188.31
188.53
188.71
188.85
188.96
189.04
189.09
189.12
189.14
189.14
189.08
188.96
188.76
188.53
188.29
188.13
188.08
188.15
188.29
188.49
188.70
188.92
189.14
189.33
189.53
189.73
189.95
190.15
190.34
190.32
190.06
189.56
188.91
188.19
187.49
186.85
186.30
185.85
185.49
185.37
185.51
185.90
186.44
187.07
187.56
187.84
187.89
187.77
187.54
187.29
187.08
186.92
186.82
186.76
186.70
186.63
186.55
186.47
186.38
186.38
186.48
186.69
186.96
187.25
187.37
187.25
186.89
186.38
185.78
185.41
185.32
185.56
186.02
186.43
186.67
186.70
186.58
186.35
186.18
186.10
186.14
186.27
186.46
186.78
187.23
187.80
188.42
189.05
189.51
189.77
189.80
189.68
189.45
189.21
189.00
188.86
188.76
188.71
188.63
188.52
188.36
188.18
187.98
187.80
187.62
187.47
187.33
187.22
187.18
187.23
187.36
187.53
187.73
187.81
187.73
187.47
187.10
186.68
186.29
185.98
185.76
185.62
185.54
185.57
185.69
185.89
186.15
186.43
186.71
186.98
187.22
187.43
187.63
187.83
188.04
188.23
188.41
188.59
188.78
188.98
189.18
189.35
189.46
189.48
189.42
189.30
189.15
189.03
188.98
188.99
189.06
189.15
189.26
189.38
189.50
189.61
189.70
189.73
189.69
189.57
189.40
189.20
189.01
188.81
188.63
188.47
188.34
188.30
188.38
188.58
188.85
189.15
189.35
189.42
189.34
189.16
188.92
188.65
188.37
188.10
187.85
187.71
187.70
187.81
188.01
188.25
188.49
188.70
188.86
188.98
189.06
189.17
189.32
189.52
189.73
189.95
190.13
190.27
190.35
190.38
190.39
190.32
190.17
189.95
189.70
189.42
189.11
188.74
188.34
187.93
187.55
187.27
187.13
187.13
187.23
187.40
187.55
187.65
187.68
187.67
187.63
187.59
187.57
187.58
187.61
187.65
187.70
187.75
187.80
187.84
187.83
187.75
187.60
187.41
187.20
187.07
187.04
187.13
187.28
187.49
187.66
187.77
187.81
187.79
187.73
187.66
187.57
187.47
187.38
187.30
187.28
187.33
187.45
187.62
187.82
187.99
188.12
188.21
188.26
188.28
188.25
188.18
188.07
187.93
187.79
187.64
187.51
187.38
187.28
187.19
187.09
186.98
186.84
186.71
186.57
186.47
186.42
186.41
186.44
186.54
186.72
186.96
187.24
187.53
187.76
187.91
187.96
187.95
187.89
187.85
187.86
187.93
188.03
188.16
188.26
188.34
188.37
188.37
188.36
188.33
188.29
188.24
188.20
188.16
188.10
188.01
187.89
187.76
187.63
187.48
187.30
187.11
186.92
186.74
186.62
186.59
186.64
186.75
186.89
186.86
186.63
186.16
185.55
184.89
184.37
184.07
184.02
184.14
184.38
184.68
185.02
185.37
185.69
186.10
186.59
187.17
187.79
188.39
188.92
189.37
189.71
189.97
190.15
190.08
189.75
189.16
188.41
187.60
186.92
186.43
186.18
186.09
186.14
186.24
186.37
186.49
186.60
186.70
186.74
186.69
186.57
186.40
186.21
186.04
185.90
185.81
185.76
185.73
185.70
185.66
185.59
185.51
185.43
185.32
185.19
185.03
184.87
184.71
184.61
184.59
184.65
184.76
184.99
185.32
185.75
186.23
186.71
187.11
187.42
187.61
187.71
187.75
187.65
187.43
187.09
186.68
186.26
185.95
185.78
185.79
185.91
186.11
186.51
187.11
187.90
188.77
189.67
190.40
190.90
191.15
191.21
191.13
190.94
190.66
190.32
189.96
189.60
189.27
188.96
188.70
188.48
188.29
188.10
187.88
187.62
187.35
187.09
186.99
187.06
187.32
187.70
188.14
188.55
188.89
189.13
189.30
189.37
189.36
189.28
189.15
189.01
188.88
188.78
188.72
188.69
188.69
188.76
188.90
189.11
189.36
189.62
189.83
189.95
189.99
189.96
189.89
189.69
189.35
188.88
188.34
187.79
187.22
186.67
186.14
185.65
185.22
184.96
184.89
185.00
185.24
185.56
185.94
186.36
186.79
187.21
187.60
187.92
188.17
188.33
188.42
188.47
188.45
188.37
188.24
188.08
187.89
187.67
187.42
187.17
186.94
186.75
186.61
186.54
186.52
186.52
186.63
186.85
187.17
187.55
187.94
188.25
188.44
188.49
188.45
188.34
188.25
188.20
188.21
188.25
188.33
188.44
188.59
188.77
188.96
189.15
189.30
189.41
189.46
189.47
189.45
189.42
189.37
189.32
189.26
189.21
189.14
189.04
188.91
188.77
188.64
188.53
188.47
188.46
188.48
188.52
188.57
188.63
188.70
188.76
188.78
188.78
188.73
188.66
188.57
188.48
188.39
188.31
188.23
188.17
188.03
187.82
187.51
187.17
186.81
186.52
186.31
186.20
186.17
186.19
186.27
186.41
186.59
186.80
187.00
187.23
187.47
187.72
187.96
188.19
188.28
188.23
188.01
187.71
187.34
187.07
186.93
186.94
187.06
187.25
187.45
187.63
187.77
187.89
187.98
188.06
188.16
188.28
188.40
188.46
188.45
188.37
188.24
188.08
187.88
187.66
187.41
187.17
186.93
186.79
186.78
186.89
187.07
187.31
187.51
187.65
187.71
187.72
187.69
187.68
187.72
187.81
187.94
188.09
188.19
188.22
188.18
188.09
187.96
187.91
187.94
188.07
188.27
188.50
188.63
188.64
188.50
188.27
187.99
187.77
187.64
187.62
187.68
187.79
187.75
187.50
187.04
186.44
185.79
185.21
184.75
184.44
184.26
184.24
184.40
184.70
185.08
185.51
185.89
186.19
186.39
186.51
186.56
186.60
186.63
186.67
186.72
186.77
186.79
186.77
186.72
186.65
186.56
186.47
186.38
186.30
186.22
186.16
186.19
186.32
186.55
186.84
187.17
187.36
187.38
187.21
186.92
186.57
186.28
186.13
186.11
186.21
186.37
186.70
187.21
187.87
188.61
189.36
189.89
190.15
190.11
189.87
189.57
189.29
189.07
188.92
188.82
188.70
188.56
188.37
188.17
187.96
187.77
187.59
187.44
187.30
187.19
187.13
187.12
187.16
187.24
187.33
187.30
187.11
186.76
186.31
185.82
185.46
185.28
185.30
185.45
185.70
186.15
186.81
187.66
188.59
189.53
190.24
190.66
190.76
190.63
190.34
189.94
189.45
188.93
188.41
187.91
187.55
187.32
187.26
187.31
187.43
187.55
187.63
187.65
187.63
187.58
187.52
187.45
187.37
187.30
187.26
187.26
187.30
187.36
187.44
187.55
187.69
187.86
188.04
188.22
188.31
188.28
188.15
187.93
187.68
187.47
187.32
187.25
187.25
187.28
187.35
187.42
187.51
187.60
187.68
187.67
187.57
187.36
187.08
186.78
186.55
186.43
186.43
186.51
186.65
186.90
187.25
187.70
188.19
188.68
189.15
189.58
189.96
190.28
190.43
190.41
190.21
189.90
189.53
189.16
188.83
188.55
188.32
188.15
187.99
187.84
187.69
187.55
187.42
187.31
187.21
187.13
187.07
187.02
186.96
186.88
186.78
186.66
186.55
186.57
186.76
187.11
187.57
188.08
188.59
189.07
189.52
189.91
190.24
190.35
190.22
189.86
189.34
188.74
188.18
187.70
187.32
187.04
186.84
186.73
186.72
186.77
186.88
187.01
187.18
187.39
187.62
187.85
188.11
188.37
188.64
188.91
189.15
189.31
189.38
189.36
189.27
189.14
189.07
189.08
189.19
189.36
189.57
189.82
190.10
190.40
190.69
190.97
191.08
191.01
190.75
190.36
189.91
189.60
189.49
189.59
189.85
190.20
190.46
190.57
190.52
190.35
190.10
189.81
189.52
189.23
188.96
188.72
188.57
188.51
188.55
188.66
188.80
188.97
189.14
189.30
189.46
189.60
189.71
189.81
189.89
189.95
190.02
190.11
190.22
190.34
190.46
190.46
190.34
190.07
189.72
189.32
188.93
188.54
188.19
187.88
187.62
187.37
187.14
186.92
186.71
186.53
186.40
186.33
186.31
186.34
186.39
186.52
186.71
186.97
187.26
187.55
187.84
188.10
188.33
188.53
188.69
188.90
189.18
189.52
189.89
190.27
190.41
190.27
189.84
189.23
188.62
188.11
187.75
187.51
187.37
187.19
186.96
186.63
186.26
185.88
185.62
185.51
185.57
185.74
185.98
186.26
186.54
186.82
187.08
187.31
187.48
187.59
187.63
187.63
187.59
187.56
187.55
187.57
187.60
187.65
187.67
187.67
187.63
187.57
187.49
187.44
187.42
187.44
187.48
187.54
187.50
187.33
187.04
186.67
186.27
185.87
185.49
185.14
184.84
184.58
184.45
184.45
184.59
184.82
185.15
185.56
186.03
186.52
186.99
187.38
187.66
187.82
187.88
187.88
187.84
187.76
187.67
187.56
187.46
187.45
187.53
187.72
187.98
188.27
188.53
188.76
188.93
189.05
189.14
189.22
189.30
189.39
189.49
189.59
189.65
189.68
189.66
189.61
189.54
189.49
189.47
189.48
189.52
189.57
189.58
189.52
189.41
189.25
189.07
188.89
188.71
188.55
188.41
188.18
187.85
187.41
186.93
186.43
186.03
185.76
185.64
185.63
185.69
185.81
185.95
186.11
186.27
186.42
186.61
186.84
187.12
187.42
187.71
188.01
188.31
188.62
188.90
189.16
189.39
189.58
189.74
189.86
189.95
189.92
189.73
189.41
188.99
188.55
188.12
187.75
187.45
187.22
187.04
186.89
186.75
186.61
186.48
186.36
186.42
186.68
187.15
187.73
188.37
188.96
189.45
189.83
190.10
190.23
190.23
190.11
189.92
189.68
189.45
189.25
189.09
188.98
188.90
188.69
188.32
187.78
187.14
186.47
186.03
185.88
186.05
186.43
186.95
187.44
187.86
188.16
188.36
188.48
188.52
188.47
188.36
188.21
188.04
187.84
187.61
187.37
187.13
186.89
186.74
186.67
186.69
186.78
186.90
187.05
187.20
187.35
187.49
187.62
187.78
187.98
188.24
188.51
188.78
189.03
189.26
189.46
189.63
189.66
189.54
189.27
188.90
188.49
188.12
187.83
187.64
187.52
187.46
187.42
187.39
187.34
187.29
187.24
187.19
187.15
187.11
187.08
187.05
187.03
187.01
187.00
186.99
186.98
186.93
186.81
186.63
186.42
186.20
186.11
186.19
186.45
186.82
187.25
187.51
187.55
187.33
186.95
186.47
185.97
185.50
185.10
184.75
184.47
184.30
184.25
184.30
184.43
184.64
184.89
185.18
185.48
185.77
185.96
186.03
185.97
185.82
185.62
185.50
185.50
185.63
185.85
186.11
186.48
186.94
187.48
188.05
188.60
189.07
189.41
189.63
189.76
189.80
189.79
189.74
189.66
189.58
189.48
189.37
189.23
189.06
188.89
188.72
188.59
188.51
188.48
188.48
188.51
188.48
188.37
188.16
187.90
187.62
187.38
187.23
187.16
187.16
187.17
187.19
187.19
187.18
187.16
187.12
187.04
186.93
186.80
186.67
186.57
186.50
186.49
186.50
186.54
186.62
186.73
186.88
187.05
187.21
187.40
187.60
187.81
188.03
188.23
188.39
188.49
188.54
188.54
188.51
188.52
188.58
188.69
188.85
189.01
189.08
189.01
188.80
188.51
188.17
187.79
187.38
186.97
186.58
186.22
185.80
185.30
184.72
184.11
183.52
183.08
182.82
182.75
182.83
183.02
183.30
183.65
184.01
184.37
184.85
185.44
186.16
186.92
187.67
188.32
188.84
189.21
189.46
189.61
189.76
189.95
190.19
190.46
190.72
190.95
191.13
191.25
191.32
191.35
191.32
191.25
191.13
190.99
190.83
190.55
190.12
189.54
188.90
188.24
187.73
187.44
187.36
187.46
187.65
187.89
188.13
188.35
188.53
188.69
188.84
188.99
189.16
189.32
189.41
189.43
189.36
189.25
189.10
188.83
188.43
187.92
187.35
186.77
186.38
186.22
186.31
186.57
186.93
187.32
187.70
188.04
188.32
188.56
188.64
188.56
188.31
187.96
187.56
187.27
187.15
187.21
187.41
187.69
187.92
188.08
188.13
188.11
188.03
187.95
187.88
187.84
187.82
187.82
187.77
187.67
187.51
187.32
187.11
186.91
186.72
186.54
186.39
186.27
186.17
186.09
186.02
185.98
186.06
186.27
186.62
187.04
187.50
187.84
188.04
188.07
187.98
187.81
187.68
187.61
187.64
187.73
187.87
187.97
188.01
187.99
187.92
187.82
187.79
187.85
188.00
188.22
188.46
188.56
188.46
188.15
187.72
187.21
186.77
186.43
186.22
186.12
186.09
186.17
186.36
186.63
186.94
187.27
187.57
187.82
188.00
188.13
188.21
188.25
188.27
188.27
188.26
188.39
188.71
189.21
189.82
190.47
190.82
190.79
190.36
189.66
188.82
187.99
187.27
186.70
186.26
185.93
185.74
185.65
185.67
185.75
185.87
185.97
186.01
185.98
185.91
185.81
185.81
185.92
186.17
186.49
186.85
187.16
187.40
187.55
187.62
187.64
187.67
187.74
187.85
187.99
188.14
188.27
188.36
188.40
188.41
188.39
188.39
188.40
188.45
188.50
188.57
188.64
188.71
188.78
188.83
188.77
188.58
188.26
187.86
187.43
187.15
187.09
187.25
187.56
187.97
188.31
188.53
188.60
188.57
188.46
188.36
188.30
188.29
188.32
188.38
188.54
188.79
189.14
189.54
189.95
190.24
190.38
190.35
190.20
189.98
189.74
189.53
189.35
189.20
189.09
188.98
188.86
188.74
188.61
188.48
188.37
188.27
188.19
188.12
188.07
188.00
187.91
187.80
187.68
187.51
187.28
186.99
186.69
186.39
186.13
185.92
185.79
185.70
185.66
185.75
185.99
186.37
186.84
187.33
187.71
187.94
188.00
187.93
187.78
187.58
187.35
187.12
186.90
186.70
186.52
186.37
186.24
186.14
186.06
186.00
185.96
185.93
185.92
185.91
185.99
186.17
186.44
186.77
187.12
187.42
187.63
187.74
187.78
187.76
187.74
187.73
187.73
187.75
187.77
187.85
188.00
188.21
188.45
188.57
188.53
188.31
187.98
187.59
187.18
186.78
186.40
186.06
185.76
185.67
185.82
186.20
186.72
187.31
187.76
188.01
188.03
187.88
187.62
187.27
186.86
186.42
185.99
185.58
185.23
184.96
184.78
184.66
184.59
184.62
184.74
184.95
185.20
185.48
185.72
185.92
186.07
186.17
186.23
186.39
186.68
187.12
187.63
188.17
188.52
188.61
188.43
188.06
187.64
187.24
186.88
186.59
186.35
186.22
186.20
186.28
186.42
186.61
186.76
186.86
186.88
186.84
186.77
186.77
186.84
187.00
187.23
187.48
187.68
187.82
187.87
187.85
187.80
187.75
187.71
187.70
187.71
187.73
187.73
187.71
187.65
187.58
187.50
187.36
187.16
186.91
186.63
186.35
186.16
186.08
186.13
186.27
186.45
186.62
186.72
186.76
186.74
186.69
186.78
187.04
187.49
188.04
188.46
188.65
188.60
188.37
188.02
187.70
187.45
187.31
187.24
187.24
187.25
187.26
187.25
187.23
187.20
187.31
187.56
187.98
188.49
189.03
189.44
189.66
189.67
189.54
189.31
189.08
188.89
188.76
188.68
188.64
188.69
188.82
189.03
189.28
189.54
189.68
189.64
189.42
189.08
188.68
188.31
188.01
187.79
187.66
187.58
187.57
187.63
187.74
187.89
187.95
187.88
187.68
187.40
187.07
186.76
186.49
186.27
186.10
185.98
185.92
185.93
185.99
186.08
186.20
186.32
186.45
186.56
186.67
186.76
186.84
186.90
186.95
186.98
187.01
187.08
187.21
187.39
187.61
187.83
188.08
188.34
188.61
188.88
189.12
189.29
189.36
189.34
189.26
189.13
188.98
188.82
188.67
188.52
188.39
188.26
188.11
187.94
187.78
187.62
187.47
187.35
187.24
187.15
187.03
186.86
186.65
186.40
186.16
186.12
186.30
186.74
187.33
187.99
188.59
189.07
189.40
189.61
189.73
189.85
190.01
190.23
190.48
190.73
190.87
190.87
190.72
190.46
190.15
189.82
189.49
189.18
188.90
188.65
188.47
188.36
188.32
188.32
188.36
188.45
188.58
188.75
188.94
189.12
189.14
188.96
188.56
188.04
187.46
186.95
186.56
186.30
186.16
186.11
186.17
186.34
186.60
186.91
187.24
187.57
187.87
188.14
188.38
188.53
188.58
188.52
188.41
188.25
188.07
187.89
187.72
187.56
187.41
187.21
186.94
186.59
186.21
185.82
185.53
185.37
185.34
185.41
185.55
185.77
186.07
186.44
186.84
187.23
187.68
188.19
188.74
189.31
189.85
190.26
190.53
190.63
190.61
190.52
190.42
190.36
190.35
190.38
190.43
190.36
190.15
189.78
189.32
188.84
188.40
188.01
187.69
187.42
187.22
187.06
186.95
186.87
186.82
186.85
186.96
187.15
187.38
187.62
187.84
188.02
188.14
188.22
188.26
188.36
188.53
188.78
189.07
189.38
189.55
189.55
189.35
189.04
188.66
188.27
187.92
187.63
187.39
187.20
187.08
187.04
187.06
187.12
187.21
187.29
187.35
187.36
187.36
187.34
187.27
187.18
187.05
186.90
186.75
186.68
186.72
186.87
187.08
187.31
187.52
187.70
187.83
187.94
187.99
187.98
187.93
187.84
187.73
187.67
187.67
187.75
187.86
188.01
188.16
188.31
188.46
188.59
188.70
188.79
188.87
188.93
188.98
189.01
189.06
189.13
189.23
189.34
189.45
189.48
189.41
189.23
188.98
188.70
188.39
188.06
187.71
187.38
187.07
186.88
186.82
186.89
187.06
187.28
187.55
187.86
188.19
188.52
188.83
189.11
189.35
189.55
189.72
189.78
189.70
189.51
189.24
188.93
188.58
188.22
187.84
187.48
187.14
186.93
186.85
186.91
187.06
187.27
187.43
187.51
187.48
187.38
187.24
187.07
186.90
186.73
186.57
186.43
186.41
186.54
186.82
187.18
187.58
188.05
188.56
189.10
189.64
190.14
190.48
190.64
190.62
190.46
190.21
189.90
189.54
189.15
188.76
188.39
188.14
188.03
188.05
188.17
188.27
188.32
188.28
188.18
188.05
187.90
187.75
187.60
187.47
187.35
187.25
187.16
187.09
187.04
187.00
187.03
187.12
187.29
187.50
187.73
188.01
188.34
188.71
189.09
189.47
189.70
189.77
189.68
189.47
189.19
188.93
188.72
188.60
188.53
188.50
188.59
188.80
189.11
189.49
189.89
190.12
190.14
189.93
189.58
189.14
188.74
188.44
188.26
188.17
188.15
188.08
187.91
187.64
187.31
187.12
187.11
187.31
187.65
188.07
188.41
188.62
188.69
188.65
188.53
188.36
188.17
187.98
187.79
187.62
187.43
187.24
187.04
186.85
186.66
186.42
186.11
185.72
185.31
184.89
184.63
184.57
184.70
184.97
185.32
185.77
186.28
186.83
187.39
187.92
188.38
188.75
189.02
189.21
189.33
189.31
189.17
188.90
188.55
188.17
187.85
187.60
187.44
187.37
187.37
187.45
187.59
187.76
187.95
188.19
188.48
188.82
189.17
189.52
189.65
189.54
189.16
188.62
188.00
187.43
186.96
186.64
186.43
186.32
186.22
186.11
185.98
185.83
185.69
185.65
185.75
186.00
186.33
186.71
187.09
187.47
187.81
188.11
188.37
188.56
188.68
188.72
188.72
188.67
188.55
188.36