211.40
211.62
211.75
211.80
211.77
211.66
211.50
211.30
211.10
210.97
210.96
211.05
211.23
211.44
211.59
211.66
211.61
211.50
211.33
211.12
210.87
210.60
210.32
210.06
209.76
209.43
209.07
208.71
208.36
208.21
208.28
208.58
209.02
209.55
210.07
210.56
210.98
211.32
211.60
211.82
211.98
212.10
212.17
212.13
211.98
211.71
211.38
211.02
210.77
210.66
210.70
210.86
211.08
211.29
211.44
211.53
211.56
211.55
211.52
211.47
211.40
211.34
211.28
211.24
211.25
211.29
211.36
211.44
211.53
211.61
211.70
211.77
211.83
211.89
211.93
211.96
211.99
212.01
212.15
212.45
212.90
213.43
214.00
214.34
214.40
214.16
213.71
213.14
212.55
211.99
211.49
211.06
210.80
210.75
210.88
211.14
211.47
211.79
212.05
212.23
212.34
212.40
212.37
212.25
212.04
211.79
211.52
211.27
211.07
210.93
210.83
210.77
210.77
210.82
210.92
211.04
211.18
211.30
211.38
211.41
211.41
211.39
211.36
211.31
211.27
211.22
211.17
211.13
211.10
211.07
211.04
211.02
211.11
211.33
211.68
212.10
212.55
212.92
213.17
213.28
213.29
213.23
213.04
212.73
212.31
211.85
211.29
210.65
209.96
209.26
208.60
208.15
207.97
208.05
208.32
208.71
209.08
209.37
209.56
209.66
209.69
209.84
210.14
210.61
211.17
211.77
212.36
212.92
213.42
213.86
214.22
214.42
214.42
214.24
213.94
213.58
213.13
212.62
212.07
211.52
211.00
210.66
210.54
210.64
210.88
211.22
211.48
211.59
211.53
211.35
211.10
210.79
210.43
210.05
209.68
209.30
208.92
208.56
208.22
207.91
207.63
207.35
207.09
206.84
206.63
206.63
206.88
207.38
208.03
208.75
209.49
210.19
210.83
211.40
211.88
212.12
212.09
211.80
211.34
210.78
210.38
210.20
210.27
210.52
210.89
211.23
211.49
211.65
211.73
211.75
211.66
211.49
211.24
210.94
210.62
210.45
210.45
210.65
210.96
211.34
211.78
212.24
212.72
213.17
213.34
213.19
212.71
212.00
211.19
210.48
209.94
209.62
209.47
209.44
209.48
209.55
209.62
209.69
209.76
210.01
210.46
211.13
211.91
212.73
213.32
213.60
213.56
213.29
212.87
212.36
211.83
211.31
210.82
210.38
210.07
209.93
209.93
210.05
210.23
210.35
210.36
210.24
210.04
209.79
209.62
209.58
209.68
209.87
210.12
210.37
210.59
210.77
210.91
211.01
211.00
210.87
210.63
210.32
210.06
209.88
209.82
209.84
209.92
209.95
209.91
209.77
209.59
209.37
209.25
209.26
209.42
209.66
209.96
210.22
210.42
210.54
210.59
210.60
210.49
210.27
209.94
209.55
209.14
208.85
208.70
208.72
208.86
209.07
209.37
209.75
210.19
210.65
211.10
211.41
211.55
211.51
211.35
211.11
210.88
210.71
210.60
210.54
210.53
210.46
210.32
210.10
209.84
209.55
209.27
209.00
208.76
208.55
208.51
208.65
208.99
209.43
209.94
210.46
210.95
211.41
211.82
212.17
212.40
212.52
212.52
212.44
212.30
212.11
211.88
211.62
211.35
211.08
210.84
210.63
210.44
210.29
210.17
210.13
210.17
210.30
210.48
210.69
210.96
211.28
211.66
212.04
212.42
212.71
212.91
212.99
213.00
212.96
212.90
212.85
212.82
212.82
212.82
212.72
212.51
212.18
211.77
211.39
211.08
210.86
210.71
210.62
210.52
210.40
210.24
210.06
209.88
209.65
209.38
209.06
208.72
208.40
208.15
207.99
207.94
207.95
208.02
208.10
208.16
208.19
208.20
208.20
208.22
208.25
208.32
208.41
208.50
208.69
209.01
209.44
209.94
210.45
210.86
211.14
211.28
211.31
211.26
211.24
211.28
211.40
211.56
211.76
211.88
211.91
211.82
211.67
211.52
211.42
211.38
211.38
211.42
211.37
211.21
210.92
210.57
210.18
209.76
209.34
208.92
208.52
208.16
207.92
207.83
207.88
208.03
208.24
208.51
208.81
209.15
209.48
209.79
210.08
210.33
210.54
210.71
210.84
211.00
211.19
211.42
211.67
211.91
212.14
212.35
212.53
212.68
212.80
212.84
212.80
212.68
212.50
212.30
212.11
211.96
211.86
211.79
211.65
211.41
211.06
210.65
210.22
209.88
209.67
209.58
209.60
209.69
209.71
209.64
209.45
209.18
208.88
208.62
208.43
208.33
208.29
208.31
208.51
208.92
209.54
210.26
211.02
211.68
212.21
212.56
212.78
212.89
212.90
212.81
212.65
212.46
212.24
211.99
211.73
211.45
211.18
210.93
210.72
210.59
210.51
210.48
210.49
210.50
210.49
210.46
210.41
210.36
210.27
210.16
210.02
209.86
209.66
209.40
209.08
208.76
208.43
208.13
207.85
207.62
207.42
207.26
207.24
207.37
207.66
208.04
208.46
209.00
209.65
210.39
211.15
211.89
212.42
212.68
212.67
212.47
212.14
211.88
211.74
211.76
211.90
212.11
212.25
212.28
212.18
211.99
211.75
211.63
211.65
211.85
212.16
212.52
212.80
212.96
212.96
212.86
212.69
212.43
212.08
211.68
211.25
210.86
210.53
210.26
210.07
209.92
209.85
209.85
209.91
210.02
210.14
210.32
210.57
210.87
211.20
211.52
211.67
211.60
211.31
210.87
210.36
209.98
209.80
209.84
210.04
210.34
210.63
210.89
211.07
211.20
211.28
211.31
211.33
211.32
211.29
211.26
211.22
211.19
211.15
211.12
211.09
211.01
210.87
210.68
210.45
210.21
210.04
209.94
209.92
209.97
210.06
210.17
210.30
210.42
210.54
210.75
211.08
211.51
212.00
212.51
212.78
212.77
212.46
211.94
211.32
210.79
210.41
210.23
210.20
210.27
210.23
210.02
209.60
209.06
208.46
207.97
207.62
207.45
207.42
207.48
207.71
208.10
208.63
209.24
209.87
210.37
210.70
210.84
210.84
210.74
210.56
210.30
210.00
209.68
209.37
209.10
208.90
208.76
208.67
208.63
208.65
208.72
208.84
208.98
209.11
209.21
209.27
209.29
209.30
209.39
209.59
209.92
210.31
210.73
211.01
211.11
211.02
210.79
210.48
210.27
210.20
210.30
210.51
210.79
211.06
211.26
211.40
211.47
211.49
211.51
211.54
211.58
211.63
211.69
211.77
211.88
212.02
212.17
212.32
212.43
212.50
212.52
212.51
212.47
212.37
212.20
211.96
211.69
211.41
211.16
210.97
210.83
210.75
210.76
210.85
211.04
211.27
211.53
211.70
211.78
211.74
211.61
211.44
211.24
211.04
210.84
210.65
210.49
210.32
210.15
209.96
209.78
209.61
209.38
209.08
208.70
208.30
207.89
207.61
207.48
207.53
207.70
207.94
208.30
208.76
209.31
209.89
210.47
211.06
211.66
212.26
212.82
213.33
213.76
214.08
214.30
214.44
214.51
214.38
214.02
213.45
212.76
212.15
211.71
211.46
211.38
211.40
211.53
211.74
212.01
212.30
212.60
212.80
212.89
212.85
212.72
212.54
212.36
212.20
212.07
211.98
211.92
211.72
211.36
210.81
210.18
209.51
209.01
208.74
208.73
208.89
209.17
209.50
209.82
210.10
210.35
210.56
210.84
211.20
211.66
212.16
212.66
213.06
213.32
213.43
213.43
213.36
213.23
213.08
212.91
212.75
212.59
212.35
211.99
211.53
211.02
210.53
210.09
209.72
209.43
209.19
209.00
208.82
208.65
208.50
208.36
208.25
208.16
208.08
208.03
207.99
207.99
208.03
208.11
208.21
208.32
208.41
208.47
208.48
208.47
208.43
208.43
208.49
208.62
208.78
208.95
209.27
209.73
210.33
211.00
211.69
212.16
212.36
212.27
211.97
211.56
211.15
210.82
210.60
210.47
210.40
210.33
210.24
210.11
209.96
209.88
209.90
210.03
210.22
210.45
210.67
210.85
210.99
211.09
211.15
211.18
211.20
211.20
211.19
211.17
211.20
211.30
211.45
211.64
211.85
212.00
212.08
212.08
212.02
211.93
211.73
211.43
211.04
210.60
210.16
209.81
209.59
209.51
209.54
209.63
209.66
209.60
209.41
209.15
208.86
208.58
208.34
208.15
208.01
207.91
207.88
207.90
207.97
208.08
208.17
208.25
208.28
208.29
208.29
208.32
208.40
208.55
208.73
208.92
209.20
209.55
209.98
210.45
210.91
211.37
211.82
212.26
212.65
213.00
213.33
213.63
213.92
214.18
214.40
214.48
214.41
214.17
213.84
213.45
213.08
212.75
212.47
212.25
212.09
211.86
211.55
211.14
210.69
210.22
209.81
209.46
209.19
208.99
208.85
208.84
208.97
209.21
209.54
209.89
210.10
210.10
209.88
209.52
209.24
209.12
209.18
209.37
209.65
210.08
210.64
211.32
212.05
212.77
213.18
213.22
212.86
212.24
211.47
210.72
210.07
209.55
209.16
208.87
208.73
208.73
208.85
209.05
209.29
209.55
209.82
210.06
210.28
210.48
210.56
210.52
210.36
210.12
209.84
209.60
209.42
209.33
209.30
209.32
209.37
209.44
209.51
209.59
209.67
209.66
209.56
209.34
209.07
208.79
208.54
208.34
208.18
208.06
207.94
207.82
207.70
207.57
207.45
207.34
207.25
207.17
207.11
207.06
207.15
207.41
207.84
208.36
208.92
209.45
209.92
210.30
210.61
210.85
210.97
210.97
210.87
210.70
210.49
210.29
210.12
210.00
209.91
209.85
209.93
210.14
210.50
210.94
211.41
211.77
211.98
212.03
211.95
211.79
211.53
211.18
210.77
210.34
209.90
209.50
209.14
208.82
208.56
208.42
208.42
208.56
208.79
209.07
209.45
209.92
210.46
211.03
211.59
211.98
212.16
212.12
211.92
211.62
211.33
211.08
210.90
210.78
210.71
210.70
210.75
210.85
210.98
211.13
211.23
211.26
211.21
211.11
210.98
210.89
210.87
210.90
210.99
211.11
211.13
211.03
210.80
210.49
210.13
209.75
209.34
208.93
208.54
208.19
208.04
208.11
208.43
208.90
209.31
209.59
209.71
209.70
209.60
209.53
209.51
209.58
209.71
209.86
209.90
209.79
209.50
209.12
208.68
208.42
208.38
208.61
209.00
209.49
210.04
210.63
211.22
211.79
212.30
212.72
213.05
213.27
213.42
213.50
213.52
213.52
213.48
213.43
213.38
213.40
213.51
213.72
213.99
214.29
214.40
214.28
213.92
213.40
212.80
212.26
211.83
211.53
211.35
211.20
211.06
210.91
210.75
210.60
210.44
210.26
210.07
209.87
209.69
209.48
209.22
208.92
208.61
208.30
208.07
207.93
207.89
207.92
208.00
208.19
208.49
208.88
209.33
209.78
210.19
210.53
210.80
211.00
211.14
211.28
211.44
211.64
211.86
212.07
212.24
212.36
212.42
212.44
212.44
212.43
212.45
212.49
212.55
212.61
212.70
212.82
212.97
213.13
213.20
213.18
213.05
212.85
212.60
212.32
212.02
211.69
211.38
211.08
210.95
211.01
211.26
211.64
212.08
212.60
213.18
213.78
214.38
214.94
215.14
214.95
214.33
213.46
212.44
211.47
210.61
209.93
209.40
209.01
208.84
208.89
209.14
209.53
209.98
210.46
210.94
211.38
211.77
212.12
212.43
212.72
212.99
213.24
213.45
213.52
213.44
213.19
212.85
212.46
212.05
211.66
211.30
210.97
210.74
210.63
210.62
210.68
210.80
210.97
211.19
211.44
211.70
211.95
212.10
212.13
212.04
211.87
211.65
211.33
210.91
210.41
209.87
209.35
208.98
208.83
208.88
209.09
209.39
209.74
210.11
210.47
210.80
211.10
211.33
211.48
211.57
211.60
211.58
211.54
211.49
211.42
211.35
211.29
211.17
211.00
210.77
210.52
210.26
209.99
209.70
209.41
209.13
208.98
208.98
209.15
209.41
209.74
210.01
210.18
210.24
210.22
210.13
209.99
209.79
209.56
209.32
209.07
208.95
208.98
209.16
209.43
209.76
210.14
210.55
210.96
211.36
211.73
211.92
211.91
211.70
211.35
210.93
210.55
210.28
210.12
210.06
210.07
210.09
210.12
210.13
210.14
210.13
210.09
210.02
209.92
209.79
209.67
209.46
209.17
208.80
208.39
208.08
207.91
207.91
208.02
208.20
208.45
208.75
209.08
209.41
209.73
209.97
210.11
210.15
210.12
210.03
209.81
209.45
208.97
208.41
207.84
207.37
207.03
206.85
206.78
206.80
206.93
207.16
207.47
207.82
208.19
208.67
209.28
210.02
210.80
211.57
212.08
212.28
212.13
211.75
211.23
210.86
210.71
210.83
211.14
211.57
211.99
212.37
212.67
212.90
213.07
213.15
213.16
213.11
213.01
213.02
213.18
213.49
213.89
214.35
214.64
214.74
214.60
214.32
213.94
213.54
213.17
212.85
212.57
212.35
212.18
212.05
211.95
211.89
211.85
211.91
212.08
212.35
212.69
213.04
213.21
213.14
212.82
212.34
211.77
211.27
210.91
210.72
210.65
210.67
210.73
210.81
210.87
210.91
210.95
211.06
211.26
211.54
211.87
212.21
212.47
212.61
212.63
212.55
212.41
212.24
212.05
211.87
211.69
211.58
211.55
211.61
211.73
211.88
212.09
212.38
212.71
213.07
213.43
213.65
213.72
213.63
213.42
213.14
212.92
212.77
212.74
212.78
212.88
212.87
212.73
212.43
212.03
211.60
211.12
210.64
210.16
209.71
209.30
209.08
209.06
209.26
209.61
210.03
210.51
211.02
211.53
212.03
212.48
212.88
213.22
213.49
213.72
213.73
213.51
213.06
212.48
211.83
211.33
211.04
211.00
211.13
211.37
211.55
211.61
211.51
211.30
211.04
210.79
210.61
210.50
210.45
210.44
210.52
210.68
210.92
211.20
211.49
211.77
212.04
212.27
212.48
212.65
212.74
212.73
212.63
212.48
212.29
212.20
212.23
212.40
212.66
212.96
213.20
213.35
213.38
213.33
213.22
213.03
212.76
212.42
212.05
211.69
211.37
211.11
210.92
210.80
210.69
210.60
210.50
210.40
210.31
210.18
210.00
209.76
209.50
209.24
209.07
209.02
209.08
209.23
209.43
209.57
209.63
209.58
209.47
209.30
209.23
209.27
209.45
209.70
210.01
210.25
210.39
210.41
210.36
210.24
210.23
210.36
210.64
211.02
211.44
211.80
212.04
212.16
212.18
212.13
211.95
211.66
211.26
210.80
210.33
210.04
209.97
210.13
210.45
210.76
210.99
211.10
211.11
211.06
210.92
210.69
210.39
210.04
209.70
209.41
209.22
209.13
209.11
209.14
209.19
209.22
209.23
209.23
209.21
209.22
209.25
209.31
209.39
209.48
209.70
210.08
210.60
211.20
211.83
212.25
212.41
212.29
211.97
211.54
211.10
210.71
210.39
210.15
209.98
209.91
209.94
210.08
210.28
210.51
210.69
210.82
210.86
210.84
210.89
211.04
211.30
211.63
211.98
212.29
212.51
212.64
212.70
212.70
212.56
212.27
211.84
211.33
210.80
210.33
209.95
209.69
209.53
209.44
209.38
209.33
209.28
209.22
209.18
209.29
209.60
210.11
210.72
211.38
211.93
212.32
212.52
212.58
212.54
212.53
212.61
212.79
213.03
213.31
213.51
213.62
213.60
213.51
213.36
213.05
212.57
211.94
211.24
210.52
209.96
209.61
209.49
209.54
209.68
209.87
210.05
210.24
210.41
210.48
210.43
210.27
210.04
209.77
209.59
209.54
209.63
209.83
210.08
210.23
210.22
210.05
209.76
209.42
209.10
208.84
208.67
208.57
208.52
208.67
209.04
209.61
210.30
211.04
211.68
212.19
212.54
212.76
212.87
212.84
212.70
212.46
212.16
211.83
211.48
211.11
210.74
210.39
210.07
209.73
209.38
209.00
208.63
208.28
207.97
207.70
207.48
207.29
207.28
207.46
207.82
208.30
208.84
209.41
209.99
210.55
211.08
211.55
211.93
212.22
212.41
212.52
212.57
212.52
212.37
212.15
211.87
211.58
211.29
211.02
210.78
210.56
210.38
210.29
210.29
210.38
210.53
210.72
210.97
211.28
211.64
212.02
212.39
212.77
213.14
213.49
213.82
214.12
214.35
214.50
214.58
214.61
214.46
214.13
213.63
213.03
212.39
211.79
211.26
210.82
210.47
210.20
210.02
209.94
209.94
209.99
210.09
210.12
210.07
209.93
209.72
209.49
209.37
209.42
209.65
209.99
210.38
210.70
210.88
210.90
210.82
210.66
210.57
210.59
210.72
210.94
211.20
211.46
211.68
211.85
211.98
212.07
212.00
211.74
211.31
210.78
210.21
209.79
209.59
209.64
209.85
210.16
210.43
210.59
210.62
210.55
210.53
210.59
210.77
211.01
211.28
211.49
211.59
211.58
211.49
211.34
211.27
211.32
211.50
211.75
212.05
212.26
212.34
212.27
212.10
211.87
211.52
211.08
210.55
209.99
209.44
209.09
208.96
209.09
209.39
209.80
210.06
210.13
209.95
209.62
209.19
208.88
208.75
208.83
209.06
209.37
209.66
209.86
209.95
209.97
209.93
209.83
209.67
209.47
209.25
209.14
209.16
209.32
209.58
209.89
210.20
210.47
210.68
210.85
210.98
211.10
211.21
211.34
211.46
211.57
211.65
211.68
211.67
211.62
211.56
211.43
211.23
210.98
210.70
210.41
210.10
209.79
209.47
209.17
208.90
208.77
208.80
208.99
209.28
209.63
209.98
210.29
210.54
210.75
210.90
211.07
211.27
211.49
211.74
211.97
212.11
212.14
212.04
211.86
211.78
211.82
212.02
212.32
212.67
212.94
213.07
213.06
212.94
212.75
212.44
212.03
211.53
210.99
210.45
210.07
209.90
209.94
210.14
210.43
210.69
210.87
210.96
210.96
210.92
210.76
210.48
210.10
209.67
209.23
208.96
208.90
209.09
209.42
209.85
210.32
210.79
211.24
211.64
212.00
212.23
212.31
212.24
212.07
211.84
211.61
211.40
211.24
211.11
211.01
210.89
210.73
210.52
210.30
210.18
210.19
210.35
210.60
210.91
211.18
211.39
211.52
211.58
211.59
211.59
211.60
211.63
211.67
211.72
211.68
211.56
211.33
211.05
210.74
210.51
210.39
210.39
210.48
210.62
210.80
210.98
211.17
211.34
211.50
211.74
212.09
212.54
213.04
213.55
214.01
214.40
214.70
214.93
215.10
215.07
214.85
214.44
213.91
213.33
212.72
212.11
211.51
210.96
210.52
210.21
210.04
209.97
209.97
210.03
210.13
210.24
210.36
210.47
210.53
210.52
210.43
210.28
210.12
209.94
209.77
209.60
209.46
209.33
209.28
209.30
209.41
209.58
209.77
210.02
210.33
210.69
211.06
211.43
211.56
211.40
210.95
210.32
209.59
208.94
208.44
208.11
207.93
207.86
207.90
208.03
208.22
208.45
208.70
208.89
209.00
209.02
208.98
209.01
209.14
209.38
209.69
210.03
210.32
210.53
210.65
210.70
210.70
210.61
210.43
210.18
209.88
209.57
209.41
209.42
209.62
209.93
210.32
210.71
211.06
211.36
211.61
211.80
211.92
211.96
211.94
211.88
211.79
211.60
211.32
210.94
210.52
210.09
209.71
209.39
209.14
208.96
208.83
208.70
208.55
208.35
208.15
207.94
207.88
207.99
208.28
208.68
209.14
209.62
210.08
210.50
210.88
211.18
211.39
211.52
211.58
211.59
211.44
211.10
210.60
210.00
209.36
208.84
208.49
208.32
208.29
208.37
208.56
208.85
209.22
209.63
210.04
210.49
210.97
211.46
211.94
212.39
212.63
212.63
212.38
211.98
211.48
211.08
210.83
210.78
210.86
211.03
211.20
211.33
211.41
211.44
211.44
211.42
211.38
211.33
211.28
211.23
211.15
211.05
210.93
210.79
210.62
210.43
210.22
210.01
209.81
209.68
209.63
209.67
209.77
209.90
210.11
210.38
210.71
211.07
211.42
211.59
211.54
211.27
210.85
210.35
209.87
209.46
209.15
208.93
208.77
208.68
208.63
208.61
208.62
208.65
208.66
208.65
208.60
208.54
208.47
208.55
208.82
209.29
209.86
210.49
211.09
211.63
212.08
212.44
212.72
212.86
212.84
212.68
212.42
212.03
211.52
210.93
210.30
209.69
209.22
208.93
208.84
208.90
209.04
209.15
209.16
209.05
208.86
208.63
208.49
208.47
208.60
208.81
209.08
209.39
209.74
210.11
210.46
210.79
210.99
211.01
210.87
210.62
210.30
210.14
210.20
210.49
210.94
211.47
211.98
212.42
212.75
213.00
213.18
213.18
213.02
212.69
212.26
211.78
211.36
211.01
210.77
210.61
210.47
210.31
210.14
209.95
209.77
209.74
209.88
210.19
210.62
211.10
211.40
211.47
211.28
210.92
210.46
210.11
209.94
209.98
210.18
210.46
210.74
210.98
211.15
211.26
211.32
211.38
211.43
211.50
211.58
211.66
211.62
211.46
211.16
210.78
210.36
210.03
209.80
209.71
209.71
209.78
209.87
209.96
210.02
210.06
210.08
210.07
210.02
209.92
209.81
209.69
209.49
209.20
208.82
208.41
208.15
208.10
208.27
208.59
208.99
209.25
209.30
209.10
208.74
208.29
207.94
207.73
207.70
207.81
208.00
208.27
208.59
208.94
209.30
209.64
210.11
210.73
211.50
212.33
213.17
213.82
214.25
214.43
214.43
214.29
214.11
213.90
213.71
213.54
213.39
213.24
213.08
212.91
212.74
212.58
212.36
212.07
211.70
211.29
210.89
210.53
210.24
210.02
209.86
209.68
209.45
209.16
208.84
208.52
208.21
207.93
207.68
207.48
207.30
207.22
207.23
207.33
207.49
207.68
207.94
208.26
208.63
209.02
209.39
209.72
209.97
210.15
210.27
210.34
210.29
210.12
209.83
209.48
209.10
208.94
209.04
209.43
210.00
210.67
211.21
211.55
211.65
211.58
211.39
211.03
210.50
209.84
209.12
208.39
207.78
207.32
207.04
206.89
206.96
207.22
207.65
208.19
208.77
209.30
209.73
210.05
210.27
210.41
210.46
210.43
210.33
210.19
210.03
209.89
209.78
209.72
209.69
209.69
209.81
210.06
210.45
210.91
211.40
211.78
212.00
212.05
211.97
211.81
211.74
211.79
212.00
212.31
212.67
213.02
213.33
213.58
213.78
213.94
213.97
213.87
213.65
213.35
213.02
212.57
212.01
211.35
210.66
210.13
209.84
209.80
209.95
210.21
210.55
210.91
211.28
211.63
211.95
212.20
212.38
212.49
212.53
212.54
212.46
212.30
212.07
211.79
211.50
211.35
211.38
211.59
211.92
212.31
212.60
212.73
212.67
212.49
212.23
211.90
211.53
211.14
210.74
210.38
210.10
209.92
209.86
209.88
209.95
210.05
210.18
210.31
210.44
210.56
210.59
210.51
210.32
210.06
209.77
209.45
209.10
208.75
208.41
208.28
208.40
208.79
209.34
209.97
210.63
211.27
211.87
212.40
212.86
213.21
213.46
213.62
213.69
213.70
213.65
213.54
213.37
213.19
212.99
212.75
212.46
212.13
211.78
211.44
211.12
210.84
210.60
210.40
210.24
210.06
209.85
209.60
209.34
209.09
208.80
208.48
208.12
207.75
207.40
207.19
207.14
207.25
207.48
207.77
208.10
208.43
208.74
209.03
209.26
209.42
209.51
209.54
209.54
209.61
209.79
210.09
210.45
210.85
211.23
211.60
211.93
212.22
212.47
212.64
212.74
212.77
212.75
212.70
212.49
212.12
211.58
210.96
210.32
209.79
209.44
209.27
209.25
209.32
209.39
209.40
209.33
209.21
209.06
208.93
208.83
208.76
208.73
208.72
208.79
208.92
209.13
209.37
209.63
209.83
209.95
209.99
209.96
209.86
209.71
209.51
209.29
209.06
208.98
209.08
209.35
209.74
210.18
210.38
210.26
209.78
209.09
208.27
207.58
207.09
206.85
206.80
206.88
207.10
207.44
207.87
208.33
208.80
209.25
209.66
210.01
210.32
210.56
210.79
211.00
211.20
211.38
211.54
211.68
211.79
211.88
211.95
212.00
212.04
212.06
212.08
212.08
212.08
212.02
211.90
211.71
211.49
211.25
210.97
210.64
210.26
209.88
209.59
209.42
209.39
209.45
209.58
209.72
209.84
209.94
210.01
210.06
210.04
209.94
209.77
209.55
209.32
209.14
209.03
209.01
209.04
209.12
209.33
209.67
210.14
210.68
211.23
211.69
212.01
212.18
212.24
212.21
212.21
212.26
212.39
212.57
212.77
212.87
212.84
212.67
212.40
212.09
211.73
211.35
210.95
210.57
210.22
209.91
209.64
209.42
209.24
209.08
208.92
208.76
208.61
208.47
208.42
208.49
208.67
208.92
209.21
209.56
209.96
210.41
210.86
211.29
211.71
212.11
212.49
212.84
213.15
213.28
213.20
212.93
212.52
212.05
211.61
211.25
210.98
210.79
210.67
210.55
210.41
210.23
210.04
209.86
209.71
209.60
209.55
209.54
209.56
209.51
209.39
209.17
208.90
208.61
208.43
208.39
208.50
208.71
208.92
209.11
209.23
209.30
209.34
209.48
209.75
210.17
210.67
211.19
211.61
211.86
211.94
211.90
211.76
211.49
211.10
210.61
210.08
209.53
209.02
208.55
208.14
207.79
207.50
207.41
207.52
207.84
208.28
208.80
209.38
210.01
210.66
211.30
211.89
212.25
212.36
212.21
211.87
211.43
211.07
210.86
210.82
210.91
211.09
211.34
211.64
211.98
212.33
212.58
212.71
212.71
212.62
212.47
212.26
212.01
211.72
211.43
211.15
210.94
210.83
210.81
210.86
210.96
211.14
211.39
211.70
212.05
212.39
212.61
212.68
212.59
212.38
212.11
211.83
211.58
211.38
211.21
211.08
210.99
210.92
210.88
210.86
210.85
210.80
210.69
210.53
210.33
210.12
209.94
209.81
209.72
209.68
209.66
209.59
209.44
209.21
208.92
208.62
208.33
208.05
207.79
207.58
207.50
207.58
207.82
208.15
208.54
208.92
209.25
209.53
209.75
209.91
210.09
210.29
210.52
210.76
210.99
211.18
211.32
211.40
211.44
211.44
211.41
211.38
211.33
211.28
211.23
211.21
211.22
211.27
211.35
211.44
211.47
211.45
211.35
211.21
211.05
210.91
210.80
210.73
210.70
210.70
210.79
210.98
211.28
211.64
212.01
212.35
212.64
212.86
213.02
213.00
212.79
212.38
211.86
211.29
210.88
210.67
210.71
210.91
211.21
211.42
211.46
211.30
211.01
210.65
210.42
210.36
210.52
210.82
211.19
211.47
211.61
211.56
211.39
211.14
210.83
210.47
210.09
209.71
209.35
209.13
209.08
209.20
209.44
209.74
209.99
210.15
210.20
210.18
210.10
210.09
210.18
210.40
210.69
211.02
211.35
211.68
211.97
212.24
212.46
212.65
212.80
212.91
213.00
213.09
213.18
213.29
213.41
213.52
213.55
213.47
213.28
213.03
212.74
212.47
212.25
212.08
211.95
211.87
211.76
211.62
211.44
211.23
211.02
210.87
210.80
210.81
210.89
211.00
211.16
211.35
211.58
211.81
212.04
212.12
212.02
211.73
211.33
210.88
210.38
209.86
209.34
208.85
208.41
208.19
208.21
208.48
208.91
209.43
209.88
210.20
210.36
210.40
210.43
210.50
210.63
210.79
210.97
211.07
211.07
210.96
210.78
210.55
210.34
210.16
210.02
209.93
209.87
209.88
209.98
210.16
210.38
210.62
210.84
211.01
211.13
211.21
211.25
211.24
211.18
211.08
210.95
210.80
210.74
210.78
210.92
211.13
211.38
211.51
211.48
211.27
210.95
210.57
210.24
210.01
209.91
209.89
209.94
209.95
209.89
209.75
209.56
209.39
209.28
209.25
209.26
209.31
209.38
209.46
209.55
209.63
209.71
209.78
209.85
209.90
209.94
209.97
209.99
210.01
210.02
210.03
210.03
210.17
210.45
210.90
211.43
211.99
212.36
212.47
212.32
211.98
211.53
211.13
210.84
210.71
210.68
210.73
210.78
210.80
210.77
210.71
210.63
210.70
210.95
211.40
211.96
212.56
213.01
213.25
213.24
213.06
212.69
212.17
211.52
210.83
210.14
209.57
209.15
208.91
208.79
208.77
208.86
209.01
209.23
209.48
209.73
210.03
210.37
210.75
211.14
211.51
211.79
211.98
212.06
212.05
212.00
211.88
211.70
211.49
211.26
211.04
210.88
210.80
210.80
210.87
210.98
211.03
211.00
210.87
210.68
210.46
210.17
209.82
209.43
209.03
208.63
208.46
208.54
208.89
209.40
210.01
210.52
210.86
211.00
210.99
211.09
211.37
211.87
212.49
213.17
213.71
214.07
214.21
214.19
214.06
213.83
213.53
213.19
212.83
212.48
212.08
211.62
211.10
210.57
210.07
209.55
209.02
208.49
207.98
207.52
207.28
207.28
207.54
207.95
208.46
208.90
209.21
209.36
209.40
209.35
209.27
209.19
209.12
209.06
209.02
209.02
209.05
209.13
209.23
209.34
209.43
209.48
209.49
209.47
209.54
209.72
210.02
210.39
210.79
211.19
211.56
211.90
212.20
212.45
212.50
212.31
211.90
211.35
210.73
210.21
209.83
209.62
209.55
209.58
209.65
209.73
209.80
209.86
209.91
209.93
209.90
209.83
209.74
209.64
209.56
209.51
209.50
209.53
209.57
209.81
210.26
210.95
211.75
212.59
213.17
213.43
213.32
212.95
212.43
211.94
211.54
211.29
211.15
211.05
210.94
210.82
210.69
210.56
210.55
210.67
210.93
211.28
211.67
211.96
212.11
212.11
211.99
211.80
211.60
211.41
211.26
211.14
211.05
210.95
210.85
210.73
210.61
210.49
210.33
210.12
209.86
209.57
209.29
209.08
208.95
208.92
208.95
209.03
209.22
209.52
209.91
210.35
210.80
211.10
211.21
211.11
210.88
210.57
210.31
210.17
210.17
210.27
210.43
210.71
211.09
211.57
212.09
212.52
212.84
213.02
213.09
213.08
213.02
212.92
212.80
212.68
212.55
212.49
212.50
212.58
212.72
212.89
212.87
212.64
212.18
211.58
210.91
210.29
209.76
209.35
209.04
208.82
208.78
208.93
209.25
209.67
210.15
210.56
210.85
211.01
211.07
211.05
210.99
210.89
210.77
210.65
210.52
210.33
210.06
209.70
209.31
208.91
208.61
208.43
208.39
208.45
208.60
208.82
209.09
209.38
209.67
210.08
210.62
211.28
212.00
212.71
213.20
213.42
213.33
213.04
212.62
212.18
211.79
211.47
211.22
211.03
210.93
210.90
210.94
211.02
211.13
211.28
211.47
211.68
211.90
212.11
212.25
212.31
212.28
212.19
212.07
211.84
211.52
211.11
210.65
210.19
209.83
209.60
209.51
209.53
209.62
209.89
210.34
210.96
211.66
212.23
212.58
212.69
212.63
212.44
212.21
211.97
211.74
211.55
211.38
211.17
210.88
210.53
210.15
209.77
209.38
208.99
208.62
208.26
207.95
207.84
207.96
208.31
208.81
209.38
209.87
210.22
210.40
210.45
210.41
210.38
210.41
210.52
210.67
210.85
210.93
210.88
210.69
210.42
210.10
209.81
209.60
209.47
209.40
209.39
209.52
209.80
210.22
210.72
211.24
211.67
211.98
212.14
212.20
212.20
212.17
212.15
212.12
212.10
212.07
212.05
212.04
212.02
212.01
212.08
212.25
212.51
212.83
213.17
213.48
213.74
213.93
214.07
214.16
214.09
213.83
213.39
212.85
212.26
211.65
211.04
210.45
209.90
209.42
208.98
208.58
208.21
207.89
207.62
207.42
207.30
207.25
207.26
207.30
207.29
207.20
207.02
206.78
206.52
206.42
206.51
206.82
207.25
207.79
208.37
208.98
209.56
210.10
210.56
210.91
211.16
211.33
211.43
211.48
211.49
211.47
211.43
211.38
211.24
211.01
210.69
210.32
209.94
209.62
209.39
209.26
209.21
209.22
209.48
210.01
210.81
211.75
212.75
213.51
213.97
214.08
213.93
213.62
213.24
212.84
212.46
212.11
211.81
211.56
211.35
211.18
211.06
210.97
210.93
210.95
211.02
211.12
211.35
211.70
212.18
212.71
213.27
213.64
213.79
213.69
213.42
213.05
212.76
212.61
212.64
212.78
213.00
213.10
213.03
212.76
212.38
211.93
211.56
211.33
211.26
211.30
211.42
211.56
211.70
211.81
211.90
211.96
211.99
211.96
211.89
211.80
211.69
211.55
211.38
211.19
210.99
210.80
210.65
210.55
210.50
210.50
210.52
210.56
210.61
210.67
210.73
210.78
210.78
210.71
210.57
210.39
210.24
210.15
210.13
210.16
210.23
210.29
210.34
210.35
210.34
210.31
210.41
210.66
211.06
211.56
212.09
212.59
213.03
213.39
213.67
213.89
213.97
213.91
213.71
213.42
213.09
212.78
212.50
212.28
212.11
211.99
211.87
211.76
211.64
211.52
211.41
211.23
210.97
210.63
210.25
209.87
209.55
209.33
209.20
209.16
209.18
209.23
209.31
209.40
209.50
209.67
209.93
210.28
210.67
211.06
211.37
211.54
211.59
211.53
211.41
211.25
211.07
210.89
210.71
210.55
210.49
210.54
210.71
210.95
211.22
211.38
211.38
211.19
210.89
210.53
210.22
210.00
209.90
209.89
209.95
210.12
210.41
210.80
211.25
211.71
212.02
212.14
212.06
211.84
211.54
211.21
210.91
210.64
210.43
210.25
210.09
209.93
209.77
209.61
209.58
209.68
209.94
210.28
210.66
211.05
211.43
211.78
212.09
212.36
212.61
212.84
213.07
213.28
213.46
213.67
213.92
214.20
214.50
214.78
214.89
214.78
214.45
213.98
213.44
212.88
212.33
211.82
211.36
210.97
210.70
210.55
210.53
210.59
210.70
210.99
211.44
212.06
212.75
213.47
214.08
214.54
214.84
215.00
215.06
214.88
214.47
213.84
213.09
212.28
211.63
211.17
210.95
210.91
210.93
210.98
211.02
211.04
211.06
211.01
210.90
210.72
210.50
210.26
210.09
209.98
209.97
210.01
210.09
210.04
209.81
209.40
208.87
208.29
207.93
207.84
208.05
208.46
208.99
209.53
210.00
210.39
210.70
210.93
211.17
211.46
211.79
212.14
212.49
212.84
213.19
213.53
213.84
214.13
214.27
214.24
214.05
213.76
213.40
212.94
212.40
211.78
211.15
210.59
210.14
209.82
209.60
209.47
209.46
209.56
209.76
210.02
210.31
210.53
210.63
210.62
210.53
210.38
210.20
210.01
209.83
209.65
209.49
209.36
209.24
209.15
209.08
209.02
209.11
209.37
209.80
210.33
210.89
211.16
211.06
210.56
209.80
208.91
208.07
207.38
206.87
206.52
206.30
206.27
206.40
206.69
207.06
207.49
207.97
208.50
209.05
209.60
210.06
210.40
210.62
210.75
210.79
210.78
210.73
210.66
210.57
210.48
210.44
210.47
210.58
210.73
210.90
210.94
210.83
210.55
210.16
209.72
209.37
209.16
209.11
209.18
209.32
209.46
209.56
209.60
209.59
209.56
209.50
209.44
209.37
209.30
209.24
209.26
209.38
209.61
209.89
210.21
210.42
210.49
210.40
210.21
209.97
209.77
209.65
209.64
209.71
209.83
209.86
209.79
209.59
209.31
209.10
209.00
209.03
209.16
209.35
209.58
209.81
210.03
210.24
210.43
210.59
210.73
210.84
210.92
210.99
210.95
210.81
210.56
210.25
209.91
209.52
209.08
208.61
208.14
207.70
207.43
207.37
207.52
207.81
208.18
208.59
209.01
209.41
209.78
210.10
210.32
210.43
210.43
210.35
210.23
210.13
210.08
210.09
210.15
210.24
210.36
210.53
210.72
210.93
211.10
211.23
211.31
211.35
211.35
211.29
211.15
210.93
210.68
210.41
210.23
210.16
210.20
210.33
210.51
210.80
211.18
211.66
212.17
212.68
213.00
213.09
212.93
212.62
212.20
211.79
211.43
211.16
210.96
210.82
210.68
210.52
210.33
210.12
209.91
209.77
209.72
209.74
209.83
209.95
210.07
210.16
210.21
210.24
210.25
210.24
210.22
210.19
210.17
210.03
209.77
209.39
208.94
208.47
208.14
208.00
208.06
208.26
208.54
208.82
209.05
209.21
209.31
209.36
209.44
209.54
209.70
209.87
210.06
210.18
210.24
210.21
210.12
210.00
209.86
209.72
209.58
209.45
209.34
209.30
209.33
209.44
209.60
209.79
209.88
209.84
209.67
209.40
209.08
208.94
209.01
209.33
209.80
210.36
210.86
211.26
211.53
211.69
211.76
211.75
211.66
211.51
211.32
211.14
211.00
210.90
210.83
210.80
210.78
210.78
210.80
210.82
210.84
210.86
210.89
210.91
210.93
210.95
210.97
210.98
210.99
211.00
211.00
210.93
210.76
210.49
210.17
209.83
209.68
209.77
210.11
210.61
211.19
211.62
211.82
211.75
211.51
211.15
210.91
210.88
211.07
211.41
211.85
212.21
212.46
212.55
212.53
212.44
212.27
212.04
211.78
211.49
211.27
211.12
211.07
211.08
211.14
211.17
211.16
211.09
210.98
210.85
210.82
210.92
211.15
211.47
211.82
212.08
212.21
212.17
212.04
211.83
211.56
211.25
210.91
210.57
210.25
210.14
210.29
210.70
211.27
211.92
212.54
213.08
213.51
213.83
214.07
214.18
214.17
214.04
213.85
213.61
213.28
212.86
212.35
211.82
211.30
210.87
210.54
210.34
210.23
210.25
210.38
210.62
210.91
211.22
211.51
211.76
211.94
212.07
212.16
212.21
212.24
212.24
212.23
212.22
212.16
212.08
211.96
211.83
211.69
211.50
211.27
210.98
210.67
210.37
210.08
209.82
209.60
209.41
209.25
209.29
209.54
210.01
210.60
211.26
211.94
212.62
213.28
213.89
214.43
214.67
214.60
214.19
213.58
212.85
212.10
211.40
210.78
210.25
209.82
209.49
209.28
209.17
209.13
209.26
209.55
210.00
210.52
211.07
211.62
212.12
212.58
212.98
213.31
213.39
213.20
212.74
212.10
211.39
210.95
210.87
211.19
211.78
212.53
213.16
213.58
213.73
213.70
213.53
213.27
212.97
212.66
212.35
212.06
211.93
212.00
212.25
212.63
213.08
213.36
213.42
213.23
212.86
212.40
211.98
211.64
211.42
211.30
211.26
211.26
211.31
211.37
211.45
211.43
211.29
211.01
210.66
210.27
209.95
209.75
209.67
209.69
209.77
209.87
209.95
210.02
210.06
210.09
210.19
210.36
210.63
210.94
211.27
211.62
211.98
212.34
212.68
212.99
213.18
213.24
213.16
212.99
212.76
212.59
212.50
212.52
212.62
212.76
212.84
212.84
212.74
212.58
212.38
212.17
211.96
211.76
211.58
211.42
211.34
211.35
211.44
211.59
211.74
211.88
211.98
212.05
212.10
212.12
212.14
212.14
212.13
212.12
212.03
211.84
211.56
211.22
210.87
210.55
210.28
210.08
209.93
209.83
209.69
209.49
209.21
208.90
208.58
208.41
208.41
208.60
208.92
209.31
209.70
210.05
210.35
210.60
210.79
210.94
211.04
211.11
211.16
211.18
211.19
211.18
211.17
211.15
211.13
211.16
211.25
211.41
211.61
211.82
211.87
211.73
211.37
210.89
210.43
210.04
209.76
209.58
209.48
209.43
209.43
209.46
209.51
209.57
209.66
209.79
209.94
210.10
210.26
210.47
210.72
211.02
211.34
211.65
211.91
212.11
212.25
212.33
212.37
212.24
211.94
211.47
210.90
210.29
209.84
209.62
209.65
209.84
210.15
210.55
210.99
211.47
211.93
212.37
212.69
212.86
212.88
212.79
212.63
212.46
212.31
212.18
212.08
212.01
211.96
211.92
211.90
211.89
211.89
211.90
211.91
211.92
211.93
211.92
211.87
211.79
211.70
211.59
211.48
211.38
211.29
211.21
211.15
211.04
210.88
210.67
210.43
210.19
210.04
209.99
210.07
210.23
210.43
210.66
210.89
211.11
211.31
211.49
211.65
211.77
211.87
211.95
212.01
211.96
211.82
211.56
211.25
210.91
210.51
210.08
209.61
209.14
208.67
208.21
207.77
207.37
207.01
206.84
206.88
207.12
207.50
207.96
208.49
209.08
209.70
210.31
210.88
211.29
211.51
211.53
211.40
211.19
210.92
210.63
210.34
210.07
209.82
209.78
210.00
210.47
211.10
211.80
212.44
212.95
213.32
213.55
213.69
213.59
213.25
212.67
211.97
211.21
210.58
210.16
209.95
209.92
210.01
210.23
210.56
210.98
211.43
211.83
212.15
212.36
212.49
212.56
212.52
212.39
212.16
211.89
211.60
211.31
211.04
210.79
210.58
210.40
210.35
210.47
210.73
211.10
211.50
211.92
212.33
212.70
213.03
213.32
213.55
213.74
213.89
214.00
214.07
214.07
213.98
213.82
213.60
213.37
213.18
213.07
213.04
213.07
213.14
213.16
213.09
212.94
212.72
212.48
212.18
211.82
211.42
211.02
210.62
210.34
210.19
210.18
210.27
210.45
210.71
211.00
211.32
211.63
212.03
212.52
213.10
213.72
214.33
214.66
214.65
214.29
213.70
212.99
212.25
211.54
210.91
210.36
209.91
209.54
209.26
209.04
208.89
208.79
208.73
208.70
208.70
208.71
208.74
208.85
209.06
209.36
209.71
210.08
210.39
210.61
210.73
210.78
210.77
210.75
210.74
210.74
210.76
210.78
210.65
210.34
209.83
209.22
208.78
208.59
208.69
208.99
209.42
209.91
210.42
210.91
211.37
211.78
212.00
212.00
211.79
211.44
211.01
210.71
210.60
210.70
210.94
211.28
211.58
211.80
211.91
211.94
211.91
211.79
211.58
211.30
210.97
210.64
210.46
210.45
210.63
210.94
211.32
211.57
211.63
211.49
211.19
210.82
210.59
210.58
210.80
211.18
211.65
212.16
212.67
213.15
213.59
213.97
214.26
214.47
214.59
214.64
214.54
214.28
213.86
213.37
212.84
212.35
211.91
211.56
211.29
211.08
210.85
210.57
210.24
209.89
209.55
209.30
209.18
209.19
209.30
209.46
209.69
209.95
210.25
210.55
210.84
211.08
211.25
211.36
211.42
211.44
211.45
211.48
211.53
211.59
211.65
211.63
211.52
211.30
211.03
210.73
210.38
209.97
209.53
209.09
208.66
208.36
208.19
208.17
208.26
208.49
208.85
209.33
209.86
210.40
210.70
210.72
210.42
209.92
209.31
208.90
208.75
208.94
209.33
209.86
210.29
210.55
210.60
210.49
210.28
210.04
209.80
209.59
209.42
209.27
209.12
208.98
208.82
208.67
208.52
208.50
208.62
208.88
209.24
209.63
209.95
210.17
210.26
210.25
210.18
210.12
210.10
210.13
210.20
210.29
210.32
210.25
210.08
209.85
209.59
209.32
209.07
208.83
208.62
208.46
208.37
208.34
208.35
208.40
208.54
208.79
209.13
209.52
209.93
210.28
210.53
210.68
210.75
210.75
210.67
210.49
210.23
209.93
209.62
209.37
209.20
209.12
209.11
209.16
209.26
209.41
209.60
209.81
210.02
210.24
210.48
210.73
210.97
211.20
211.32
211.32
211.20
210.99
210.74
210.53
210.38
210.30
210.29
210.26
210.20
210.10
209.97
209.82
209.78
209.88
210.11
210.42
210.78
211.18
211.60
212.02
212.42
212.78
213.00
213.04
212.91
212.66
212.34
212.05
211.82
211.66
211.57
211.53
211.53
211.55
211.59
211.64
211.69
211.72
211.72
211.67
211.61
211.53
211.47
211.45
211.46
211.50
211.55
211.58
211.59
211.56
211.51
211.45
211.38
211.32
211.25
211.19
211.14
210.99
210.73
210.34
209.89
209.37
208.80
208.19
207.60
207.04
206.65
206.45
206.44
206.58
206.80
207.18
207.70
208.35
209.06
209.76
210.35
210.78
211.04
211.17
211.20
211.23
211.31
211.46
211.64
211.84
211.97
211.99
211.90
211.73
211.52
211.32
211.15
211.02
210.93
210.87
210.92
211.07
211.34
211.67
212.02
212.54
213.22
214.05
214.96
215.86
216.48
216.74
216.61
216.22
215.81
215.46
215.24
215.13
215.10
214.91
214.52
213.89
213.14
212.34
211.65
211.14
210.82
210.66
210.62
210.61
210.60
210.56
210.50
210.44
210.39
210.38
210.41
210.45
210.52
210.54
210.49
210.38
210.23
210.06
209.86
209.63
209.38
209.13
208.90
208.66
208.42
208.17
207.94
207.72
207.69
207.88
208.28
208.81
209.41
209.92
210.27
210.46
210.51
210.46
210.43
210.45
210.55
210.70
210.95
211.30
211.75
212.24
212.72
213.03
213.10
212.94
212.61
212.19
211.83
211.59
211.49
211.51
211.60
211.63
211.56
211.38
211.13
210.83
210.56
210.32
210.14
210.00
209.91
209.84
209.81
209.80
209.80
209.81
209.83
209.85
209.87
209.90
209.92
209.94
209.95
209.97
209.98
209.99
210.00
210.00
210.01
210.01
210.01
210.14
210.43
210.87
211.41
211.95
212.45
212.88
213.24
213.54
213.69
213.69
213.55
213.32
213.03
212.82
212.74
212.81
212.97
213.19
213.31
213.28
213.09
212.79
212.43
212.07
211.75
211.49
211.28
211.11
211.07
211.16
211.38
211.67
211.99
212.28
212.49
212.61
212.66
212.66
212.50
212.15
211.63
211.02
210.38
209.83
209.41
209.15
209.01
208.97
209.10
209.40
209.86
210.40
210.89
211.28
211.54
211.69
211.76
211.72
211.57
211.32
211.03
210.72
210.51
210.45
210.54
210.73
210.99
211.31
211.66
212.03
212.39
212.74
213.07
213.39
213.71
214.00
214.25
214.31
214.15
213.76
213.23
212.64
212.11
211.69
211.41
211.25
211.17
211.14
211.12
211.10
211.08
211.07
211.05
211.04
211.02
211.02
211.01
211.00
211.00
211.00
210.99
210.99
210.89
210.66
210.30
209.87
209.58
209.48
209.60
209.86
210.21
210.53
210.76
210.88
210.92
210.90
210.94
211.08
211.34
211.66
212.01
212.25
212.36
212.30
212.14
211.92
211.58
211.13
210.60
210.03
209.48
209.06
208.82
208.76
208.85
209.02
209.17
209.25
209.24
209.16
209.05
209.02
209.11
209.32
209.61
209.95
210.21
210.37
210.41
210.36
210.25
210.11
209.95
209.79
209.64
209.57
209.62
209.78
210.01
210.28
210.61
211.00
211.43
211.87
212.29
212.60
212.77
212.79
212.72
212.57
212.33
212.01
211.62
211.21
210.81
210.51
210.34
210.31
210.37
210.51
210.68
210.88
211.07
211.26
211.43
211.44
211.28
210.94
210.49
209.99
209.56
209.24
209.06
208.98
208.98
208.98
208.96
208.89
208.79
208.68
208.78
209.13
209.74
210.51
211.23
211.83
212.26
212.55
212.72
212.85
212.98
213.13
213.28
213.42
213.44
213.33
213.07
212.73
212.34
212.00
211.73
211.56
211.46
211.42
211.29
211.04
210.64
210.17
209.67
209.18
208.72
208.30
207.94
207.64
207.53
207.62
207.92
208.35
208.84
209.33
209.78
210.15
210.46
210.71
210.84
210.87
210.78
210.63
210.43
210.27
210.17
210.15
210.17
210.24
210.35
210.50
210.69
210.89
211.01
211.03
210.93
210.76
210.55
210.39
210.33
210.38
210.50
210.66
210.69
210.54
210.19
209.72
209.19
208.81
208.64
208.69
208.91
209.23
209.60
209.98
210.36
210.72
211.03
211.20
211.20
211.03
210.75
210.40
210.08
209.83
209.66
209.56
209.52
209.62
209.87
210.26
210.74
211.25
211.62
211.81
211.79
211.62
211.37
211.23
211.25
211.46
211.80
212.26
212.81
213.42
214.04
214.63
215.04
215.23
215.19
214.99
214.69
214.39
214.14
213.95
213.82
213.74
213.70
213.68
213.69
213.71
213.74
213.64
213.39
212.98
212.48
211.95
211.55
211.33
211.32
211.46
211.69
211.95
212.20
212.42
212.60
212.75
212.87
212.96
213.03
213.07
213.10
213.03
212.86
212.59
212.26
211.91
211.48
210.98
210.42
209.84
209.42
209.19
209.19
209.33
209.57
209.82
210.03
210.18
210.27
210.32
210.44
210.67
211.00
211.40
211.81
212.17
212.44
212.60
212.68
212.70
212.68
212.63
212.56
212.48
212.40
212.29
212.16
212.01
211.85
211.69
211.62
211.66
211.82
212.04
212.30
212.60
212.93
213.27
213.60
213.90
214.04
213.99
213.74
213.37
212.92
212.41
211.83
211.23
210.63
210.07
209.54
209.05
208.59
208.19
207.97
207.97
208.19
208.54
208.97
209.36
209.65
209.82
209.89
209.90
209.99
210.20
210.55
210.98
211.44
211.77
211.92
211.86
211.68
211.40
211.10
210.83
210.59
210.39
210.23
210.18
210.26
210.46
210.74
211.06
211.25
211.27
211.12
210.84
210.50
210.20
210.00
209.91
209.90
209.96
210.08
210.25
210.47
210.70
210.93
211.05
211.02
210.84
210.56
210.30
210.12
210.04
210.04
210.09
210.25
210.53
210.90
211.33
211.78
212.15
212.44
212.61
212.70
212.73
212.60
212.32
211.89
211.38
210.84
210.32
209.82
209.38
208.99
208.67
208.28
207.78
207.18
206.54
205.90
205.48
205.34
205.48
205.83
206.29
206.79
207.27
207.70
208.07
208.38
208.52
208.49
208.28
207.95
207.57
207.30
207.18
207.25
207.45
207.80
208.29
208.88
209.52
210.15
210.69
211.11
211.40
211.58
211.68
211.77
211.86
211.99
212.14
212.29
212.43
212.56
212.67
212.77
212.85
212.83
212.71
212.48
212.19
211.86
211.67
211.65
211.81
212.09
212.45
212.67
212.71
212.54
212.24
211.85
211.48
211.16
210.94
210.78
210.68
210.68
210.78
210.97
211.21
211.47
211.63
211.66
211.53
211.31
211.03
210.81
210.67
210.65
210.71
210.73
210.70
210.59
210.42
210.23
210.14
210.17
210.35
210.61
210.93
211.23
211.50
211.71
211.88
212.00
212.11
212.22
212.35
212.46
212.58
212.65
212.68
212.67
212.62
212.56
212.43
212.23
211.98
211.69
211.40
211.21
211.12
211.17
211.29
211.47
211.73
212.07
212.45
212.86
213.26
213.53
213.64
213.57
213.38
213.13
212.94
212.87
212.93
213.08
213.16
213.11
212.91
212.62
212.27
211.98
211.80
211.73
211.76
211.84
211.90
211.93
211.90
211.82
211.73
211.65
211.60
211.59
211.60
211.63
211.62
211.55
211.42
211.25
211.07
210.93
210.87
210.89
210.96
211.06
211.16
211.23
211.27
211.28
211.28
211.21
211.06
210.85
210.61
210.35
210.18
210.11
210.17
210.31
210.49
210.68
210.84
210.96
211.04
211.13
211.22
211.33
211.44
211.55
211.54
211.40
211.12
210.76
210.35
210.11
210.06
210.24
210.57
210.98
211.32
211.55
211.62
211.58
211.48
211.43
211.48
211.65
211.89
212.18
212.37
212.43
212.34
212.15
211.91
211.71
211.61
211.60
211.68
211.80
211.87
211.86
211.75
211.58
211.38
211.25
211.20
211.27
211.41
211.59
211.82
212.09
212.37
212.66
212.94
213.08
213.07
212.89
212.62
212.26
211.85
211.40
210.97
210.55
210.24
210.03
209.93
209.92
209.97
210.04
210.09
210.13
210.15
210.15
210.17
210.22
210.29
210.38
210.48
210.63
210.83
211.09
211.37
211.66
211.88
212.01
212.05
212.02
211.95
211.82
211.64
211.43
211.21
210.99
210.78
210.59
210.43
210.29
210.18
210.20
210.36
210.67
211.06
211.50
211.91
212.27
212.56
212.79
212.88
212.83
212.64
212.37
212.05
211.61
211.06
210.40
209.70
209.02
208.59
208.47
208.68
209.12
209.68
210.23
210.69
211.03
211.27
211.42
211.48
211.46
211.36
211.22
211.06
210.97
210.97
211.08
211.26
211.48
211.66
211.78
211.82
211.81
211.76
211.73
211.75
211.84
211.96
212.10
212.16
212.14
212.00
211.80
211.56
211.34
211.15
211.01
210.91
210.85
210.76
210.63
210.45
210.25
210.04
209.84
209.65
209.48
209.34
209.25
209.22
209.23
209.28
209.36
209.50
209.70
209.97
210.27
210.57
210.83
211.03
211.17
211.26
211.31
211.30
211.24
211.13
210.99
210.84
210.67
210.47
210.25
210.03
209.82