234.25
233.87
233.55
233.30
233.11
233.00
232.96
232.99
233.06
233.16
233.33
233.57
233.86
234.18
234.50
234.73
234.84
234.81
234.70
234.53
234.33
234.11
233.91
233.71
233.54
233.39
233.26
233.16
233.08
233.02
233.00
233.03
233.10
233.20
233.31
233.45
233.62
233.81
234.01
234.20
234.30
234.28
234.15
233.94
233.69
233.40
233.08
232.75
232.42
232.11
231.95
231.94
232.10
232.36
232.69
232.88
232.89
232.69
232.35
232.12
232.07
232.25
232.57
232.98
233.38
233.72
233.97
234.15
234.26
234.33
234.36
234.36
234.34
234.31
234.30
234.32
234.36
234.43
234.51
234.48
234.33
234.05
233.69
233.29
233.02
232.93
233.02
233.25
233.56
233.88
234.17
234.43
234.63
234.80
234.87
234.85
234.73
234.56
234.36
234.27
234.35
234.60
234.95
235.36
235.79
236.21
236.60
236.95
237.25
237.31
237.11
236.65
236.02
235.31
234.74
234.39
234.27
234.34
234.43
234.46
234.41
234.30
234.15
234.01
233.90
233.83
233.78
233.77
233.77
233.78
233.80
233.83
233.85
233.83
233.74
233.58
233.39
233.18
232.97
232.77
232.59
232.43
232.30
232.13
231.93
231.69
231.43
231.17
230.92
230.70
230.51
230.35
230.22
230.22
230.37
230.67
231.06
231.49
231.97
232.51
233.06
233.61
234.12
234.53
234.81
234.97
235.02
235.01
235.00
235.02
235.08
235.18
235.29
235.40
235.52
235.62
235.72
235.64
235.36
234.88
234.28
233.63
233.09
232.71
232.51
232.45
232.49
232.41
232.16
231.71
231.14
230.52
230.09
229.90
229.98
230.26
230.65
231.11
231.58
232.04
232.47
232.85
233.10
233.20
233.15
233.01
232.80
232.66
232.64
232.75
232.94
233.19
233.43
233.65
233.82
233.95
234.04
234.08
234.06
233.99
233.89
233.77
233.59
233.35
233.06
232.75
232.43
232.27
232.29
232.50
232.84
233.24
233.59
233.84
233.98
234.02
233.99
233.92
233.82
233.71
233.59
233.37
233.04
232.59
232.08
231.56
231.16
230.93
230.88
230.96
231.12
231.42
231.83
232.34
232.89
233.45
233.92
234.28
234.52
234.66
234.72
234.62
234.35
233.94
233.43
232.90
232.47
232.20
232.11
232.15
232.27
232.42
232.58
232.70
232.81
232.89
232.99
233.09
233.21
233.34
233.47
233.50
233.43
233.25
233.01
232.73
232.52
232.42
232.42
232.52
232.66
232.80
232.93
233.02
233.08
233.20
233.40
233.67
233.99
234.32
234.43
234.26
233.82
233.19
232.48
231.95
231.69
231.74
232.00
232.40
232.71
232.86
232.82
232.63
232.36
232.05
231.72
231.40
231.10
230.83
230.73
230.82
231.11
231.52
231.99
232.38
232.63
232.71
232.68
232.57
232.52
232.56
232.72
232.95
233.22
233.40
233.45
233.36
233.17
232.91
232.64
232.35
232.08
231.84
231.62
231.49
231.45
231.50
231.62
231.78
231.98
232.22
232.48
232.74
233.05
233.39
233.77
234.16
234.53
234.68
234.58
234.20
233.67
233.04
232.49
232.08
231.84
231.74
231.73
231.71
231.65
231.52
231.34
231.15
231.06
231.10
231.28
231.56
231.88
232.14
232.30
232.34
232.30
232.20
232.18
232.25
232.46
232.73
233.05
233.32
233.52
233.63
233.68
233.67
233.61
233.49
233.33
233.14
232.95
232.74
232.51
232.27
232.03
231.81
231.56
231.28
230.95
230.62
230.30
230.09
230.00
230.05
230.19
230.41
230.68
231.00
231.33
231.65
231.87
231.96
231.92
231.79
231.60
231.47
231.41
231.46
231.57
231.73
231.86
231.92
231.92
231.87
231.79
231.80
231.92
232.17
232.50
232.86
233.18
233.41
233.56
233.63
233.65
233.65
233.66
233.68
233.72
233.75
233.82
233.92
234.04
234.18
234.32
234.41
234.41
234.34
234.22
234.07
233.91
233.75
233.60
233.46
233.33
233.18
232.98
232.73
232.47
232.20
231.93
231.64
231.36
231.08
230.84
230.67
230.60
230.62
230.71
230.87
231.08
231.33
231.60
231.86
232.16
232.49
232.86
233.23
233.59
233.86
234.03
234.09
234.08
234.01
234.05
234.21
234.53
234.94
235.39
235.69
235.78
235.64
235.35
234.96
234.51
234.02
233.51
233.02
232.57
232.14
231.74
231.37
231.04
230.75
230.42
230.05
229.63
229.19
228.77
228.51
228.45
228.60
228.88
229.25
229.60
229.89
230.10
230.25
230.33
230.46
230.64
230.89
231.18
231.48
231.86
232.30
232.81
233.33
233.74
233.98
234.05
233.98
233.83
233.68
233.57
233.51
233.50
233.51
233.50
233.43
233.31
233.16
232.99
232.89
232.90
233.02
233.21
233.44
233.65
233.84
233.97
234.07
234.14
234.15
234.11
234.02
233.90
233.78
233.70
233.68
233.75
233.86
233.99
234.09
234.13
234.09
234.01
233.90
233.83
233.81
233.86
233.96
234.09
234.14
234.11
233.97
233.77
233.53
233.34
233.21
233.16
233.18
233.23
233.28
233.31
233.32
233.31
233.31
233.34
233.39
233.46
233.54
233.64
233.78
233.93
234.10
234.27
234.40
234.48
234.51
234.51
234.48
234.38
234.21
233.97
233.70
233.42
233.30
233.40
233.71
234.15
234.67
235.05
235.24
235.19
234.99
234.69
234.42
234.22
234.12
234.09
234.13
234.12
234.04
233.87
233.65
233.42
233.14
232.85
232.55
232.26
231.98
231.79
231.70
231.70
231.77
231.88
232.11
232.43
232.85
233.31
233.77
234.17
234.46
234.64
234.73
234.73
234.65
234.51
234.33
234.13
233.96
233.82
233.74
233.70
233.68
233.79
234.05
234.43
234.89
235.38
235.71
235.82
235.69
235.40
235.02
234.59
234.15
233.73
233.34
232.99
232.70
232.46
232.26
232.11
232.00
231.89
231.79
231.67
231.55
231.44
231.55
231.92
232.56
233.35
234.20
234.90
235.37
235.57
235.57
235.44
235.34
235.36
235.50
235.74
236.03
236.07
235.80
235.19
234.38
233.48
232.65
231.99
231.52
231.22
231.19
231.41
231.86
232.45
233.11
233.64
234.00
234.14
234.12
234.00
233.78
233.49
233.15
232.80
232.46
232.22
232.11
232.13
232.25
232.42
232.66
232.93
233.24
233.54
233.84
234.13
234.42
234.71
234.98
235.23
235.36
235.37
235.25
235.04
234.79
234.46
234.07
233.64
233.19
232.76
232.45
232.27
232.24
232.31
232.45
232.63
232.83
233.03
233.23
233.40
233.48
233.44
233.28
233.05
232.78
232.57
232.46
232.47
232.56
232.75
233.03
233.38
233.77
234.16
234.46
234.62
234.65
234.59
234.46
234.23
233.93
233.56
233.17
232.77
232.40
232.07
231.78
231.53
231.33
231.20
231.14
231.14
231.19
231.26
231.36
231.46
231.55
231.65
231.73
231.86
232.04
232.26
232.52
232.77
232.99
233.16
233.27
233.33
233.36
233.43
233.59
233.82
234.10
234.40
234.54
234.47
234.18
233.76
233.26
232.87
232.64
232.61
232.72
232.91
233.13
233.35
233.53
233.69
233.81
233.91
233.99
234.04
234.07
234.07
234.02
233.93
233.82
233.70
233.55
233.37
233.18
232.98
232.79
232.69
232.70
232.84
233.05
233.30
233.59
233.91
234.25
234.58
234.89
235.11
235.23
235.25
235.20
235.10
234.99
234.91
234.85
234.82
234.81
234.71
234.49
234.15
233.74
233.31
232.91
232.57
232.30
232.10
231.95
231.90
231.95
232.10
232.30
232.53
232.75
232.93
233.06
233.14
233.20
233.30
233.48
233.74
234.05
234.36
234.67
234.96
235.22
235.44
235.57
235.61
235.55
235.42
235.26
235.02
234.72
234.37
233.99
233.62
233.28
232.96
232.70
232.47
232.29
232.09
231.87
231.61
231.34
231.09
230.95
230.97
231.14
231.42
231.75
232.18
232.70
233.30
233.91
234.51
235.03
235.46
235.79
236.04
236.21
236.31
236.37
236.39
236.39
236.36
236.24
236.03
235.72
235.35
234.97
234.71
234.59
234.64
234.79
235.02
235.18
235.23
235.15
234.97
234.74
234.52
234.32
234.16
234.04
233.85
233.56
233.17
232.73
232.27
231.91
231.67
231.58
231.59
231.67
231.83
232.04
232.29
232.56
232.83
232.97
232.96
232.80
232.54
232.22
231.95
231.79
231.73
231.76
231.85
232.00
232.20
232.43
232.68
232.93
233.08
233.11
233.02
232.85
232.63
232.47
232.40
232.44
232.55
232.70
232.82
232.89
232.89
232.85
232.77
232.70
232.65
232.64
232.65
232.68
232.71
232.75
232.79
232.83
232.87
233.01
233.27
233.65
234.09
234.37
234.43
234.23
233.87
233.41
232.95
232.56
232.25
232.02
231.86
231.84
231.95
232.19
232.51
232.86
233.23
233.58
233.90
234.18
234.43
234.57
234.62
234.57
234.44
234.28
234.15
234.08
234.08
234.13
234.21
234.17
233.99
233.65
233.22
232.74
232.32
231.97
231.74
231.58
231.50
231.46
231.47
231.50
231.55
231.61
231.64
231.65
231.62
231.56
231.49
231.47
231.51
231.62
231.77
231.94
232.17
232.45
232.79
233.14
233.44
233.65
233.76
233.80
233.78
233.83
233.99
234.26
234.59
234.96
235.24
235.41
235.46
235.41
235.30
235.13
234.91
234.65
234.39
234.12
233.77
233.33
232.78
232.20
231.62
231.28
231.25
231.53
232.02
232.63
233.19
233.62
233.89
234.03
234.07
233.97
233.72
233.35
232.91
232.45
232.07
231.82
231.70
231.69
231.75
231.81
231.83
231.81
231.74
231.66
231.57
231.47
231.38
231.29
231.22
231.18
231.18
231.23
231.30
231.42
231.57
231.75
231.95
232.14
232.35
232.57
232.80
233.03
233.24
233.48
233.76
234.07
234.39
234.71
234.91
235.00
234.95
234.81
234.62
234.50
234.50
234.64
234.85
235.12
235.25
235.19
234.93
234.53
234.07
233.66
233.35
233.17
233.08
233.07
233.09
233.11
233.12
233.12
233.11
233.13
233.17
233.25
233.34
233.44
233.57
233.72
233.90
234.08
234.25
234.42
234.56
234.69
234.79
234.88
234.84
234.66
234.33
233.93
233.57
233.30
233.15
233.09
233.10
233.12
233.15
233.16
233.15
233.15
233.16
233.20
233.27
233.36
233.45
233.47
233.39
233.21
232.96
232.68
232.53
232.54
232.74
233.05
233.42
233.77
234.05
234.25
234.37
234.44
234.54
234.71
234.94
235.22
235.51
235.71
235.80
235.77
235.65
235.48
235.23
234.91
234.52
234.12
233.73
233.44
233.28
233.26
233.34
233.48
233.66
233.86
234.06
234.25
234.43
234.53
234.54
234.47
234.34
234.12
233.83
233.48
233.10
232.72
232.41
232.20
232.10
232.08
232.11
232.15
232.19
232.20
232.20
232.19
232.12
231.98
231.78
231.54
231.30
231.16
231.16
231.32
231.57
231.87
232.15
232.36
232.49
232.55
232.57
232.66
232.84
233.14
233.50
233.89
234.25
234.55
234.79
234.97
235.09
235.15
235.14
235.07
234.97
234.85
234.74
234.67
234.63
234.63
234.64
234.73
234.88
235.10
235.36
235.63
235.78
235.79
235.65
235.41
235.14
234.88
234.65
234.45
234.29
234.13
233.97
233.81
233.66
233.51
233.44
233.44
233.53
233.67
233.83
233.96
234.03
234.02
233.96
233.86
233.67
233.38
232.99
232.57
232.13
231.79
231.57
231.50
231.53
231.63
231.69
231.68
231.59
231.44
231.25
231.03
230.78
230.51
230.24
229.98
229.86
229.89
230.07
230.36
230.70
231.14
231.67
232.27
232.90
233.50
234.03
234.46
234.80
235.04
235.21
235.29
235.29
235.22
235.11
234.97
234.82
234.67
234.53
234.41
234.35
234.37
234.47
234.63
234.81
234.84
234.68
234.32
233.84
233.29
232.87
232.62
232.57
232.67
232.86
233.00
233.05
232.97
232.81
232.60
232.34
232.05
231.74
231.42
231.13
230.97
230.96
231.12
231.39
231.71
232.06
232.41
232.74
233.04
233.30
233.49
233.62
233.67
233.67
233.64
233.52
233.34
233.08
232.79
232.49
232.31
232.27
232.39
232.61
232.90
233.08
233.10
232.96
232.69
232.37
232.09
231.91
231.84
231.85
231.97
232.19
232.50
232.85
233.21
233.47
233.62
233.64
233.56
233.43
233.31
233.24
233.23
233.26
233.32
233.38
233.41
233.41
233.39
233.35
233.25
233.09
232.87
232.61
232.34
232.11
231.93
231.80
231.73
231.69
231.68
231.69
231.71
231.74
231.78
231.82
231.85
231.89
231.91
231.94
231.96
231.98
231.99
232.00
232.01
232.12
232.35
232.71
233.13
233.59
234.03
234.45
234.83
235.15
235.43
235.54
235.49
235.26
234.93
234.54
234.13
233.73
233.36
233.02
232.87
232.91
233.16
233.54
234.00
234.45
234.86
235.21
235.49
235.72
235.79
235.69
235.42
235.05
234.63
234.16
233.68
233.20
232.75
232.34
232.11
232.09
232.29
232.62
233.04
233.46
233.86
234.19
234.47
234.69
234.95
235.25
235.60
235.98
236.36
236.57
236.60
236.43
236.12
235.74
235.30
234.83
234.35
233.89
233.46
233.16
233.01
233.02
233.12
233.30
233.43
233.49
233.45
233.34
233.28
233.29
233.38
233.53
233.72
233.92
234.12
234.30
234.47
234.61
234.76
234.92
235.09
235.26
235.41
235.58
235.76
235.95
236.14
236.32
236.38
236.29
236.05
235.72
235.35
235.04
234.83
234.75
234.76
234.83
234.87
234.83
234.71
234.53
234.32
234.05
233.73
233.36
232.97
232.59
232.24
231.93
231.66
231.44
231.26
231.23
231.35
231.63
232.01
232.44
232.76
232.95
232.98
232.89
232.73
232.71
232.89
233.29
233.82
234.30
234.68
234.91
235.02
235.05
234.98
234.84
234.65
234.42
234.19
233.93
233.67
233.39
233.12
232.87
232.55
232.13
231.61
231.06
230.51
230.09
229.85
229.80
229.88
230.05
230.38
230.85
231.46
232.13
232.81
233.46
234.04
234.56
235.00
235.36
235.46
235.28
234.82
234.18
233.46
232.79
232.25
231.85
231.58
231.41
231.38
231.47
231.67
231.93
232.23
232.56
232.90
233.26
233.60
233.92
234.11
234.18
234.11
233.95
233.81
233.74
233.75
233.83
233.95
234.11
234.32
234.55
234.79
235.02
235.21
235.35
235.42
235.45
235.45
235.56
235.80
236.20
236.68
237.20
237.49
237.51
237.23
236.76
236.17
235.48
234.73
233.96
233.20
232.50
231.98
231.67
231.58
231.64
231.82
232.05
232.32
232.60
232.87
233.12
233.37
233.62
233.87
234.10
234.31
234.44
234.49
234.44
234.32
234.18
233.95
233.67
233.33
232.96
232.60
232.34
232.21
232.21
232.31
232.42
232.49
232.52
232.51
232.48
232.46
232.46
232.49
232.54
232.59
232.68
232.80
232.95
233.11
233.27
233.45
233.64
233.85
234.06
234.25
234.40
234.50
234.54
234.54
234.51
234.44
234.32
234.17
234.00
233.83
233.69
233.60
233.55
233.55
233.57
233.60
233.65
233.70
233.75
233.80
233.74
233.55
233.23
232.83
232.40
232.05
231.82
231.71
231.71
231.78
231.97
232.28
232.70
233.17
233.65
234.05
234.36
234.56
234.67
234.74
234.79
234.83
234.87
234.91
234.88
234.79
234.63
234.43
234.22
234.08
234.05
234.13
234.29
234.49
234.63
234.68
234.63
234.50
234.34
234.20
234.12
234.11
234.16
234.23
234.27
234.26
234.18
234.06
233.92
233.78
233.63
233.50
233.38
233.27
233.24
233.28
233.40
233.57
233.77
233.81
233.67
233.31
232.84
232.30
231.88
231.63
231.58
231.68
231.87
232.17
232.56
233.02
233.50
233.97
234.38
234.71
234.96
235.14
235.26
235.38
235.52
235.70
235.90
235.94
235.78
235.41
234.92
234.36
233.93
233.67
233.61
233.70
233.88
234.10
234.31
234.49
234.65
234.78
234.99
235.30
235.71
236.18
236.65
236.93
236.95
236.70
236.27
235.75
235.20
234.69
234.24
233.86
233.55
233.25
232.94
232.62
232.31
232.03
231.82
231.72
231.71
231.78
231.89
231.95
231.92
231.80
231.62
231.41
231.32
231.38
231.62
231.97
232.38
232.64
232.71
232.56
232.27
231.89
231.71
231.80
232.19
232.78
233.49
234.28
235.08
235.85
236.56
237.00
237.13
236.95
236.56
236.05
235.52
235.04
234.65
234.35
234.11
233.91
233.74
233.58
233.44
233.31
233.26
233.29
233.41
233.57
233.76
233.96
234.16
234.34
234.50
234.64
234.76
234.86
234.93
234.99
235.03
234.95
234.73
234.38
233.96
233.50
233.15
232.96
232.93
233.02
233.19
233.30
233.30
233.18
232.98
232.74
232.61
232.63
232.82
233.13
233.50
233.89
234.28
234.64
234.97
235.25
235.49
235.69
235.84
235.96
235.88
235.59
235.09
234.47
233.79
233.25
232.90
232.76
232.79
232.92
233.18
233.54
233.98
234.44
234.91
235.21
235.32
235.22
234.98
234.65
234.27
233.89
233.52
233.18
232.88
232.78
232.91
233.28
233.78
234.36
234.80
235.04
235.05
234.89
234.62
234.30
233.94
233.59
233.26
232.96
232.81
232.82
232.99
233.28
233.62
233.88
234.02
234.01
233.89
233.71
233.62
233.68
233.89
234.21
234.39
234.38
234.14
233.75
233.27
232.82
232.43
232.13
231.92
231.77
231.79
231.97
232.32
232.76
233.24
233.61
233.84
233.91
233.85
233.71
233.58
233.48
233.44
233.44
233.47
233.52
233.58
233.64
233.71
233.77
233.74
233.62
233.39
233.11
232.79
232.56
232.43
232.42
232.50
232.64
232.75
232.82
232.82
232.78
232.71
232.65
232.61
232.61
232.62
232.66
232.78
232.99
233.31
233.67
234.05
234.45
234.85
235.24
235.61
235.95
236.24
236.48
236.68
236.84
236.85
236.71
236.41
236.01
235.58
235.16
234.80
234.50
234.26
234.08
233.92
233.78
233.63
233.50
233.38
233.25
233.10
232.94
232.78
232.62
232.51
232.44
232.42
232.44
232.48
232.62
232.86
233.19
233.58
233.97
234.26
234.39
234.35
234.20
233.97
233.63
233.19
232.65
232.08
231.51
231.09
230.84
230.78
230.86
231.03
231.31
231.67
232.10
232.56
233.01
233.36
233.56
233.63
233.58
233.49
233.39
233.30
233.22
233.15
233.15
233.22
233.36
233.55
233.76
233.84
233.76
233.50
233.13
232.71
232.37
232.17
232.12
232.19
232.34
232.64
233.08
233.65
234.28
234.93
235.49
235.94
236.25
236.46
236.58
236.61
236.56
236.44
236.27
236.09
235.96
235.90
235.91
235.98
236.08
236.07
235.91
235.59
235.17
234.71
234.24
233.79
233.38
233.02
232.72
232.51
232.43
232.45
232.55
232.69
232.81
232.88
232.88
232.83
232.76
232.74
232.81
232.98
233.20
233.46
233.72
233.97
234.20
234.40
234.69
235.06
235.53
236.05
236.57
236.85
236.84
236.52
236.00
235.37
234.83
234.45
234.26
234.22
234.29
234.40
234.53
234.64
234.74
234.82
234.81
234.69
234.46
234.17
233.85
233.56
233.30
233.11
232.97
232.87
232.76
232.61
232.42
232.21
232.00
231.85
231.78
231.80
231.88
231.99
232.07
232.09
232.05
231.97
231.86
231.84
231.94
232.18
232.50
232.85
233.14
233.31
233.37
233.33
233.32
233.36
233.47
233.63
233.82
234.01
234.20
234.38
234.53
234.67
234.78
234.87
234.94
234.99
235.03
235.00
234.90
234.73
234.51
234.28
233.97
233.58
233.12
232.63
232.14
231.66
231.19
230.75
230.35
229.99
229.77
229.69
229.76
229.93
230.16
230.34
230.43
230.42
230.34
230.21
230.24
230.47
230.94
231.53
232.18
232.74
233.14
233.37
233.45
233.43
233.34
233.20
233.05
232.88
232.71
232.59
232.51
232.48
232.49
232.54
232.65
232.80
232.96
233.14
233.28
233.37
233.42
233.43
233.42
233.36
233.26
233.12
232.96
232.80
232.56
232.25
231.85
231.42
230.99
230.75
230.72
230.93
231.29
231.75
232.16
232.48
232.68
232.78
232.81
232.84
232.90
233.00
233.12
233.25
233.28
233.18
232.93
232.61
232.24
231.86
231.50
231.16
230.87
230.61
230.53
230.65
230.97
231.40
231.90
232.39
232.83
233.20
233.50
233.74
233.93
234.06
234.15
234.20
234.28
234.40
234.57
234.77
234.97
235.06
235.02
234.82
234.54
234.20
233.77
233.25
232.66
232.05
231.46
230.99
230.68
230.53
230.51
230.57
230.72
230.93
231.19
231.46
231.74
231.95
232.07
232.10
232.06
231.98
231.92
231.91
231.96
232.05
232.17
232.35
232.59
232.88
233.21
233.53
233.86
234.19
234.52
234.83
235.11
235.17
234.97
234.51
233.90
233.21
232.58
232.06
231.70
231.46
231.33
231.29
231.34
231.47
231.64
231.89
232.20
232.57
232.95
233.34
233.61
233.76
233.77
233.68
233.53
233.37
233.22
233.11
233.02
232.96
232.81
232.56
232.19
231.76
231.31
231.01
230.89
230.97
231.19
231.50
231.84
232.20
232.55
232.87
233.15
233.43
233.69
233.94
234.18
234.38
234.40
234.21
233.79
233.24
232.63
232.23
232.09
232.25
232.62
233.12
233.62
234.07
234.43
234.72
234.94
235.09
235.19
235.26
235.29
235.29
235.31
235.34
235.40
235.47
235.45
235.30
235.02
234.66
234.26
233.95
233.74
233.67
233.68
233.77
233.92
234.12
234.36
234.62
234.88
234.95
234.82
234.47
233.99
233.44
232.95
232.57
232.32
232.19
232.14
232.12
232.12
232.11
232.09
232.08
232.04
231.97
231.87
231.75
231.63
231.46
231.23
230.95
230.65
230.36
230.07
229.82
229.60
229.41
229.26
229.38
229.80
230.54
231.45
232.44
233.35
234.12
234.70
235.13
235.42
235.58
235.61
235.55
235.43
235.27
235.11
234.98
234.89
234.84
234.80
234.79
234.80
234.81
234.83
234.85
234.88
234.90
234.92
234.94
234.96
234.97
234.98
234.99
235.00
234.92
234.75
234.49
234.17
233.83
233.55
233.35
233.24
233.21
233.23
233.23
233.19
233.10
232.98
232.84
232.89
233.15
233.65
234.28
234.98
235.60
236.10
236.45
236.66
236.78
236.71
236.47
236.06
235.55
235.01
234.49
234.04
233.67
233.37
233.14
232.92
232.69
232.44
232.18
231.94
231.83
231.87
232.06
232.35
232.62
232.81
232.91
232.92
232.88
232.84
232.80
232.78
232.78
232.80
232.90
233.09
233.38
233.73
234.09
234.39
234.61
234.73
234.78
234.77
234.72
234.65
234.56
234.47
234.38
234.30
234.23
234.16
234.11
234.07
234.11
234.26
234.51
234.82
235.15
235.35
235.37
235.21
234.93
234.57
234.16
233.71
233.26
232.81
232.41
232.05
231.74
231.48
231.28
231.12
231.06
231.09
231.21
231.40
231.61
231.81
231.97
232.08
232.16
232.23
232.31
232.40
232.50
232.59
232.73
232.93
233.17
233.44
233.72
233.87
233.88
233.73
233.48
233.17
232.89
232.68
232.54
232.47
232.45
232.55
232.76
233.08
233.46
233.86
234.23
234.55
234.79
234.97
235.10
235.11
234.98
234.74
234.42
234.07
233.68
233.28
232.88
232.50
232.15
231.90
231.76
231.72
231.76
231.86
232.02
232.22
232.45
232.70
232.95
233.09
233.12
233.03
232.86
232.64
232.42
232.24
232.09
231.99
231.99
232.12
232.36
232.67
233.01
233.39
233.77
234.16
234.54
234.87
235.07
235.09
234.94
234.68
234.35
234.08
233.90
233.83
233.84
233.91
234.02
234.15
234.28
234.42
234.54
234.60
234.58
234.49
234.34
234.16
233.92
233.63
233.28
232.91
232.56
232.25
232.01
231.84
231.72
231.66
231.69
231.81
232.00
232.25
232.52
232.83
233.20
233.61
234.02
234.41
234.64
234.67
234.50
234.19
233.80
233.38
232.96
232.56
232.20
231.96
231.86
231.90
232.05
232.25
232.54
232.90
233.32
233.76
234.19
234.66
235.19
235.76
236.33
236.88
237.27
237.47
237.48
237.36
237.14
236.85
236.51
236.14
235.76
235.40
235.10
234.87
234.72
234.63
234.58
234.57
234.59
234.62
234.67
234.72
234.79
234.90
235.03
235.17
235.32
235.35
235.25
235.00
234.67
234.29
233.91
233.53
233.19
232.89
232.63
232.60
232.83
233.32
233.96
234.69
235.29
235.71
235.91
235.95
235.85
235.64
235.35
235.02
234.68
234.30
233.89
233.44
233.00
232.58
232.28
232.13
232.12
232.21
232.37
232.55
232.71
232.83
232.93
233.00
233.08
233.17
233.28
233.39
233.50
233.53
233.45
233.27
233.02
232.73
232.47
232.24
232.07
231.95
231.87
231.92
232.13
232.48
232.91
233.38
233.71
233.87
233.83
233.64
233.38
233.11
232.90
232.75
232.66
232.62
232.66
232.79
233.00
233.25
233.52
233.74
233.87
233.92
233.91
233.85
233.71
233.50
233.21
232.89
232.65
232.51
232.49
232.56
232.69
232.84
233.02
233.19
233.35
233.50
233.58
233.58
233.49
233.35
233.18
232.97
232.73
232.47
232.21
231.96
231.87
231.96
232.24
232.64
233.09
233.54
233.95
234.29
234.57
234.78
234.87
234.81
234.62
234.35
234.04
233.76
233.55
233.43
233.37
233.37
233.35
233.28
233.17
233.03
232.88
232.75
232.66
232.62
232.60
232.62
232.59
232.52
232.39
232.22
232.04
231.93
231.93
232.04
232.22
232.50
232.85
233.27
233.70
234.13
234.40
234.47
234.34
234.07
233.71
233.37
233.08
232.88
232.74
232.66
232.60
232.53
232.46
232.38
232.31
232.24
232.18
232.13
232.08
232.05
231.99
231.92
231.81
231.70
231.58
231.49
231.44
231.44
231.47
231.52
231.68
231.98
232.40
232.88
233.39
233.73
233.84
233.72
233.43
233.05
232.70
232.43
232.27
232.20
232.19
232.36
232.71
233.25
233.87
234.53
235.13
235.62
235.98
236.24
236.27
236.08
235.67
235.14
234.54
234.10
233.86
233.86
234.03
234.31
234.59
234.84
235.02
235.15
235.23
235.30
235.37
235.46
235.55
235.63
235.63
235.53
235.33
235.06
234.76
234.51
234.33
234.25
234.23
234.25
234.15
233.88
233.44
232.89
232.29
231.89
231.73
231.85
232.15
232.57
232.94
233.20
233.32
233.34
233.27
233.14
232.94
232.70
232.44
232.18
231.88
231.54
231.17
230.79
230.44
230.24
230.24
230.44
230.77
231.12
231.44
231.69
231.89
232.03
232.18
232.36
232.57
232.79
233.02
233.06
232.91
232.53
232.03
231.46
231.04
230.82
230.84
231.02
231.31
231.62
231.93
232.21
232.44
232.64
232.82
233.00
233.17
233.34
233.50
233.55
233.49
233.32
233.07
232.79
232.52
232.29
232.12
231.99
231.90
231.87
231.89
231.97
232.08
232.20
232.31
232.38
232.41
232.40
232.38
232.37
232.39
232.43
232.49
232.56
232.60
232.62
232.59
232.54
232.45
232.33
232.17
231.99
231.82
231.65
231.50
231.37
231.25
231.16
231.09
231.03
230.99
230.96
230.94
231.04
231.27
231.63
232.06
232.52
232.94
233.31
233.61
233.84
234.01
234.12
234.20
234.24
234.26
234.26
234.32
234.47
234.71
235.00
235.31
235.64
235.99
236.34
236.68
236.98
237.09
236.97
236.63
236.14
235.57
234.98
234.41
233.88
233.41
233.01
232.67
232.40
232.18
232.02
231.91
231.92
232.05
232.30
232.61
232.99
233.40
233.83
234.25
234.63
234.84
234.85
234.65
234.31
233.90
233.59
233.44
233.46
233.62
233.86
233.97
233.93
233.68
233.32
232.88
232.42
231.97
231.55
231.17
230.84
230.68
230.68
230.86
231.16
231.52
231.82
232.03
232.12
232.13
232.07
232.13
232.36
232.76
233.27
233.83
234.42
235.00
235.58
236.11
236.58
236.88
236.99
236.91
236.70
236.40
236.18
236.06
236.08
236.20
236.38
236.46
236.40
236.17
235.84
235.49
235.15
234.85
234.59
234.38
234.10
233.75
233.29
232.80
232.31
231.81
231.32
230.86
230.44
230.06
229.88
229.90
230.13
230.51
230.95
231.40
231.82
232.17
232.46
232.70
232.88
233.01
233.10
233.16
233.19
233.29
233.46
233.71
234.01
234.33
234.51
234.51
234.33
234.02
233.64
233.37
233.25
233.32
233.51
233.77
233.97
234.06
234.01
233.87
233.67
233.44
233.20
232.97
232.76
232.57
232.40
232.27
232.16
232.07
232.01
232.15
232.52
233.13
233.87
234.55
235.11
235.50
235.74
235.87
235.92
235.90
235.84
235.75
235.65
235.62
235.69
235.87
236.10
236.37
236.61
236.82
236.97
237.08
237.16
237.12
236.97
236.70
236.37
236.01
235.65
235.31
235.00
234.73
234.51
234.29
234.09
233.88
233.70
233.53
233.51
233.68
234.02
234.48
234.98
235.34
235.49
235.41
235.17
234.84
234.45
234.05
233.65
233.29
232.97
232.80
232.79
232.96
233.24
233.59
233.93
234.24
234.50
234.71
234.76
234.65
234.38
234.01
233.59
233.16
232.74
232.35
232.01
231.71
231.60
231.69
231.99
232.41
232.89
233.40
233.89
234.35
234.76
235.12
235.41
235.65
235.83
235.97
236.07
236.11
236.09
236.02
235.92
235.79
235.59
235.29
234.90
234.48
234.05
233.64
233.26
232.93
232.65
232.42
232.29
232.26
232.33
232.47
232.65
232.83
232.97
233.07
233.14
233.18
233.17
233.11
233.02
232.89
232.76
232.76
232.92
233.25
233.68
234.11
234.48
234.77
234.98
235.14
235.34
235.63
236.01
236.44
236.87
237.05
236.92
236.46
235.79
235.01
234.39
233.99
233.88
233.96
234.19
234.39
234.51
234.51
234.43
234.30
234.11
233.88
233.62
233.35
233.08
232.90
232.80
232.79
232.85
232.96
233.09
233.22
233.36
233.49
233.61
233.72
233.81
233.88
233.93
233.98
233.98
233.95
233.87
233.77
233.66
233.63
233.69
233.86
234.09
234.36
234.60
234.81
234.97
235.08
235.02
234.77
234.35
233.82
233.24
232.69
232.20
231.79
231.47
231.21
231.02
230.89
230.80
230.75
230.73
230.81
230.99
231.28
231.63
232.00
232.29
232.46
232.50
232.45
232.34
232.22
232.10
232.02
231.96
231.92
231.90
231.89
231.88
231.89
231.90
231.99
232.18
232.46
232.79
233.14
233.54
233.98
234.45
234.91
235.35
235.69
235.92
236.03
236.05
236.01
235.88
235.66
235.36
235.02
234.68
234.32
233.96
233.61
233.27
232.99
232.78
232.65
232.58
232.55
232.68
233.00
233.48
234.07
234.68
235.22
235.62
235.86
235.99
236.03
235.89
235.59
235.13
234.59
234.02
233.56
233.27
233.15
233.17
233.28
233.37
233.40
233.35
233.24
233.09
233.01
233.03
233.14
233.32
233.53
233.71
233.82
233.86
233.83
233.77
233.72
233.68
233.67
233.68
233.71
233.77
233.86
233.99
234.13
234.28
234.39
234.47
234.49
234.48
234.45
234.35
234.18
233.95
233.68
233.48
233.38
233.40
233.50
233.65
233.85
234.10
234.37
234.65
234.91
235.00
234.87
234.52
234.04
233.48
233.01
232.68
232.52
232.49
232.54
232.69
232.90
233.16
233.44
233.72
233.91
233.97
233.92
233.77
233.58
233.49
233.55
233.78
234.11
234.49
234.68
234.62
234.28
233.75
233.13
232.66
232.42
232.44
232.64
232.97
233.25
233.43
233.48
233.44
233.34
233.19
233.02
232.85
232.69
232.53
232.51
232.62
232.88
233.23
233.46
233.52
233.37
233.09
232.72
232.43
232.26
232.23
232.30
232.44
232.68
233.00
233.38
233.79
234.19
234.54
234.83
235.04
235.18
235.27
235.30
235.26
235.16
235.03
234.89
234.74
234.59
234.46
234.34
234.24
234.16
234.09
234.04
234.00
233.97
234.01
234.11
234.29
234.50
234.73
234.96
235.18
235.37
235.54
235.69
235.78
235.81
235.79
235.74
235.66
235.46
235.14
234.69
234.18
233.65
233.14
232.67
232.25
231.89
231.58
231.32
231.07
230.84
230.64
230.51
230.48
230.53
230.65
230.81
231.01
231.24
231.50
231.76
232.01
232.37
232.85
233.47
234.15
234.82
235.31
235.55
235.53
235.33
235.01
234.65
234.30
233.98
233.71
233.48
233.32
233.23
233.21
233.23
233.29
233.40
233.55
233.73
233.92
234.12
234.22
234.21
234.09
233.89
233.65
233.42
233.23
233.08
232.97
232.89
232.85
232.82
232.81
232.82
232.83
232.93
233.12
233.41
233.75
234.11
234.44
234.71
234.91
235.06
235.22
235.40
235.60
235.83
236.04
236.06
235.84
235.38
234.76
234.08
233.51
233.13
232.96
232.95
233.06
233.21
233.37
233.51
233.64
233.75
233.79
233.74
233.62
233.45
233.25
232.96
232.59
232.14
231.65
231.17
230.82
230.64
230.64
230.77
230.98
231.36
231.92
232.64
233.43
234.23
234.91
235.43
235.77
235.97
236.06
236.04
235.93
235.74
235.52
235.29
234.95
234.50
233.94
233.34
232.74
232.20
231.75
231.39
231.12
230.94
230.87
230.87
230.94
231.04
231.19
231.38
231.60
231.83
232.05
232.31
232.61
232.95
233.29
233.63
233.91
234.12
234.27
234.35
234.40
234.43
234.47
234.53
234.59
234.66
234.59
234.37
233.98
233.49
232.96
232.54
232.27
232.17
232.20
232.32
232.46
232.61
232.73
232.83
232.91
233.07
233.35
233.74
234.18
234.64
235.04
235.34
235.54
235.64
235.69
235.57
235.30
234.88
234.38
233.85
233.40
233.08
232.91
232.84
232.89
233.02
233.21
233.45
233.69
233.91
234.08
234.19
234.26
234.30
234.23
234.04
233.75
233.40
233.03
232.82
232.81
233.03
233.40
233.85
234.25
234.56
234.75
234.84
234.86
234.77
234.59
234.32
234.01
233.69
233.48
233.41
233.50
233.70
233.96
234.15
234.22
234.14
233.98
233.76
233.62
233.59
233.70
233.90
234.16
234.30
234.29
234.11
233.81
233.45
233.21
233.12
233.21
233.42
233.71
233.95
234.11
234.16
234.14
234.03
233.86
233.65
233.40
233.16
232.98
232.88
232.87
232.93
233.02
233.20
233.44
233.75
234.08
234.42
234.69
234.87
234.94
234.95
234.90
234.93
235.06
235.30
235.62
235.97
236.30
236.58
236.80
236.96
237.08
237.08
236.95
236.70
236.39
236.04
235.58
235.01
234.34
233.65
232.96
232.46
232.17
232.12
232.24
232.48
232.67
232.76
232.74
232.63
232.46
232.48
232.74
233.25
233.92
234.66
235.27
235.71
235.92
235.96
235.89
235.71
235.45
235.14
234.81
234.59
234.51
234.58
234.77
235.01
235.11
234.99
234.64
234.15
233.59
233.05
232.59
232.24
231.98
231.80
231.74
231.79
231.94
232.16
232.41
232.64
232.84
232.99
233.09
233.16
233.30
233.55
233.91
234.32
234.76
235.02
235.07
234.89
234.55
234.13
233.61
233.03
232.40
231.78
231.20
230.76
230.47
230.35
230.36
230.45
230.57
230.69
230.79
230.87
230.94
231.01
231.10
231.22
231.34
231.46
231.78
232.35
233.15
234.08
234.86
235.40
235.65
235.68
235.56
235.45
235.40
235.45
235.57
235.73
235.83
235.84
235.75
235.59
235.40
235.21
235.06
234.95
234.87
234.83
234.83
234.88
234.98
235.10
235.23
235.45
235.75
236.13
236.56
236.98
237.23
237.26
237.05
236.68
236.23
235.85
235.59
235.49
235.49
235.58
235.63
235.62
235.53
235.38
235.21
234.99
234.75
234.48
234.22
233.97
233.66
233.29
232.85
232.40
231.95
231.64
231.49
231.52
231.68
231.91
232.18
232.47
232.76
233.02
233.34
233.72
234.16
234.62
235.07
235.38
235.53
235.49
235.34
235.10
234.91
234.79
234.77
234.82
234.92
235.02
235.10
235.16
235.18
235.20
235.19
235.18
235.16
235.14
235.12
235.23
235.49
235.92
236.44
236.99
237.41
237.64
237.66
237.53
237.30
236.91
236.38
235.72
235.00
234.29
233.66
233.16
232.80
232.56
232.42
232.35
232.33
232.36
232.41
232.48
232.63
232.88
233.22
233.61
233.90
234.06
234.06
233.95
233.77
233.60
233.48
233.42
233.41
233.43
233.53
233.71
233.96
234.24
234.53
234.76
234.90
234.96
234.95
234.89
234.96
235.20
235.62
236.15
236.73
237.07
237.10
236.80
236.28
235.63
234.98
234.40
233.91
233.52
233.22
233.00
232.84
232.74
232.68
232.66
232.72
232.85
233.06
233.31
233.58
233.78
233.92
233.96
233.94
233.87
233.75
233.59
233.39
233.18
232.96
232.74
232.50
232.25
232.01
231.92
232.01
232.29
232.68
233.13
233.55
233.89
234.14
234.30
234.40
234.42
234.38
234.27
234.13
233.97
233.75
233.48
233.15
232.81
232.48
232.24
232.13
232.15
232.27
232.44
232.67
232.94
233.25
233.55
233.84
234.05
234.17
234.19
234.15
234.05
233.93
233.79
233.65
233.52
233.40
233.40
233.54
233.83
234.19
234.60
234.91
235.07
235.08
234.97
234.79
234.70
234.75
234.96
235.27
235.63
235.90
236.04
236.04
235.92
235.79
235.68
235.63
235.61
235.61
235.56
235.42
235.20
234.92
234.63
234.28
233.89
233.46
233.03
232.62
232.24
231.91
231.63
231.40
231.22
231.16
231.23
231.43
231.70
232.02
232.35
232.66
232.96
233.22
233.45
233.66
233.87
234.07
234.27
234.44
234.60
234.72
234.83
234.91
234.97
234.99
234.97
234.90
234.80
234.69
234.49
234.21
233.84
233.43
233.01
232.66
232.41
232.27
232.20
232.20
232.30
232.48
232.75
233.05
233.42
233.85
234.31
234.78
235.23
235.53
235.66
235.61
235.44
235.18
234.92
234.67
234.45
234.28
234.15
234.10
234.14
234.27
234.45
234.66
234.80
234.84
234.77
234.63
234.44
234.26
234.10
233.99
233.91
233.86
233.78
233.65
233.48
233.27
233.06
232.89
232.76
232.68
232.64
232.63
232.59
232.51
232.37
232.19
232.01
231.88
231.82
231.85
231.92
232.03
232.19
232.38
232.61
232.84
233.06
233.19
233.20
233.09
232.90
232.85
233.00
233.37
233.88
234.46
235.02
235.54
235.98
236.34
236.63
236.80
236.85
236.78
236.64
236.46
236.30
236.20
236.18
236.20
236.26
236.21
236.02
235.67
235.22
234.74
234.28
233.88
233.55
233.29
233.09
232.92
232.77
232.62
232.48
232.36
232.25
232.16
232.10
232.04
232.00
232.00
232.04
232.12
232.22
232.33
232.61
233.06
233.70
234.43
235.18
235.78
236.17
236.33
236.32
236.19
236.08
236.06
236.15
236.31
236.51
236.49
236.20
235.61
234.84
234.29
234.05
234.21
234.63
235.21
235.71
236.05
236.18
236.16
236.02
235.82
235.58
235.33
235.08
234.85
234.67
234.55
234.49
234.47
234.49
234.34
233.99
233.43
232.74
232.01
231.39
230.93
230.67
230.55
230.55
230.71
231.01
231.43
231.92
232.42
232.86
233.20
233.43
233.57
233.64
233.75
233.96
234.26
234.62
235.00
235.32
235.55
235.69
235.75
235.75
235.71
235.64
235.56
235.47
235.39
235.20
234.90
234.48
234.00
233.45
232.85
232.23
231.62
231.05
230.62
230.36
230.26
230.28
230.39
230.63
231.00
231.46
231.98
232.51
232.98
233.38
233.69
233.93
234.10
234.27
234.45
234.66
234.88
235.09
235.24
235.30
235.27
235.19
235.06
234.92
234.77
234.62
234.49
234.37
234.29
234.26
234.28
234.33
234.40
234.46
234.49
234.48
234.45
234.40
234.38
234.38
234.41
234.47
234.54
234.61
234.68
234.75
234.81
234.86
234.96
235.11
235.32
235.55
235.69
235.69
235.55
235.32
235.03
234.77
234.58
234.46
234.41
234.41
234.46
234.57
234.72
234.90
235.08
235.20
235.25
235.22
235.13
235.01
234.84
234.64
234.41
234.18
233.95
233.71
233.47
233.22
232.98
232.76
232.56
232.39
232.26
232.15
232.06
232.11
232.29
232.62
233.03
233.48
233.98
234.52
235.08
235.63
236.15
236.50
236.66
236.64
236.48
236.24
236.03
235.89
235.85
235.89
235.98
236.06
236.13
236.18
236.20
236.09
235.86
235.48
235.04
234.56
234.14
233.82
233.60
233.47
233.40
233.39
233.41
233.46
233.52
233.59
233.69
233.81
233.96
234.13
234.29
234.38
234.40
234.34
234.23
234.08
233.90
233.68
233.43
233.19
232.95
232.71
232.46
232.21
231.97
231.75
231.76
232.06
232.63
233.38
234.20
234.95
235.58
236.04
236.36
236.56
236.68
236.72
236.71
236.67
236.60
236.44
236.19
235.84
235.44
235.03
234.64
234.27
233.95
233.67
233.55
233.59
233.81
234.13
234.50
234.88
235.21
235.49
235.71
235.88
236.00
236.09
236.15
236.18
236.19
236.09
235.84
235.47
235.02
234.55
234.21
234.06
234.11
234.30
234.58
234.79
234.90
234.88
234.76
234.58
234.35
234.07
233.77
233.46
233.16
233.00
233.00
233.15
233.41
233.74
234.11
234.51
234.93
235.33
235.70
235.98
236.14
236.20
236.18
236.10
235.95
235.76
235.54
235.30
235.06
234.81
234.55
234.28
234.03
233.93
234.01
234.28
234.67
235.12
235.54
235.88
236.13
236.29
236.39
236.44
236.45
236.44
236.40
236.36
236.25
236.08
235.86
235.60
235.33
234.99
234.58
234.10
233.60
233.11
232.68
232.33
232.07
231.88
231.75
231.68
231.64
231.64
231.65
231.68
231.77
231.93
232.15
232.40
232.67
232.89
233.07
233.20
233.27
233.31
233.32
233.31
233.29
233.25
233.22
233.23
233.31
233.46
233.64
233.85
234.05
234.24
234.42
234.57
234.70
234.73
234.64
234.44
234.17
233.84
233.46
233.07
232.69
232.33
232.00
231.72
231.49
231.30
231.15
231.09
231.12
231.25
231.43
231.64
231.86
232.07
232.27
232.45
232.61
232.82
233.10
233.44
233.83
234.21
234.49
234.65
234.68
234.60
234.47
234.29
234.10
233.91
233.72
233.56
233.54
233.71
234.05
234.50
235.00
235.30
235.34
235.07
234.62
234.05
233.49
233.00
232.59
232.28
232.04
231.96
232.02
232.22
232.51
232.85
233.15
233.37
233.51
233.58
233.65
233.75
233.88
234.04
234.20
234.24
234.16
233.93
233.61
233.25
232.95
232.76
232.70
232.72
232.80
232.95
233.15
233.39
233.65
233.90
234.08
234.17
234.18
234.12
234.02
233.97
234.01
234.14
234.33
234.56
234.74
234.85
234.88
234.86
234.80
234.66
234.45
234.17
233.85
233.54
233.23
232.95
232.70
232.49
232.32
232.21
232.16
232.17
232.22
232.30
232.50
232.82
233.28
233.79
234.32
234.73
234.98
235.05
234.99
234.86
234.72
234.58
234.45
234.33
234.18
233.99
233.74
233.48
233.21
232.91
232.57
232.19
231.81
231.45
231.28
231.33
231.61
232.05
232.56
233.03
233.39
233.63
233.76
233.81
233.86
233.92
234.03
234.15
234.28
234.28
234.12
233.78
233.35
232.86
232.48
232.23
232.16
232.20
232.33
232.64
233.14
233.79
234.53
235.29
235.86
236.18
236.24
236.11
235.85
235.57
235.32
235.12
234.98
234.88
234.84
234.87
234.94
235.05
235.07
234.98
234.75
234.45
234.10
233.80
233.57
233.44
233.37
233.36
233.47
233.69
234.02
234.41
234.83
235.10
235.19
235.09
234.85
234.53
234.22
233.97
233.79
233.68
233.62
233.68
233.85
234.15
234.50
234.89
235.22
235.46
235.61
235.68
235.69
235.59
235.36
235.02
234.62
234.20
233.87
233.66
233.58
233.60
233.69
233.75
233.73
233.63
233.47
233.28
233.13
233.04
233.04
233.08
233.16
233.40
233.80
234.35
234.99
235.52
235.88
236.02
236.02
235.91
235.73
235.51
235.28
235.05
234.83
234.60
234.37
234.14
233.91
233.71
233.53
233.37
233.24
233.14
233.06
232.97
232.87
232.76
232.64
232.52
232.46
232.47
232.57
232.71
232.88
233.03
233.14
233.22
233.26
233.27
233.22
233.08
232.88
232.64
232.38
232.12
231.89
231.67
231.48
231.33
231.28
231.35
231.55
231.81
232.11
232.37
232.56
232.67
232.70
232.69
232.67
232.66
232.67
232.70
232.84
233.11
233.50
233.97
234.46
234.88
235.21
235.43
235.56
235.62
235.63
235.61
235.56
235.49
235.42
235.29
235.11
234.87
234.60
234.32
234.14
234.07
234.13
234.26
234.45
234.48
234.30
233.89
233.35
232.73
232.21
231.83
231.62
231.56
231.58
231.73
231.99
232.32
232.70
233.09
233.36
233.48
233.42
233.26
233.02
232.85
232.80
232.88
233.04
233.27
233.54
233.85
234.19
234.52
234.83
235.00
235.02
234.86
234.61
234.31
234.02
233.76
233.54
233.36
233.21
233.10
233.01
232.95
232.91
232.89
232.88
232.88
232.88
232.89
233.01
233.26
233.63
234.07
234.53
234.88
235.08
235.11
235.02
234.84
234.57
234.22
233.79
233.35
232.91
232.53
232.22
231.99
231.83
231.73
231.65
231.56
231.48
231.39
231.31
231.26
231.26
231.29
231.35
231.43
231.54
231.69
231.86
232.04
232.22
232.36
232.45
232.49
232.49
232.47
232.37
232.20
231.97
231.70
231.42
231.23
231.15
231.19
231.32
231.44
231.53
231.57
231.56
231.53
231.50
231.50
231.52
231.56
231.62
231.67
231.73
231.79
231.84
231.88
231.86
231.78
231.62
231.43
231.22
231.08
231.05
231.13
231.29
231.49
231.66
231.77
231.81
231.79
231.73
231.63
231.48
231.30
231.10
230.91
230.75
230.63
230.58
230.56
230.57
230.60
230.64
230.69
230.74
230.79
230.94
231.21
231.61
232.06
232.54
232.90
233.10
233.13
233.04
232.86
232.80
232.90
233.19
233.60
234.04
234.47
234.85
235.18
235.45
235.62
235.68
235.63
235.51
235.34
235.15
234.96
234.77
234.60
234.45
234.21
233.87
233.43
232.93
232.43
231.95
231.51
231.11
230.78
230.51
230.50
230.79
231.38
232.14
232.99
233.62
233.93
233.88
233.59
233.14
232.76
232.54
232.51
232.63
232.83
233.07
233.30
233.49
233.66
233.79
233.92
234.06
234.21
234.35
234.49
234.58
234.63
234.63
234.60
234.54
234.53
234.57
234.68
234.82
234.93
234.99
234.97
234.91
234.82
234.52
234.01
233.27
232.42
231.53
230.89
230.54
230.54
230.78
231.17
231.60
232.00
232.33
232.60
232.81
233.05
233.33
233.67
234.04
234.40
234.76
235.12
235.48
235.81
236.10
236.28
236.32
236.22
236.04
235.80
235.59
235.44
235.36
235.34
235.36
235.33
235.22
235.03
234.79
234.52
234.28
234.08
233.94
233.84
233.78
233.73
233.66
233.58
233.49
233.40
233.19
232.83
232.31
231.72
231.33
231.19
231.35
231.71
232.20
232.71
233.21
233.65
234.03
234.35
234.51
234.48
234.27
233.96
233.57
233.38
233.44
233.78
234.30
234.91
235.34
235.52
235.41
235.09
234.65
234.36
234.30
234.51
234.89
235.38
235.68
235.70
235.41
234.92
234.32
233.79
233.43
233.25
233.22
233.30
233.41
233.54
233.65
233.75
233.83
233.90
233.95
233.99
234.02
234.04
234.05
234.05
234.05
234.05
234.05
233.99
233.87
233.68
233.46
233.31
233.26
233.31
233.44
233.61
233.70
233.67
233.51
233.26
232.97
232.76
232.68
232.75
232.92
233.15
233.36
233.51
233.59
233.61
233.60
233.71
234.00
234.47
235.03
235.65
236.09
236.32
236.30
236.11
235.82
235.48
235.16
234.87
234.62
234.41
234.24
234.11
234.01
233.94
233.90
233.79
233.61
233.34
233.03
232.70
232.51
232.50
232.68
232.98
233.36
233.63
233.74
233.68
233.49
233.22
233.02
232.94
232.99
233.13
233.44
233.89
234.49
235.15
235.81
236.24
236.36
236.16
235.75
235.20
234.81
234.65
234.77
235.08
235.51
235.81
235.91
235.77
235.47
235.08
234.74
234.52
234.45
234.48
234.58
234.73
234.90
235.08
235.25
235.41
235.51
235.52
235.44
235.31
235.15
234.90
234.55
234.12
233.65
233.18
232.73
232.33
231.97
231.67
231.42
231.26
231.16
231.14
231.18
231.24
231.30
231.34
231.35
231.34
231.31
231.36
231.49
231.72
232.00
232.28
232.52
232.72
232.87
232.99
233.04
233.04
232.98
232.89
232.77
232.73
232.79
232.94
233.16
233.41
233.62
233.76
233.82
233.81
233.77
233.72
233.69
233.68
233.70
233.72
233.81
233.96
234.17
234.42
234.68
234.83
234.83
234.68
234.43
234.13
233.86
233.65
233.52
233.45
233.44
233.38
233.25
233.04
232.78
232.50
232.34
232.31
232.43
232.66
232.94
233.22
233.47
233.68
233.84
233.96
233.97
233.85
233.62
233.32
233.06
232.89
232.83
232.85
232.93
233.07
233.25
233.48
233.71
233.95
234.04
233.95
233.68
233.29
232.84
232.40
232.01
231.68
231.41
231.20
231.15
231.26
231.55
231.93
232.36
232.91
233.57
234.32
235.10
235.85
236.47
236.91
237.18
237.30
237.32
237.12
236.73
236.14
235.46
234.74
234.15
233.72
233.49
233.41
233.44
233.57
233.78
234.04
234.33
234.62
234.77
234.74
234.51
234.17
233.76
233.48
233.40
233.53
233.81
234.18
234.50
234.75
234.88
234.92
234.96
235.01
235.10
235.21
235.33
235.24
234.89
234.28
233.52
232.69
232.04
231.66
231.56
231.68
231.94
232.31
232.76
233.24
233.73
234.19
234.51
234.65
234.60
234.43
234.18
233.89
233.59
233.29
233.01
232.76
232.52
232.28
232.05
231.83
231.63
231.48
231.39
231.36
231.38
231.42
231.51
231.64
231.80
231.98
232.16
232.33
232.48
232.62
232.74
232.83
232.85
232.80
232.66
232.48
232.27
232.14
232.10
232.18
232.33
232.58
232.91
233.31
233.73
234.15
234.48
234.72
234.85
234.89
234.88
234.79
234.65
234.46
234.25
234.04
233.86
233.73
233.65
233.62
233.61
233.60
233.58
233.53
233.47
233.40
233.36
233.35
233.38
233.43
233.50
233.60
233.73
233.89
234.06
234.23
234.34
234.37
234.32
234.21
234.07
234.00
234.01
234.13
234.31
234.53
234.73
234.90
235.03
235.11
235.17
235.20
235.21
235.20
235.19
235.17
235.17
235.21
235.27
235.36
235.45
235.55
235.64
235.72
235.79
235.78
235.66
235.43
235.14
234.82
234.48
234.12
233.75
233.40
233.08
232.82
232.64
232.53
232.48
232.47
232.52
232.62
232.76
232.93
233.11
233.22
233.27
233.23
233.14
233.01
232.87
232.72
232.58
232.45
232.34
232.24
232.16
232.09
232.04
232.00
232.06
232.21
232.47
232.78
233.12
233.38
233.53
233.55
233.48
233.36
233.19
233.02
232.84
232.67
232.51
232.46
232.52
232.69
232.93
233.21
233.51
233.79
234.06
234.29
234.47
234.58
234.63
234.63
234.59
234.65
234.81
235.09
235.45
235.83
236.06
236.08
235.87
235.53
235.09
234.54
233.90
233.19
232.47
231.78
231.20
230.75
230.46
230.28
230.19
230.20
230.29
230.44
230.63
230.84
231.15
231.58
232.11
232.70
233.28
233.76
234.09
234.26
234.32
234.29
234.36
234.57
234.96
235.45
235.98
236.35
236.52
236.44
236.21
235.87
235.43
234.91
234.33
233.75
233.23
232.78
232.42
232.15
231.95
231.79
231.65
231.51
231.39
231.28
231.25
231.29
231.41
231.58
231.77
232.03
232.34
232.70
233.08
233.44
233.73
233.92
234.00
234.00
233.95
233.84
233.68
233.47
233.25
233.03
232.95
233.05
233.32
233.72
234.17
234.55
234.83
234.99
235.04
235.02
234.96
234.86
234.74
234.62
234.51
234.45
234.47
234.56
234.70
234.87
234.97
234.98
234.87
234.70
234.49
234.10
233.53
232.78
231.95
231.18
230.54
230.06
229.72
229.50
229.50
229.73
230.17
230.74
231.37
231.95
232.44
232.81
233.08
233.27
233.41
233.53
233.64
233.73
233.81
233.88
233.93
233.97
234.00
234.02
234.06
234.13
234.22
234.33
234.44
234.41
234.22
233.87
233.41
232.91
232.53
232.34
232.34
232.49
232.72
232.98
233.23
233.45
233.63
233.78
233.84
233.81
233.69
233.52
233.32
233.11
232.90
232.71
232.53
232.38
232.28
232.24
232.25
232.30
232.37
232.42
232.45
232.45
232.42
232.46
232.59
232.80
233.07
233.36
233.57
233.68
233.66
233.56
233.41
233.44
233.70
234.23
234.90
235.65
236.13
236.28
236.05
235.56
234.93
234.30
233.74
233.32
233.00
232.78
232.72
232.81
233.04
233.37
233.73
234.00
234.14
234.12
233.99
233.80
233.59
233.40
233.25
233.13
233.04
233.08
233.26
233.59
234.00
234.45
234.80
235.00
235.03
234.94
234.78
234.57
234.34
234.10
233.88
233.68
233.42
233.10
232.70
232.28
231.87
231.48
231.12
230.82
230.56
230.45
230.51
230.74
231.08
231.47
231.77
231.94
231.96
231.87
231.70
231.65
231.77
232.08
232.51
232.99
233.42
233.73
233.91
233.99
233.99
233.99
234.02
234.09
234.19
234.30
234.55
234.95
235.50
236.13
236.77
237.24
237.47
237.45
237.25
236.93
236.56
236.16
235.76
235.39
235.05
234.66
234.18
233.63
233.04
232.47
232.05
231.80
231.74
231.82
232.00
232.12
232.14
232.05
231.87
231.73
231.65
231.67
231.76
231.89
232.01
232.11
232.17
232.20
232.22
232.22
232.20
232.18
232.16
232.13
232.16
232.25
232.41
232.61
232.82
232.90
232.81
232.54
232.17
231.74
231.42
231.27
231.31
231.48
231.74
231.96
232.10
232.14
232.11
232.03
231.97
231.96
232.00
232.09
232.20
232.24
232.18
232.03
231.82
231.57
231.55
231.82
232.39
233.14
233.98
234.81
235.58
236.24
236.80
237.26
237.51
237.56
237.40
237.10
236.73
236.33
235.92
235.53
235.17
234.92
234.77
234.73
234.77
234.86
235.02
235.22
235.45
235.70
235.94
236.04
235.95
235.68
235.30
234.85
234.39
233.93
233.51
233.13
232.81
232.62
232.57
232.67
232.86
233.11
233.31
233.41
233.41
233.34
233.21
233.14
233.15
233.26
233.42
233.62
233.78
233.88
233.90
233.87
233.80
233.66
233.44
233.16
232.84
232.52
232.30
232.19
232.22
232.33
232.49
232.58
232.56
232.41
232.18
231.87
231.51
231.13
230.75
230.38
230.16
230.11
230.22
230.45
230.75
231.05
231.33
231.55
231.74
231.88
231.96
231.98
231.94
231.86
231.76
231.68
231.62
231.60
231.61
231.64
231.68
231.72
231.77
231.81
231.85
231.97
232.17
232.47
232.81
233.16
233.51
233.84
234.12
234.37
234.58
234.67
234.63
234.46
234.21
233.92
233.66
233.47
233.37
233.33
233.34
233.38
233.44
233.52
233.59
233.67
233.71
233.72
233.69
233.63
233.63
233.72
233.90
234.15
234.41
234.63
234.78
234.84
234.84
234.79
234.66
234.46
234.18
233.87
233.56
233.25
232.97
232.72
232.51
232.33
232.27
232.33
232.52
232.78
233.09
233.40
233.71
233.99
234.24
234.46
234.59
234.62
234.56
234.43
234.26
234.10
233.97
233.89
233.83
233.80
233.76
233.71
233.63
233.55
233.46
233.34
233.20
233.04
232.87
232.71
232.61
232.59
232.65
232.76
232.91
233.12
233.40
233.73
234.09
234.44
234.74
234.98
235.15
235.26
235.35
235.43
235.52
235.61
235.69
235.66
235.50
235.19
234.81
234.39
233.92
233.40
232.86
232.33
231.83
231.43
231.16
231.02
230.97
230.99
231.11
231.32
231.61
231.95
232.29
232.59
232.84
233.03
233.15
233.23
233.33
233.46
233.64
233.83
234.03
234.25
234.48
234.73
234.96
235.19
235.28
235.22
235.01
234.70
234.34
233.96
233.59
233.25
232.94
232.67
232.50
232.44
232.48
232.58
232.74
232.91
233.09
233.26
233.43
233.54
233.61
233.62
233.60
233.55
233.43
233.25
233.00
232.72
232.43
232.31
232.40
232.70
233.15
233.67
234.18
234.65
235.05
235.39
235.65
235.78
235.76
235.59
235.34
235.04
234.83
234.74
234.80
234.96
235.18
235.35
235.44
235.42
235.34
235.21
234.97
234.63
234.20
233.73
233.25
232.79
232.38
232.02
231.71
231.45
231.28
231.18
231.15
231.18
231.24
231.38
231.59
231.87
232.18
232.49
232.79
233.06
233.31
233.51
233.63
233.65
233.58
233.45
233.27
233.14
233.06
233.06
233.11
233.19
233.42
233.82
234.37
235.01
235.67
236.04
236.06
235.69
235.08
234.33
233.59
232.95
232.45
232.08
231.81
231.72
231.79
232.00
232.32
232.68
233.01
233.26
233.42
233.52
233.55
233.63
233.77
233.99
234.25
234.52
234.74
234.88
234.93
234.92
234.86
234.75
234.59
234.39
234.18
233.97
233.69
233.33
232.91
232.45
232.00
231.69
231.54
231.56
231.71
231.94
232.21
232.49
232.77
233.03
233.24
233.39
233.47
233.50
233.50
233.50
233.51
233.54
233.59
233.65
233.68
233.68
233.64
233.58
233.51
233.48
233.52
233.62
233.77
233.94
234.06
234.12
234.10
234.02
233.92
233.82
233.75
233.71
233.70
233.71
233.84
234.10
234.49
234.95
235.43
235.81
236.02
236.07
235.99
235.83
235.69
235.63
235.66
235.75
235.89
235.98
236.03
236.00
235.93
235.83
235.64
235.35
234.96
234.54
234.13
233.77
233.48
233.25
233.07
232.92
232.77
232.63
232.50
232.38
232.41
232.61
232.98
233.46
233.98
234.46
234.85
235.13
235.32
235.43
235.52
235.59
235.66
235.73
235.79
235.82
235.81
235.76
235.68
235.59
235.50
235.41
235.32
235.24
235.17
235.04
234.82
234.52
234.17
233.81
233.46
233.14
232.85
232.61
232.40
232.34
232.44
232.70
233.06
233.47
233.81
234.05
234.16
234.17
234.12
234.16
234.32
234.63
235.03
235.47
235.70
235.66
235.33
234.82
234.36
234.04
233.93
233.96
234.09
234.18
234.17
234.06
233.86
233.63
233.40
233.21
233.07
232.96
232.89
232.87
232.90
232.99
233.10
233.23
233.25
233.15
232.90
232.58
232.22
231.89
231.65
231.50
231.41
231.39
231.56
231.95
232.55
233.25
234.00
234.66
235.18
235.54
235.76
235.87
235.82
235.63
235.29
234.89
234.44
234.14
234.01
234.08
234.29
234.57
234.77
234.83
234.72
234.50
234.21
233.97
233.81
233.77
233.80
233.94
234.18
234.50
234.85
235.22
235.43
235.47
235.31
235.02
234.65
234.23
233.77
233.31
232.85
232.44
232.15
232.01
232.01
232.12
232.30
232.62
233.08
233.67
234.31
234.96
235.39
235.55
235.41
235.09
234.64
234.26
234.03
233.97
234.03
234.18
234.39
234.62
234.85
235.08
235.28
235.41
235.46
235.41
235.30
235.15
234.94
234.65
234.31
233.95
233.59
233.23
232.87
232.52
232.19
231.90
231.75
231.77
231.95
232.24
232.52
232.72
232.82
232.85
232.83
232.79
232.76
232.76
232.77
232.79
232.84
232.92
233.04
233.17
233.31
233.39
233.40
233.33
233.21
233.06
232.95
232.91
232.93
233.01
233.12
233.24
233.36
233.48
233.60
233.70
233.76
233.77
233.74
233.68
233.60
233.43
233.17
232.82
232.42
232.01
231.67
231.43
231.28
231.22
231.22
231.37
231.66
232.10
232.62
233.16
233.59
233.86
233.94
233.90
233.77
233.64
233.54
233.49
233.49
233.40
233.22
232.91
232.55
232.15
232.03
232.23
232.79
233.57
234.46
235.06
235.26
235.01
234.47
233.74
233.05
232.50
232.15
231.94
231.85
231.83
231.83
231.84
231.86
231.88
231.98
232.17
232.46
232.79
233.15
233.36
233.40
233.24
232.96
232.60
232.35
232.24
232.32
232.51
232.78
233.01
233.16
233.20
233.16
233.07
233.06
233.16
233.38
233.67
234.00
234.26
234.41
234.44
234.39
234.28
234.21
234.22
234.32
234.48
234.62
234.71
234.74
234.72
234.67
234.54
234.34
234.08
233.78
233.48
233.30
233.26
233.38
233.60
233.89
234.23
234.60
234.99
235.37
235.72
236.01
236.23
236.37
236.44
236.48
236.31
235.94
235.36
234.67
233.93
233.16
232.36
231.57
230.83
230.15
229.65
229.33
229.19
229.19
229.29
229.50
229.81
230.20
230.62
231.04
231.44
231.81
232.13
232.40
232.62
232.93
233.35
233.89
234.49
235.10
235.55
235.79
235.82
235.68
235.52
235.40
235.34
235.34
235.37
235.32
235.16
234.88
234.53
234.15
233.71
233.24
232.73
232.23
231.76
231.47
231.39
231.52
231.80
232.17
232.50
232.74
232.88
232.92
232.90
232.82
232.67
232.48
232.27
232.05
231.87
231.74
231.66
231.62
231.61
231.74
232.00
232.39
232.87
233.36
233.77
234.06
234.20
234.24
234.20
234.08
233.90
233.67
233.42
233.17
232.98
232.88
232.87
232.92
233.02
233.19
233.43
233.74
234.08
234.34
234.49
234.51
234.45
234.33
234.17
234.00
233.83
233.66
233.51
233.37
233.26
233.17
233.09
233.04
233.02
233.05
233.12
233.22
233.33
233.36
233.30
233.13
232.90
232.63
232.42
232.27
232.20
232.20
232.24
232.42
232.73
233.18
233.70
234.24
234.68
235.00
235.17
235.22
235.20
235.09
234.91
234.69
234.44
234.19
233.92
233.65
233.37
233.10
232.85
232.76
232.86
233.15
233.56
234.03
234.33
234.41
234.22
233.87
233.41
232.99
232.66
232.44
232.32
232.35
232.53
232.84
233.22
233.64
233.98
234.21
234.30
234.30
234.22
234.08
233.88
233.64
233.39
233.14
232.98
232.93
233.01
233.18
233.39
233.62
233.86
234.09
234.30
234.48
234.61
234.68
234.69
234.67
234.61
234.51
234.38
234.21
234.03
233.84
233.75
233.76
233.89
234.10
234.34
234.49
234.52
234.41
234.20
233.93
233.72
233.61
233.60
233.67
233.79
233.94
234.10
234.26
234.41
234.55
234.64
234.69
234.68
234.64
234.61
234.59
234.60
234.63
234.67
234.77
234.93
235.15
235.41
235.67
235.82
235.83
235.68
235.44
235.14
234.73
234.23
233.66
233.06
232.48
232.10
231.96
232.08
232.37
232.77
233.25
233.77
234.31
234.83
235.31
235.69
235.94
236.07
236.10
236.06
235.95
235.79
235.57
235.34
235.10
234.96
234.93
235.02
235.19
235.40
235.56
235.62
235.58
235.47
235.31
235.00
234.52
233.90
233.19
232.48
231.85
231.33
230.95
230.69
230.57
230.59
230.74
230.96
231.23
231.45
231.61
231.69
231.71
231.69
231.77
231.98
232.35
232.80
233.29
233.72
234.07
234.30
234.45
234.54
234.59
234.64
234.69
234.74
234.79
234.79
234.71
234.57
234.39
234.18
233.90
233.53
233.08
232.60
232.13
231.71
231.37
231.10
230.91
230.79
230.76
230.84
231.01
231.23
231.48
231.79
232.16
232.56
232.98
233.38
233.69
233.90
234.00
234.01
233.97
233.94
233.95
234.01
234.11
234.20
234.26
234.30
234.30
234.29
234.32
234.40
234.55
234.73
234.92
235.11
235.30
235.46
235.61
235.73
235.75
235.66
235.45
235.17
234.86
234.63
234.50
234.48
234.56
234.68
234.84
235.02
235.19
235.36
235.51
235.48
235.25
234.80
234.24
233.61
233.11
232.80
232.70
232.75
232.90
233.10
233.30
233.47
233.63
233.75
233.85
233.93
233.99
234.03
234.06
234.08
234.08
234.08
234.08
234.07
234.12
234.22
234.39
234.60
234.87
235.20
235.58
235.98
236.36
236.64
236.79
236.80
236.71
236.55
236.31
235.98
235.60
235.19
234.79
234.41
234.07
233.77
233.52
233.32
233.32
233.55
234.00
234.58
235.22
235.77
236.16
236.38
236.46
236.43
236.31
236.12
235.87
235.59
235.32
235.13
235.06
235.12
235.26
235.45
235.58
235.63
235.58
235.46
235.30
235.06
234.76
234.40
234.02
233.64
233.51
233.65
234.09
234.72
235.44
236.02
236.41
236.55
236.51
236.35
236.11
235.83
235.54
235.25
234.93
234.57
234.19
233.80
233.43
233.20
233.14
233.25
233.47
233.76
233.95
233.99
233.86
233.62
233.31
233.18
233.30
233.68
234.23
234.88
235.44
235.87
236.12
236.24
236.25
236.20
236.09
235.96
235.82
235.67
235.54
235.41
235.30
235.21
235.13
235.10
235.11
235.17
235.25
235.35
235.37
235.30
235.13
234.89
234.63
234.36
234.09
233.85
233.63
233.45
233.29
233.17
233.07
233.00
232.95
233.05
233.32
233.76
234.29
234.68
234.85
234.76
234.49
234.12
233.70
233.25
232.82
232.42
232.07
231.79
231.59
231.47
231.42
231.41
231.55
231.82
232.24
232.74
233.26
233.63
233.83
233.81
233.65
233.39
233.14
232.93
232.78
232.69
232.65
232.63
232.64
232.67
232.71
232.75
232.79
232.83
232.87
232.90
232.93
232.95
232.97
232.99
233.00
233.01
232.96
232.85
232.67
232.46
232.23
232.06
231.96
231.95
232.00
232.08
232.25
232.48
232.78
233.11
233.49
233.92
234.39
234.86
235.30
235.64
235.88
236.00
236.03
235.99
235.97
235.98
236.04
236.14
236.25
236.29
236.23
236.08
235.86
235.60
235.39
235.25
235.19
235.19
235.24
235.31
235.40
235.49
235.58
235.67
235.64
235.48
235.18
234.80
234.39
233.94
233.49
233.03
232.61
232.22
231.97
231.86
231.90
232.03
232.24
232.55
232.97
233.48
234.03
234.57
235.00
235.28
235.42
235.43
235.37
235.20
234.93
234.59
234.21
233.75
233.21
232.61
231.99
231.40
231.05
230.97
231.18
231.59
232.11
232.55
232.84
232.95
232.92
232.80
232.69
232.65
232.69
232.79
232.93
233.05
233.15
233.21
233.24
233.25
233.32
233.48
233.72
234.01
234.32
234.50
234.50
234.31
234.01
233.63
233.28
232.99
232.79
232.66
232.59
232.51
232.39
232.24
232.07
231.89
231.77
231.73
231.76
231.85
231.98
232.26
232.69
233.28
233.94
234.62
235.12
235.39
235.39
235.21
234.97
234.72
234.50
234.33
234.19
234.02
233.83
233.60
233.35
233.10
232.92
232.83
232.82
232.88
232.99
233.06
233.08
233.04
232.95
232.84
232.77
232.76
232.82
232.93
233.06
233.04
232.84
232.44
231.92
231.35
230.87
230.55
230.40
230.38
230.45
230.69
231.09
231.63
232.25
232.88
233.43
233.88
234.20
234.41
234.54
234.65
234.78
234.93
235.09
235.26
235.36
235.38
235.33
235.22
235.07
234.92
234.76
234.61
234.47
234.34
234.24
234.15
234.09
234.03
234.05
234.14
234.30
234.50
234.72
234.87
234.91
234.84
234.69
234.49
234.28
234.06
233.85
233.65
233.48
233.36
233.30
233.30
233.33
233.39
233.41
233.37
233.28
233.14
232.98
232.85
232.75
232.69
232.67
232.67
232.85
233.22
233.79
234.47
235.19
235.82
236.30
236.63
236.83
236.92
236.85
236.64
236.30
235.88
235.44
235.05
234.75
234.55
234.43
234.38
234.41
234.50
234.64
234.81
235.00
235.10
235.10
234.99
234.80
234.63
234.50
234.44
234.42
234.45
234.49
234.55
234.61
234.68
234.74
234.77
234.77
234.72
234.65
234.57
234.53
234.56
234.65
234.79
234.96
235.15
235.37
235.62
235.86
236.09
236.20
236.15
235.95
235.66
235.31
235.02
234.83
234.76
234.77
234.85
234.94
235.02
235.07
235.11
235.13
235.10
235.04
234.95
234.83
234.70
234.60
234.54
234.52
234.53
234.56
234.66
234.83
235.07
235.33
235.61
235.85
236.04
236.17
236.26
236.30
236.32
236.31
236.29
236.26
236.20
236.10
235.98
235.84
235.70
235.45
235.10
234.63
234.11
233.57
233.14
232.85
232.70
232.67
232.72
232.87
233.12
233.45
233.82
234.19
234.50
234.71
234.82
234.86
234.84
234.86
234.94
235.12
235.34
235.58
235.72
235.73
235.59
235.35
235.06
234.69
234.26
233.79
233.30
232.84
232.56
232.47
232.60
232.87
233.23
233.60
233.95
234.25
234.50
234.71
234.86
234.98
235.06
235.12
234.99
234.66
234.13
233.48
232.79
232.23
231.87
231.73
231.75
231.89
232.13
232.43
232.78
233.15
233.50
233.78
233.95
234.03
234.03
233.97
233.88
233.77
233.65
233.53
233.42
233.37
233.40
233.50
233.66
233.84
234.05
234.29
234.55
234.81
235.06
235.28
235.47
235.64
235.77
235.88
235.91
235.85
235.71
235.52
235.31
235.06
234.80
234.51
234.23
233.97
233.79
233.70
233.70
233.78
233.89
233.98
234.02
233.99
233.92
233.87
233.87
233.93
234.03
234.15
234.26
234.33
234.36
234.37
234.35
234.37
234.45
234.59
234.76
234.94
235.08
235.14
235.12
235.05
234.94
234.74
234.44
234.04
233.60
233.15
232.86
232.75
232.85
233.09
233.41
233.72
233.98
234.16
234.28
234.35
234.33
234.21
234.01
233.77
233.50
233.26
233.06
232.92
232.83
232.77
232.80
232.91
233.09
233.33
233.58
233.75
233.82
233.77
233.64
233.46
233.37
233.39
233.54
233.78
234.07
234.34
234.59
234.78
234.92
235.00
235.02
234.98
234.89
234.79
234.51
234.05
233.40
232.66
231.89
231.36
231.13
231.22
231.55
232.01
232.55
233.11
233.66
234.17
234.62
234.96
235.18
235.26
235.26
235.18
235.12
235.10
235.13
235.20
235.29
235.37
235.41
235.42
235.41
235.38
235.20
234.86
234.37
233.79
233.18
232.66
232.28
232.05
231.94
231.92
231.88
231.79
231.64
231.44
231.22
231.01
230.80
230.62
230.45
230.31
230.33
230.53
230.91
231.39
231.95
232.54
233.14
233.72
234.24
234.60
234.76
234.73
234.56
234.30
234.00
233.68
233.37
233.08
232.81
232.69
232.73
232.93
233.24
233.60
233.93
234.19
234.36
234.46
234.51
234.38
234.07
233.58
232.99
232.37
231.86
231.51
231.34
231.31
231.38
231.57
231.86
232.23
232.64
233.05
233.39
233.63
233.77
233.83
233.82
233.75
233.61
233.43
233.23
233.02
232.85
232.72
232.65
232.62
232.61
232.74
233.00
233.40
233.87
234.34
234.77
235.14
235.44
235.69
235.85
235.93
235.93
235.89
235.81
235.60
235.27
234.80
234.27
233.73
233.23
232.80
232.45
232.19
231.99
232.01
232.27
232.76
233.38
234.06
234.61
234.98
235.14
235.13
235.01
234.85
234.67
234.52
234.38
234.26
234.14
234.00
233.86
233.71
233.57
233.44
233.32
233.22
233.14
233.08
233.06
233.08
233.14
233.23
233.34
233.29
233.05
232.61
232.06
231.45
231.01
230.77
230.78
230.96
231.22
231.51
231.79
232.06
232.29
232.52
232.75
232.97
233.19
233.38
233.44
233.35
233.11
232.78
232.39
232.05
231.78
231.60
231.50
231.46
231.45
231.48
231.53
231.58
231.65
231.76
231.94
232.17
232.43
232.70
232.95
233.19
233.40
233.58
233.72
233.71
233.51
233.13
232.65
232.11
231.73
231.56
231.62
231.85
232.17
232.44
232.61
232.64
232.58
232.45
232.30
232.18
232.08
232.00
231.95
232.02
232.23
232.58
233.01
233.39
233.67
233.84
233.91
233.91
233.86
233.78
233.68
233.58
233.47
233.51
233.71
234.07
234.54
235.05
235.46
235.73
235.82
235.79
235.67
235.39
234.96
234.39
233.76
233.12
232.63
232.35
232.30
232.40
232.62
232.87
233.12
233.34
233.53
233.69
233.84
234.00
234.16
234.32
234.47
234.60
234.72
234.81
234.89
234.95
235.07
235.28
235.56
235.90
236.24
236.52
236.72
236.82
236.85
236.82
236.73
236.59
236.40
236.20
235.99
235.79
235.61
235.45
235.32
235.18
235.03
234.87
234.71
234.57
234.38
234.15
233.87
233.57
233.28
233.04
232.85
232.73
232.66
232.62
232.65
232.72
232.85
232.99
233.15
233.25
233.28
233.24
233.14
233.01
233.00
233.13
233.44
233.84
234.29
234.67
234.95
235.09
235.12
235.09
235.09
235.15
235.29
235.49
235.70
235.76
235.63
235.29
234.82
234.29
233.90
233.71
233.76
233.96
234.27
234.58
234.84
235.03
235.17
235.23
235.21
235.14
235.03
234.90
234.78
234.70
234.66
234.65
234.66
234.71
234.80
234.93
235.08
235.23
235.25
235.10
234.77
234.34
233.86
233.40
232.99
232.65
232.37
232.16
232.08
232.15
232.34
232.62
232.94
233.17
233.27
233.22
233.06
232.84
232.64
232.50
232.42
232.40
232.42
232.48
232.60
232.76
232.93
233.11
233.34
233.62
233.94
234.27
234.60
234.87
235.09
235.23
235.32
235.37
235.27
235.03
234.65
234.18
233.69
233.12
232.48
231.80
231.12
230.55
230.14
229.90
229.79
229.77
229.83
229.93
230.06
230.20
230.34
230.58
230.93
231.40
231.92
232.44
233.00
233.58
234.17
234.73
235.25
235.57
235.67
235.55
235.27
234.90
234.43
233.90
233.31
232.72
232.17
231.77
231.55
231.53
231.65
231.86
232.23
232.74
233.38
234.08
234.77
235.41
235.95
236.39
236.73
236.98
237.08
237.02
236.82
236.53
236.19
235.83
235.49
235.17
234.88
234.63
234.47
234.42
234.47
234.58
234.60
234.49
234.23
233.87
233.47
233.00
232.48
231.94
231.40
230.89
230.62
230.63
230.92
231.39
231.97
232.46
232.79
232.93
232.92
232.81
232.72
232.68
232.73
232.83
232.96
233.13
233.34
233.58
233.82
234.05
234.24
234.37
234.44
234.47
234.46
234.46
234.47
234.51
234.56
234.62
234.58
234.41
234.11
233.73
233.32
232.99
232.77
232.68
232.69
232.77
232.92
233.12
233.36
233.61
233.87
234.21
234.66
235.20
235.78
236.23
236.49
236.54
236.44
236.24
236.03
235.86
235.75
235.68
235.65
235.67
235.75
235.87
236.01
236.17
236.26
236.29
236.24
236.14
236.01
235.86
235.72
235.57
235.44
235.33
235.28
235.32
235.43
235.59
235.78
235.82
235.67
235.31
234.83
234.29
233.82
233.46
233.23
233.11
233.08
233.16
233.34
233.61
233.92
234.25
234.58
234.89
235.16
235.39
235.59
235.70
235.71
235.63
235.48
235.30
235.02
234.65
234.20
233.71
233.38
233.27
233.39
233.66
234.03
234.32
234.46
234.43
234.28
234.05
233.73
233.33
232.87
232.40
231.94
231.59
231.38
231.32
231.37
231.49
231.71
232.01
232.39
232.79
233.18
233.51
233.73
233.85
233.89
233.87
233.81
233.72
233.62
233.52
233.42
233.22
232.91
232.48
232.00
231.50
231.15
230.99
231.03
231.23
231.51
231.95
232.53
233.22
233.97
234.70
235.32
235.77
236.04
236.18
236.22
236.17
236.08
235.96
235.82
235.68
235.55
235.42
235.32
235.22
235.09
234.91
234.69
234.44
234.19
234.06
234.07
234.23
234.49
234.81
235.15
235.49
235.81
236.09
236.34
236.44
236.39
236.16
235.84
235.46
235.04
234.59
234.14
233.71
233.32
233.05
232.93
232.95
233.08
233.27
233.36
233.32
233.11
232.79
232.42
232.12
231.91
231.82
231.82
231.88
231.99
232.12
232.25
232.39
232.52
232.68
232.90
233.16
233.45
233.73
233.97
234.15
234.27
234.34
234.39
234.45
234.52
234.60
234.67
234.77
234.89
235.03
235.18
235.33
235.45
235.52
235.54
235.52
235.49
235.49
235.54
235.66
235.81
235.98
236.05
235.99
235.78
235.49
235.16
234.80
234.46
234.14
233.86
233.61
233.52
233.58
233.81
234.14
234.52
234.90
235.23
235.51
235.73
235.90
235.99
236.02
235.99
235.91
235.81
235.72
235.66
235.63
235.64
235.66
235.61
235.48
235.25
234.98
234.67
234.32
233.92
233.49
233.05
232.63
232.25
231.92
231.64
231.41
231.27
231.25
231.32
231.47
231.65
231.93
232.30
232.76
233.26
233.75
234.19
234.55
234.83
235.04
235.18
235.22
235.15
234.99
234.77
234.52
234.32
234.19
234.14
234.15
234.20
234.15
233.96
233.61
233.18
232.70
232.46
232.53
232.92
233.52
234.23
234.80
235.14
235.21
235.09
234.84
234.62
234.48
234.47
234.54
234.67
234.83
235.01
235.19
235.35
235.50
235.64
235.75
235.84
235.91
235.97
236.09
236.29
236.58
236.91
236.95
236.66
235.99
235.09
234.08
233.18
232.48
232.01
231.74
231.61
231.71
232.00
232.47
233.05
233.66
234.27
234.84
235.36
235.81
236.19
236.47
236.66
236.75
236.78
236.75
236.70
236.62
236.53
236.44
236.36
236.28
236.21
236.15
236.10
236.06
235.94
235.75
235.47
235.13
234.79
234.50
234.30
234.20
234.17
234.20
234.23
234.25
234.26
234.24
234.22
234.30
234.50
234.83
235.23
235.66
236.00
236.23
236.32
236.32
236.27
236.21
236.16
236.11
236.07
235.93
235.68
235.31
234.87
234.41
233.93
233.45
232.98
232.55
232.16
231.89
231.72
231.68
231.71
231.81
232.02
232.34
232.76
233.23
233.70
234.13
234.49
234.77
234.98
235.13
235.20
235.20
235.13
235.02
234.90
234.70
234.45
234.14
233.81
233.48
233.23
233.06
233.00
233.01
233.06
233.16
233.26
233.38
233.49
233.60
233.83
234.20
234.72
235.31
235.92
236.41
236.72
236.86
236.85
236.72
236.50
236.21
235.88
235.56
235.25
234.96
234.71
234.50
234.32
234.21
234.16
234.16
234.22
234.29
234.47
234.74
235.10
235.51
235.93
236.15
236.12
235.83
235.36
234.80
234.29
233.87
233.59
233.41
233.32
233.34
233.48
233.70
233.99
234.29
234.54
234.72
234.80
234.82
234.78
234.72
234.64
234.54
234.45
234.36
234.30
234.29
234.32
234.37
234.44
234.53
234.61
234.69
234.76
234.82
234.79
234.67
234.43
234.14
233.93
233.84
233.89
234.04
234.25
234.35
234.32
234.11
233.80
233.44
233.10
232.84
232.66
232.55
232.50
232.57
232.77
233.07
233.45
233.84
234.24
234.61
234.94
235.23
235.48
235.54
235.41
235.09
234.64
234.13
233.74
233.52
233.50
233.62
233.83
234.04
234.21
234.32
234.38
234.40
234.34
234.20
233.98
233.73
233.45
233.24
233.10
233.05
233.07
233.13
233.25
233.41
233.61
233.82
234.03
234.23
234.42
234.57
234.71
234.74
234.65
234.45
234.18
233.87
233.55
233.25
232.97
232.72
232.51
232.39
232.36
232.43
232.56
232.73
232.89
233.02
233.11
233.17
233.20
233.19
233.13
233.02
232.90
232.76
232.70
232.75
232.90
233.11
233.37
233.77
234.31
235.00
235.75
236.50
237.08
237.44
237.57
237.51
237.34
236.94
236.31
235.48
234.55
233.61
232.83
232.28
231.99
231.89
231.93
232.08
232.28
232.51
232.75
232.99
233.10
233.07
232.88
232.60
232.21
231.73
231.20
230.66
230.14
229.79
229.65
229.73
229.96
230.29
230.77
231.38
232.12
232.89
233.65
234.31
234.84
235.21
235.47
235.62
235.67
235.62
235.51
235.34
235.16
234.94
234.70
234.44
234.18
233.93
233.74
233.60
233.53
233.50
233.51
233.49
233.42
233.30
233.14
232.97
232.83
232.72
232.66
232.64
232.64
232.69
232.78
232.91
233.06
233.21
233.42
233.67
233.97
234.29
234.61
234.77
234.75
234.53
234.19
233.79
233.46
233.26
233.21
233.27
233.41
233.59
233.79
234.00
234.19
234.30
234.28
234.15
233.95
233.70
233.49
233.34
233.27
233.26
233.30
233.30
233.27
233.17
233.04
232.90
232.77
232.69
232.64
232.63
232.64
232.72
232.87
233.09
233.35
233.62
233.80
233.87
233.82
233.69
233.50
233.43
233.50
233.74
234.08
234.47
234.80
235.03
235.14
235.15
235.10
235.00
234.88
234.75
234.62
234.49
234.41
234.36
234.37
234.40
234.46
234.48
234.43
234.33
234.18
234.02
233.85
233.68
233.53
233.40
233.28
233.19
233.11
233.05
233.00
232.87
232.62
232.25
231.81
231.36
231.00
230.76
230.65
230.65
230.73
230.84
230.99
231.14
231.30
231.45
231.68
232.03
232.48
232.99
233.50
234.00
234.45
234.85
235.20
235.48
235.57
235.46
235.14
234.70
234.19
233.74
233.40
233.20
233.10
233.07
233.16
233.35
233.62
233.94
234.27
234.52
234.65
234.65
234.57
234.42
234.27
234.14
234.04
233.97
233.89
233.80
233.70
233.59
233.48
233.43
233.45
233.55
233.70
233.87
233.92
233.81
233.53
233.14
232.71
232.39
232.24
232.28
232.46
232.71
232.96
233.17
233.30
233.38
233.41
233.55
233.82
234.23
234.71
235.23
235.56
235.63
235.44
235.07
234.59
234.06
233.53
233.02
232.55
232.15
231.88
231.76
231.80
231.95
232.16
232.35
232.50
232.57
232.59
232.57
232.64
232.81
233.10
233.46
233.85
234.23
234.60
234.93
235.22
235.49
235.75
235.99
236.22
236.42
236.43
236.23
235.81
235.26
234.64
234.15
233.84
233.73
233.78
233.94
234.15
234.40
234.66
234.92
235.15
235.26
235.21
235.01
234.70
234.34
233.99
233.68
233.43
233.23
233.07
233.04
233.14
233.36
233.65
233.99
234.25
234.40
234.44
234.38
234.27
234.18
234.13
234.15
234.20
234.28
234.40
234.56
234.75
234.95
235.14
235.24
235.24
235.11
234.91
234.67
234.44
234.24
234.08
233.97
233.84
233.68
233.48
233.25
233.03
232.87
232.80
232.81
232.88
232.99
233.07
233.09
233.05
232.96
232.85
232.84
232.94
233.18
233.49
233.85
234.21
234.56
234.89
235.17
235.42
235.62
235.78
235.91
236.00
236.06
236.03
235.88
235.62
235.30
234.95
234.58
234.19
233.80
233.43
233.10
232.78
232.47
232.18
231.91
231.67
231.58
231.64
231.86
232.19
232.57
232.96
233.35
233.70
234.03
234.30
234.61
234.97
235.39
235.82
236.13
236.28
236.27
236.14
235.94
235.74
235.59
235.51
235.48
235.49
235.41
235.23
234.93
234.56
234.17
233.80
233.49
233.25
233.06
232.93
232.95
233.12
233.45
233.87
234.33
234.72
234.99
235.13
235.17
235.13
234.99
234.76
234.45
234.10
233.75
233.51
233.42
233.50
233.69
233.94
234.29
234.70
235.16
235.64
236.10
236.47
236.73
236.88
236.93
236.92
236.86
236.78
236.67
236.57
236.46
236.28
236.02
235.68
235.29
234.90
234.60
234.43
234.39
234.45
234.47
234.40
234.23
233.99
233.71
233.51
233.40
233.42
233.51
233.65
233.78
233.84
233.85
233.81
233.73
233.70
233.71
233.79
233.91
234.06
234.23
234.44
234.67
234.90
235.12
235.29
235.41
235.48
235.49
235.48
235.39
235.23
234.99
234.72
234.44
234.14
233.83
233.51
233.21
232.93
232.58
232.15
231.62
231.05
230.50
230.10
229.92
229.95
230.14
230.42
230.73
231.03
231.29
231.51
231.69
231.86
232.03
232.20
232.36
232.61
232.97
233.44
233.96
234.48
234.90
235.19
235.33
235.36
235.30
235.11
234.80
234.38
233.90
233.42
233.05
232.85
232.82
232.91
233.09
233.21
233.23
233.13
232.94
232.70
232.53
232.44
232.47
232.57
232.71
232.86
232.98
233.07
233.12
233.16
233.20
233.26
233.34
233.43
233.53
233.54
233.45
233.26
233.00
232.72
232.37
231.98
231.54
231.10
230.68
230.32
230.04
229.84
229.71
229.63
229.60
229.59
229.61
229.65
229.80
230.08
230.48
230.95
231.44
231.95
232.46
232.95
233.40
233.81
234.07
234.19
234.15
234.01
233.81
233.51
233.15
232.72
232.28
231.84
231.58
231.50
231.64
231.92
232.27
232.70
233.16
233.63
234.09
234.51
234.81
234.96
234.96
234.86
234.69
234.37
233.91
233.33
232.69
232.04
231.48
231.04
230.72
230.52
230.40
230.43
230.60
230.90
231.28
231.69
232.18
232.74
233.36
233.99
234.59
235.01
235.21
235.18
234.98
234.74
234.51
234.32
234.16
234.05
233.83
233.49
233.01
232.46
231.89
231.44
231.16
231.05
231.09
231.21
231.29
231.28
231.14
230.94
230.69
230.56
230.58
230.78
231.09
231.47
231.79
232.01
232.11
232.12
232.07
232.05
232.11
232.25
232.44
232.66
232.85
233.01
233.12
233.20
233.24
233.20
233.08
232.89
232.65
232.40
232.25
232.24
232.38
232.62
232.92
233.21
233.47
233.68
233.84
233.97
234.11
234.28
234.50
234.73
234.90
235.00
235.02
234.98
234.90
234.74
234.51
234.21
233.89
233.56
233.43
233.55
233.92
234.45
235.07
235.66
236.17
236.57
236.87
237.10
237.11
236.92
236.52
236.00
235.42
234.94
234.60
234.44
234.41
234.48
234.55
234.60
234.60
234.57
234.52
234.43
234.30
234.14
233.97
233.80
233.74
233.82
234.05
234.37
234.73
235.05
235.30
235.46
235.55
235.58
235.54
235.45
235.31
235.14
234.96
234.89
234.95
235.16
235.45
235.72
235.91
235.99
235.99
235.94
235.75
235.42
234.95
234.41
233.84
233.46
233.30
233.38
233.64
233.99
234.27
234.41
234.38
234.23
234.01
233.80
233.63
233.54
233.50
233.49
233.36
233.06
232.58
232.00
231.37
230.95
230.77
230.87
231.16
231.57
231.99
232.36
232.66
232.88
233.05
233.21
233.40
233.61
233.84
234.06
234.32
234.61
234.95
235.29
235.63
235.80
235.79
235.57
235.23
234.82
234.41
234.03
233.71
233.45
233.35
233.42
233.66
234.01
234.41
234.81
235.16
235.45
235.69
235.87
235.95
235.93
235.81
235.63
235.42
235.17
234.89
234.59
234.30
234.02
233.83
233.73
233.73
233.79
233.91
233.93
233.85
233.64
233.35
233.02
232.71
232.44
232.23
232.07
231.95
231.98
232.16
232.49
232.91
233.37
233.75
234.02
234.15
234.19
234.14
234.08
234.02
233.97
233.94
233.93
233.97
234.08
234.27
234.49
234.72
235.03
235.43
235.89
236.38
236.65
236.65
236.34
235.84
235.23
234.66
234.18
233.84
233.61
233.47
233.42
233.46
233.57
233.72
233.90
234.06
234.17
234.25
234.29
234.30
234.43
234.69
235.11
235.61
236.14
236.53
236.74
236.74
236.59
236.35
236.11
235.90
235.77
235.68
235.64
235.55
235.39
235.15
234.87
234.57
234.28
234.01
233.76
233.55
233.37
233.20
233.03
232.85
232.68
232.53
232.47
232.53
232.70
232.94
233.22
233.51
233.80
234.06
234.30
234.42
234.41
234.28
234.07
233.81
233.53
233.25
232.99
232.75
232.55
232.32
232.06
231.77
231.48
231.19
231.06
231.11
231.35
231.72
232.15
232.53
232.80
232.95
233.00
232.99
232.92
232.83
232.72
232.60
232.49
232.47
232.54
232.73
232.98
233.26
233.58
233.92
234.27
234.61
234.92
235.01
234.84
234.41
233.82
233.15
232.73
232.63
232.90
233.42
234.08
234.67
235.12
235.37
235.48
235.47
235.33
235.09
234.75
234.36
233.97
233.59
233.23
232.92
232.65
232.54
232.59
232.80
233.13
233.51
233.83
234.05
234.14
234.15
234.10
234.05
234.04
234.09
234.17
234.27
234.44
234.66
234.94
235.25
235.56
235.83
236.04
236.18
236.27
236.32
236.26
236.08
235.79
235.44
235.06
234.66
234.25
233.84
233.46
233.11
232.92
232.89
233.04
233.30
233.63
233.90
234.09
234.16
234.15
234.08
233.95
233.76
233.54
233.30
233.06
232.97
233.06
233.33
233.72
234.16
234.57
234.91
235.15
235.31
235.33
235.20
234.94
234.60
234.23
233.87
233.56
233.31
233.12
232.98
232.97
233.08
233.31
233.62
233.96
234.18
234.22
234.09
233.82
233.49
233.20
233.00
232.92
232.91
232.97
233.15
233.43
233.83
234.27
234.73
235.14
235.49
235.77
235.97
236.11
236.13
236.01
235.77
235.45
235.10
234.82
234.64
234.60
234.64
234.74
234.82
234.87
234.85
234.79
234.71
234.48
234.09
233.55
232.93
232.28
231.73
231.32
231.07
230.94
230.96
231.11
231.37
231.70
232.05
232.45
232.89
233.37
233.85
234.30
234.62
234.80
234.83
234.76
234.61
234.53
234.55
234.69
234.92
235.19
235.39
235.50
235.50
235.42
235.28
235.12
234.95
234.78
234.61
234.47
234.42
234.48
234.66
234.91
235.20
235.37
235.37
235.19
234.89
234.53
234.28
234.18
234.26
234.46
234.74
235.00
235.21
235.35
235.42
235.46
235.45
235.43
235.39
235.34
235.28
235.15
234.93
234.62
234.26
234.02
233.95
234.06
234.29
234.60
234.81
234.88
234.77
234.55
234.25
233.87
233.43
232.93
232.43
231.94
231.58
231.36
231.30
231.34
231.46
231.82
232.41
233.23
234.16
235.13
235.91
236.44
236.67
236.70
236.57
236.37
236.14
235.92
235.72
235.54
235.27
234.92
234.46
233.95
233.43
232.89
232.33
231.76
231.21
230.71
230.50
230.64
231.13
231.84
232.67
233.43
234.04
234.47
234.75
234.90
234.83
234.53
234.03
233.40
232.84
232.40
232.12
231.98
231.93
231.95
232.02
232.13
232.25
232.37
232.46
232.52
232.53
232.51
232.46
232.52
232.69
232.98
233.35
233.75
234.02
234.11
234.01
233.78
233.47
233.12
232.76
232.41
232.10
231.82
231.76
231.96
232.43
233.05
233.75
234.28
234.57
234.59
234.40
234.09
233.82
233.63
233.58
233.62
233.72
233.75
233.68
233.48
233.22
232.91
232.62
232.37
232.18
232.03
231.93
231.80
231.65
231.45
231.24
231.07
230.98
230.97
231.02
231.10
231.29
231.58
231.97
232.40
232.84
233.32
233.83
234.35
234.86
235.33
235.64
235.77
235.72
235.53
235.27
235.01
234.81
234.68
234.60
234.57
234.54
234.51
234.46
234.40
234.33
234.30
234.30
234.33
234.40
234.47
234.58
234.72
234.88
235.06
235.23
235.26
235.12
234.80
234.37
233.90
233.46
233.10
232.84
232.67
232.57
232.58
232.68
232.88
233.13
233.41
233.71
234.04
234.37
234.69
234.87
234.91
234.77
234.53
234.23
234.00
233.90
233.93
234.07
234.27
234.42
234.49
234.46
234.36
234.22
234.08
233.97
233.89
233.84
233.81
233.78
233.73
233.65
233.56
233.47
233.35
233.21
233.05
232.88
232.71
232.72
232.92
233.34
233.88
234.48
234.85
234.91
234.64
234.15
233.53
232.96
232.51
232.22
232.06
232.00
231.98
231.98
231.99
231.99
231.99
232.07
232.25
232.52
232.84
233.18
233.51
233.83
234.11
234.36
234.57
234.73
234.87
234.97
235.04
235.06
235.03
234.96
234.85
234.73
234.64
234.58
234.56
234.57
234.60
234.72
234.94
235.26
235.63
236.01
236.39
236.74
237.05
237.32
237.55
237.65
237.62
237.46
237.21
236.92
236.49
235.90
235.17
234.38
233.60
232.94
232.44
232.11
231.94
231.87
231.91
232.04
232.23
232.46
232.70
232.86
232.92
232.85
232.71
232.51
232.40
232.41
232.56
232.79
233.07
233.34
233.58
233.77
233.92
234.03
234.04
233.98
233.82
233.62
233.39
233.15
232.93
232.72
232.53
232.46
232.50
232.66
232.90
233.18
233.42
233.59
233.68
233.71
233.69
233.64
233.57
233.49
233.41
233.33
233.23
233.11
232.96
232.81
232.66
232.63
232.73
232.98
233.31
233.69
234.02
234.28
234.45
234.54
234.58
234.63
234.71
234.83
234.98
235.14
235.35
235.62
235.93
236.26
236.58
236.80
236.90
236.87
236.75
236.57
236.44
236.39
236.45
236.57
236.73
236.83
236.84
236.75
236.59
236.29
235.85
235.28
234.66
234.02
233.60
233.45
233.59
233.92
234.37
234.64
234.64
234.35
233.86
233.25
232.71
232.29
232.03
231.90
231.87
231.99
232.25
232.63
233.08
233.55
233.95
234.27
234.47
234.59
234.64
234.70
234.78
234.90
235.05
235.20
235.22
235.07
234.75
234.32
233.85
233.39
232.98
232.64
232.37
232.16
232.00
231.89
231.82
231.78
231.77
231.74
231.70
231.63
231.55
231.46
231.43
231.46
231.57
231.72
231.90
232.08
232.25
232.42
232.56
232.74
232.96
233.22
233.50
233.78
234.09
234.44
234.82
235.20
235.57
235.79
235.85
235.74
235.52
235.23
234.91
234.58
234.26
233.98
233.72
233.51
233.33
233.18
233.07
232.99
233.02
233.15
233.40
233.71
234.05
234.37
234.64
234.85
235.00
235.11
235.15
235.13
235.06
234.95
234.83
234.75
234.73
234.79
234.89
235.03
235.12
235.15
235.11
235.02
234.91
234.91
235.07
235.38
235.80
236.21
236.57
236.84
237.04
237.18
237.13
236.89
236.46
235.92
235.33
234.82
234.44
234.19
234.07
234.03
234.03
234.04
234.04
234.04
234.04
233.99
233.87
233.68
233.47
233.23
233.22
233.46
233.99
234.67
235.44
236.06
236.46
236.62
236.58
236.42
236.26
236.14
236.11
236.13
236.20
236.23
236.21
236.14
236.02
235.89
235.69
235.44
235.13
234.80
234.47
234.14
233.80
233.47
233.16
232.88
232.58
232.26
231.92
231.57
231.36
231.29
231.39
231.60
231.87
232.18
232.49
232.79
233.06
233.31
233.57
233.85
234.17
234.49
234.79
234.91
234.81
234.48
234.01
233.47
232.93
232.44
232.01
231.66
231.38
231.22
231.17
231.24
231.38
231.56
231.82
232.15
232.53
232.93
233.32
233.73
234.17
234.63
235.08
235.50
235.82
236.02
236.11
236.12
236.06
235.99
235.93
235.89
235.87
235.86
235.78
235.62
235.36
235.06
234.73
234.39
234.03
233.67
233.33
233.00
232.67
232.35
232.05
231.79
231.75
231.96
232.43
233.06
233.76
234.32
234.67
234.77
234.70
234.50
234.39
234.42
234.64
234.97
235.36
235.78
236.19
236.57
236.92
237.22
237.42
237.51
237.49
237.40
237.26
237.02
236.67
236.23
235.75
235.27
234.75
234.22
233.67
233.15
232.66
232.37
232.29
232.43
232.73
233.10
233.58
234.12
234.71
235.29
235.85
236.17
236.21
235.96
235.52
234.97
234.37
233.77
233.20
232.69
232.24
231.93
231.79
231.81
231.94
232.17
232.47
232.81
233.17
233.52
233.81
234.05
234.21
234.31
234.36
234.41
234.46
234.52
234.59
234.66
234.76
234.88
235.02
235.17
235.33
235.44
235.51
235.53
235.52
235.48
235.41
235.29
235.14
234.97
234.80
234.64
234.49
234.37
234.25
234.16
234.31
234.71
235.38
236.21
237.09
237.74
238.06
238.01
237.71
237.25
236.72
236.20
235.71
235.28
234.91
234.60
234.35
234.16
234.01
233.91
233.79
233.64
233.44
233.23
233.02
232.81
232.62
232.46
232.32
232.26
232.28
232.39
232.55
232.74
232.89
232.97
232.98
232.93
232.85
232.82
232.88
233.04
233.25
233.49
233.64
233.65
233.52
233.29
233.01
232.73
232.48
232.28
232.13
232.01
232.09
232.38
232.89
233.51
234.19
234.63
234.76
234.54
234.09
233.50
233.09
232.94
233.11
233.49
234.00
234.49
234.90
235.19
235.38
235.50
235.45
235.23
234.85
234.37
233.86
233.35
232.87
232.43
232.04
231.85
231.87
232.11
232.48
232.93
233.33
233.63
233.81
233.89
233.90
233.86
233.78
233.69
233.59
233.48
233.41
233.38
233.39
233.43
233.49
233.53
233.54
233.53
233.48
233.43
233.31
233.14
232.90
232.63
232.35
232.22
232.26
232.49
232.84
233.26
233.69
234.12
234.52
234.88
235.19
235.43
235.58
235.66
235.68
235.66
235.53
235.29
234.94
234.54
234.13
233.80
233.60
233.53
233.56
233.66
233.75
233.80
233.79
233.74
233.69
233.66
233.66
233.68
233.70
233.71
233.70
233.65
233.58
233.50
233.44
233.42
233.43
233.47
233.53
233.54
233.50
233.38
233.23
233.06
232.88
232.71
232.55
232.41
232.29
232.22
232.19
232.22
232.28
232.36
232.40
232.38
232.29
232.16
232.00
231.92
231.94
232.06
232.24
232.47
232.71
232.95
233.17
233.37
233.54
233.64
233.64
233.56
233.41
233.24
233.18
233.28
233.55
233.92
234.35
234.73
235.04
235.26
235.40
235.39
235.25
234.97
234.62
234.24
233.92
233.72
233.65
233.67
233.76
233.83
233.87
233.84
233.78
233.70
233.65
233.67
233.75
233.87
234.02
234.15
234.25
234.30
234.32
234.32
234.27
234.19
234.06
233.92
233.77
233.65
233.57
233.54
233.54
233.57
233.61
233.66
233.71
233.76
233.81
233.91
234.07
234.28
234.52
234.76
234.98
235.14
235.25
235.31
235.34
235.31
235.24
235.12
234.97
234.82
234.75
234.78
234.92
235.13
235.38
235.50
235.47
235.26
234.94
234.56
234.16
233.76
233.38
233.05
232.76
232.51
232.31
232.16
232.04
231.96
231.90
231.86
231.85
231.84
231.90
232.03
232.22
232.45
232.70
232.89
233.00
233.02
232.98
232.91
232.75
232.52
232.22
231.90
231.57
231.30
231.13
231.06
231.05
231.10
231.13
231.12
231.05
230.95
230.82
230.74
230.73
230.79
230.89
231.03
231.20
231.40
231.63
231.86
232.09
232.29
232.48
232.63
232.76
232.86
233.02
233.25
233.56
233.91
234.26
234.60
234.92
235.20
235.43
235.55
235.54
235.39
235.16
234.88
234.64
234.47
234.37
234.34
234.35
234.37
234.37
234.36
234.33
234.29
234.30
234.37
234.51
234.68
234.88
235.13
235.43
235.78
236.14
236.49
236.69
236.70
236.50
236.18
235.78
235.38
235.02
234.71
234.45
234.25
234.12
234.06
234.07
234.13
234.21
234.24
234.17
234.01
233.79
233.54
233.31
233.12
232.98
232.88
232.82
232.81
232.86
232.95
233.07
233.18
233.26
233.30
233.31
233.31
233.31
233.34
233.39
233.46
233.54
233.65
233.78
233.94
234.11
234.27
234.45
234.65
234.86
235.07
235.26
235.36
235.34
235.20
234.99
234.73
234.59
234.61
234.80
235.11
235.48
235.74
235.84
235.76
235.56
235.28
234.96
234.63
234.32
234.02
233.76
233.52
233.27
233.03
232.81
232.61
232.52
232.55
232.70
232.93
233.20
233.51
233.85
234.20
234.55
234.86
235.12
235.31
235.42
235.48
235.44
235.31
235.10
234.83
234.55
234.19
233.75
233.25
232.72
232.20
231.78
231.46
231.27
231.18
231.16
231.16
231.16
231.16
231.15
231.13
231.28
231.60
232.12
232.74
233.40
233.90
234.18
234.20
234.04
233.77
233.54
233.40
233.39
233.47
233.61
233.83
234.13
234.49
234.88
235.27
235.52
235.62
235.55
235.36
235.11
234.81
234.51
234.22
233.95
233.71
233.56
233.50
233.54
233.65
233.79
233.88
233.88
233.78
233.62
233.52
233.53
233.67
233.90
234.16
234.45
234.73
235.00
235.24
235.45
235.52
235.43
235.19
234.85
234.46
234.13
233.91
233.81
233.81
233.87
234.00
234.18
234.41
234.65
234.90
234.96
234.83
234.47
233.99
233.43
232.99
232.73
232.66
232.74
232.92
233.07
233.16
233.16
233.10
233.00
232.90
232.83
232.78
232.76
232.76
232.85
233.05
233.34
233.69
234.05
234.33
234.50
234.54
234.48
234.36
234.26
234.20
234.20
234.24
234.32
234.37
234.41
234.41
234.39
234.33
234.23
234.09
233.94
233.78
233.71
233.74
233.88
234.10
234.35
234.61
234.87
235.11
235.33
235.52
235.57
235.47
235.21
234.86
234.46
234.08
233.74
233.46
233.24
233.07
232.87
232.62
232.30
231.95
231.61
231.33
231.15
231.06
231.06
231.10
231.18
231.28
231.39
231.50
231.60
231.77
232.03
232.36
232.74
233.13
233.44
233.67
233.79
233.83
233.82
233.82
233.85
233.94
234.06
234.19
234.27
234.29
234.23
234.13
234.02
233.93
233.87
233.84
233.82
233.85
233.91
234.02
234.14
234.28
234.38
234.45
234.47
234.46
234.43
234.41
234.42
234.45
234.51
234.57
234.64
234.71
234.77
234.82
234.87
234.86
234.78
234.63
234.43
234.22
234.11
234.14
234.31
234.57
234.89
235.14
235.30
235.34
235.29
235.20
235.14
235.16
235.28
235.45
235.65
235.79
235.82
235.75
235.61
235.42
235.27
235.18
235.15
235.18
235.25
235.25
235.18
235.01
234.78
234.47
234.10
233.67
233.23
232.80
232.48
232.30
232.26
232.33
232.47
232.73
233.09
233.56
234.07
234.59
235.05
235.44
235.74
235.97
236.13
236.15
236.04
235.80
235.48
235.13
234.66
234.08
233.40
232.69
232.00
231.43
231.02
230.79
230.69
230.69
230.87
231.21
231.71
232.29
232.89
233.38
233.69
233.83
233.82
233.72
233.66
233.70
233.84
234.06
234.32
234.56
234.77
234.92
235.04
235.12
235.14
235.11
235.02
234.91
234.73
234.49
234.18
233.85
233.52
233.26
233.09
233.02
233.02
233.08
233.19
233.36
233.56
233.78
234.00
234.15
234.22
234.21
234.13
234.02
233.81
233.49
233.09
232.64
232.18
231.91
231.85
232.03
232.37
232.81
233.15
233.34
233.35
233.23
233.02
232.91
232.92
233.10
233.38
233.71
234.02
234.26
234.41
234.50
234.53
234.55
234.58
234.62
234.67
234.72
234.69
234.57
234.34
234.06
233.75
233.44
233.15
232.88
232.65
232.53
232.54
232.67
232.90
233.16
233.45
233.73
234.00
234.24
234.45
234.60
234.68
234.71
234.69
234.63
234.62
234.65
234.75
234.88
235.04
235.12
235.10
234.98
234.78
234.55
234.31
234.07
233.84
233.64
233.46
233.29
233.11
232.92
232.75
232.58
232.49
232.48
232.55
232.68
232.84
232.93
232.94
232.84
232.67
232.46
232.32
232.27
232.32
232.45
232.63
232.77
232.85
232.87
232.83
232.76
232.67
232.57
232.47
232.38
232.32
232.30
232.32
232.38
232.45
232.47
232.44
232.34
232.20
232.03
232.00
232.12
232.41
232.81
233.26
233.74
234.25
234.75
235.22
235.64
235.85
235.82
235.54
235.10
234.57
234.20
234.05
234.15
234.43
234.82
235.13
235.29
235.29
235.16
234.96
234.77
234.62
234.53
234.50
234.50
234.55
234.66
234.80
234.97
235.14
235.33
235.54
235.77
235.99
236.20
236.37