184.22
184.02
183.91
183.90
184.01
184.19
184.41
184.60
184.73
184.78
184.77
184.72
184.57
184.32
183.96
183.55
183.13
182.88
182.84
183.04
183.39
183.83
184.23
184.53
184.72
184.81
184.83
184.88
184.99
185.17
185.40
185.64
185.75
185.70
185.46
185.11
184.70
184.32
184.01
183.79
183.65
183.57
183.45
183.28
183.04
182.76
182.47
182.33
182.35
182.57
182.90
183.30
183.64
183.89
184.01
184.05
184.10
184.19
184.35
184.56
184.78
184.91
184.95
184.87
184.71
184.51
184.35
184.24
184.20
184.22
184.27
184.19
183.93
183.49
182.94
182.34
182.01
182.02
182.40
183.02
183.77
184.42
184.88
185.10
185.14
185.06
184.94
184.84
184.77
184.74
184.73
184.74
184.76
184.78
184.81
184.85
184.80
184.65
184.41
184.11
183.79
183.52
183.33
183.23
183.21
183.23
183.40
183.70
184.15
184.67
185.21
185.68
186.06
186.32
186.49
186.50
186.36
186.08
185.72
185.32
184.95
184.62
184.36
184.15
184.00
184.01
184.17
184.48
184.89
185.35
185.67
185.83
185.78
185.60
185.34
185.00
184.62
184.21
183.80
183.42
183.00
182.53
182.01
181.49
180.99
180.67
180.55
180.65
180.91
181.25
181.55
181.78
181.89
181.93
181.90
181.89
181.91
181.99
182.09
182.22
182.29
182.30
182.24
182.13
181.99
181.92
181.94
182.07
182.26
182.49
182.67
182.80
182.84
182.82
182.93
183.19
183.64
184.18
184.76
185.27
185.65
185.88
185.99
186.02
185.98
185.91
185.80
185.69
185.57
185.46
185.36
185.26
185.19
185.12
185.02
184.86
184.65
184.42
184.18
183.95
183.74
183.55
183.39
183.25
183.17
183.15
183.17
183.24
183.32
183.34
183.26
183.09
182.86
182.60
182.41
182.32
182.35
182.46
182.61
182.83
183.08
183.36
183.64
183.91
184.19
184.46
184.74
185.00
185.24
185.44
185.62
185.76
185.87
185.93
185.94
185.89
185.81
185.71
185.66
185.66
185.74
185.86
186.01
186.08
186.06
185.94
185.75
185.52
185.31
185.13
185.00
184.90
184.84
184.81
184.80
184.80
184.81
184.83
184.85
184.87
184.90
184.92
184.94
184.90
184.80
184.63
184.43
184.21
184.07
184.04
184.12
184.28
184.48
184.68
184.84
184.97
185.06
185.12
185.21
185.34
185.52
185.73
185.94
185.98
185.83
185.46
184.97
184.41
183.81
183.20
182.60
182.04
181.62
181.36
181.26
181.29
181.40
181.61
181.92
182.30
182.71
183.12
183.51
183.86
184.16
184.43
184.64
184.81
184.94
185.03
185.09
185.13
185.21
185.33
185.50
185.70
185.92
186.12
186.31
186.48
186.63
186.75
186.80
186.76
186.64
186.47
186.27
185.98
185.61
185.15
184.67
184.18
183.81
183.57
183.47
183.49
183.59
183.73
183.89
184.07
184.24
184.40
184.52
184.59
184.61
184.59
184.54
184.45
184.33
184.17
183.99
183.87
183.82
183.85
183.93
184.04
184.20
184.39
184.61
184.84
185.07
185.14
185.03
184.75
184.34
183.88
183.54
183.36
183.38
183.53
183.77
184.00
184.19
184.32
184.39
184.41
184.36
184.22
184.00
183.74
183.47
183.28
183.20
183.24
183.36
183.53
183.73
183.94
184.14
184.33
184.50
184.61
184.68
184.68
184.65
184.60
184.55
184.53
184.54
184.57
184.62
184.59
184.47
184.26
183.99
183.69
183.45
183.28
183.20
183.18
183.22
183.29
183.37
183.46
183.56
183.73
183.98
184.32
184.70
185.09
185.47
185.81
186.12
186.38
186.59
186.71
186.73
186.65
186.51
186.33
186.08
185.76
185.40
185.01
184.63
184.33
184.13
184.04
184.02
184.07
184.20
184.41
184.70
185.03
185.36
185.63
185.81
185.90
185.91
185.86
185.79
185.69
185.59
185.49
185.39
185.19
184.88
184.46
183.98
183.48
183.00
182.56
182.16
181.82
181.65
181.65
181.83
182.13
182.49
182.82
183.09
183.28
183.39
183.45
183.50
183.54
183.60
183.66
183.72
183.83
184.00
184.22
184.47
184.73
184.90
184.96
184.89
184.75
184.55
184.33
184.10
183.89
183.69
183.51
183.39
183.32
183.31
183.34
183.39
183.49
183.63
183.80
183.98
184.16
184.41
184.74
185.15
185.58
186.02
186.27
186.30
186.09
185.72
185.26
184.82
184.45
184.16
183.94
183.80
183.68
183.58
183.47
183.37
183.23
183.04
182.79
182.53
182.26
182.14
182.19
182.43
182.79
183.22
183.66
184.10
184.51
184.87
185.19
185.43
185.59
185.66
185.68
185.66
185.58
185.46
185.29
185.11
184.92
184.79
184.74
184.77
184.86
184.98
185.15
185.35
185.58
185.82
186.05
186.15
186.11
185.91
185.62
185.28
184.89
184.47
184.05
183.64
183.27
183.05
183.00
183.12
183.36
183.67
183.96
184.19
184.34
184.43
184.47
184.44
184.36
184.23
184.08
183.99
184.00
184.11
184.29
184.50
184.68
184.80
184.84
184.82
184.76
184.60
184.34
183.97
183.56
183.13
182.91
182.93
183.21
183.67
184.22
184.62
184.80
184.72
184.47
184.11
183.74
183.42
183.17
182.99
182.86
182.78
182.73
182.71
182.72
182.73
182.71
182.62
182.48
182.30
182.10
181.96
181.89
181.90
181.96
182.06
182.24
182.48
182.79
183.12
183.45
183.71
183.89
183.96
183.96
183.91
183.83
183.72
183.61
183.50
183.37
183.22
183.05
182.87
182.70
182.62
182.66
182.81
183.03
183.29
183.46
183.49
183.39
183.19
182.93
182.67
182.44
182.26
182.11
182.01
182.01
182.14
182.38
182.68
183.02
183.29
183.44
183.48
183.42
183.30
183.15
182.99
182.82
182.65
182.50
182.40
182.35
182.34
182.38
182.43
182.50
182.58
182.65
182.72
182.79
182.87
182.98
183.11
183.24
183.38
183.43
183.37
183.21
182.97
182.70
182.59
182.66
182.94
183.35
183.84
184.35
184.85
185.31
185.73
185.98
186.05
185.94
185.70
185.39
185.05
184.70
184.36
184.05
183.78
183.57
183.44
183.37
183.36
183.39
183.41
183.42
183.40
183.37
183.33
183.31
183.32
183.36
183.42
183.50
183.53
183.49
183.38
183.24
183.07
182.92
182.80
182.74
182.70
182.69
182.68
182.64
182.59
182.51
182.43
182.41
182.45
182.56
182.72
182.90
183.00
183.00
182.90
182.73
182.51
182.42
182.47
182.70
183.04
183.38
183.68
183.90
184.07
184.18
184.30
184.45
184.64
184.84
185.05
185.19
185.25
185.23
185.15
185.03
184.86
184.66
184.43
184.19
183.96
183.80
183.73
183.74
183.82
183.94
183.95
183.81
183.50
183.11
182.66
182.31
182.11
182.06
182.13
182.29
182.35
182.28
182.06
181.74
181.37
181.06
180.86
180.78
180.78
180.85
181.04
181.35
181.76
182.22
182.69
183.17
183.64
184.10
184.53
184.90
185.12
185.15
185.01
184.75
184.53
184.40
184.39
184.47
184.61
184.62
184.46
184.11
183.65
183.13
182.62
182.17
181.79
181.48
181.24
181.16
181.26
181.53
181.90
182.33
182.75
183.12
183.43
183.67
183.86
183.92
183.85
183.65
183.36
183.04
182.81
182.71
182.76
182.92
183.14
183.40
183.66
183.92
184.15
184.37
184.58
184.79
185.00
185.20
185.38
185.52
185.60
185.62
185.61
185.56
185.34
184.93
184.32
183.61
182.87
182.25
181.80
181.55
181.45
181.46
181.56
181.70
181.87
182.05
182.22
182.39
182.54
182.66
182.77
182.78
182.68
182.46
182.18
181.87
181.68
181.66
181.82
182.11
182.46
182.90
183.40
183.94
184.48
185.00
185.36
185.54
185.53
185.39
185.16
184.89
184.59
184.30
184.03
183.78
183.54
183.30
183.07
182.84
182.64
182.55
182.57
182.72
182.94
183.21
183.44
183.60
183.69
183.71
183.69
183.61
183.48
183.31
183.12
182.93
182.80
182.74
182.77
182.86
182.93
182.95
182.92
182.85
182.75
182.67
182.62
182.60
182.61
182.64
182.84
183.23
183.81
184.49
185.21
185.79
186.16
186.31
186.29
186.15
185.97
185.77
185.59
185.44
185.31
185.20
185.11
185.04
184.99
184.96
184.91
184.84
184.75
184.64
184.53
184.43
184.33
184.25
184.18
184.11
184.04
183.94
183.83
183.70
183.58
183.54
183.60
183.77
184.01
184.29
184.52
184.68
184.76
184.77
184.74
184.65
184.51
184.34
184.14
184.00
183.92
183.93
183.99
184.09
184.18
184.24
184.28
184.29
184.28
184.31
184.40
184.54
184.72
184.92
184.98
184.87
184.60
184.21
183.76
183.31
182.86
182.45
182.08
181.77
181.62
181.63
181.83
182.13
182.50
182.78
182.94
182.95
182.85
182.68
182.52
182.42
182.37
182.37
182.41
182.46
182.53
182.60
182.68
182.74
182.88
183.11
183.42
183.78
184.15
184.45
184.67
184.78
184.82
184.81
184.70
184.50
184.24
183.93
183.71
183.63
183.71
183.88
184.11
184.35
184.56
184.74
184.87
184.98
184.94
184.76
184.43
184.02
183.57
183.17
182.85
182.64
182.51
182.44
182.48
182.62
182.84
183.11
183.40
183.66
183.88
184.03
184.14
184.21
184.30
184.43
184.60
184.80
185.00
185.11
185.12
185.01
184.83
184.60
184.44
184.37
184.40
184.52
184.67
184.77
184.79
184.71
184.56
184.37
184.22
184.12
184.11
184.14
184.21
184.33
184.49
184.68
184.89
185.01
185.03
184.93
184.76
184.55
184.34
184.17
184.04
183.94
183.88
183.76
183.57
183.30
182.99
182.66
182.43
182.30
182.31
182.40
182.55
182.74
182.93
183.13
183.31
183.48
183.67
183.91
184.19
184.48
184.76
184.95
185.01
184.95
184.81
184.61
184.43
184.32
184.27
184.28
184.32
184.28
184.13
183.86
183.51
183.14
182.79
182.49
182.25
182.07
181.94
181.88
181.88
181.95
182.05
182.14
182.21
182.25
182.27
182.26
182.35
182.56
182.88
183.28
183.70
184.09
184.43
184.70
184.90
185.05
185.04
184.88
184.55
184.13
183.67
183.29
183.02
182.88
182.84
182.88
182.99
183.16
183.38
183.62
183.86
184.09
184.30
184.49
184.64
184.77
184.77
184.62
184.32
183.93
183.50
183.15
182.91
182.80
182.78
182.84
182.96
183.15
183.38
183.63
183.87
184.08
184.23
184.33
184.38
184.39
184.33
184.18
183.97
183.71
183.41
183.09
182.75
182.42
182.11
181.91
181.85
181.92
182.08
182.29
182.51
182.70
182.85
182.96
183.04
183.12
183.21
183.32
183.43
183.54
183.61
183.64
183.63
183.59
183.53
183.46
183.38
183.31
183.24
183.18
183.13
183.09
183.05
183.03
183.00
182.96
182.90
182.80
182.69
182.58
182.63
182.87
183.31
183.87
184.49
185.08
185.61
186.06
186.42
186.70
186.87
186.91
186.83
186.69
186.49
186.27
186.05
185.84
185.65
185.40
185.08
184.70
184.28
183.87
183.59
183.46
183.51
183.68
183.92
184.04
183.99
183.74
183.37
182.92
182.46
182.00
181.57
181.19
180.85
180.60
180.43
180.35
180.32
180.34
180.36
180.37
180.35
180.33
180.29
180.35
180.54
180.86
181.25
181.67
182.06
182.40
182.67
182.87
183.03
183.18
183.37
183.58
183.81
184.03
184.26
184.51
184.76
185.00
185.22
185.42
185.59
185.73
185.84
185.93
185.94
185.87
185.73
185.53
185.23
184.83
184.35
183.83
183.32
183.00
182.90
183.06
183.38
183.79
184.10
184.22
184.14
183.91
183.60
183.29
183.04
182.86
182.74
182.67
182.58
182.46
182.30
182.12
181.93
181.78
181.67
181.61
181.59
181.60
181.70
181.91
182.23
182.59
182.98
183.36
183.71
184.03
184.30
184.53
184.66
184.69
184.62
184.49
184.31
184.18
184.10
184.09
184.13
184.21
184.28
184.32
184.34
184.33
184.31
184.20
183.99
183.68
183.32
183.05
182.92
182.93
183.05
183.24
183.41
183.54
183.60
183.61
183.58
183.64
183.81
184.09
184.45
184.84
185.06
185.08
184.88
184.53
184.10
183.63
183.16
182.71
182.31
181.96
181.77
181.75
181.91
182.19
182.54
182.86
183.12
183.29
183.40
183.45
183.44
183.37
183.24
183.09
182.92
182.81
182.77
182.81
182.90
183.02
183.15
183.30
183.43
183.56
183.67
183.79
183.93
184.08
184.24
184.39
184.53
184.65
184.75
184.84
184.80
184.63
184.31
183.91
183.47
183.12
182.87
182.76
182.75
182.81
182.84
182.79
182.67
182.49
182.29
182.13
182.04
182.03
182.07
182.15
182.31
182.53
182.82
183.14
183.46
183.67
183.72
183.61
183.39
183.12
182.91
182.83
182.89
183.04
183.25
183.39
183.41
183.29
183.09
182.84
182.67
182.62
182.71
182.90
183.15
183.36
183.52
183.61
183.63
183.62
183.63
183.68
183.79
183.93
184.08
184.14
184.06
183.84
183.53
183.21
182.91
182.65
182.43
182.25
182.17
182.18
182.29
182.45
182.65
182.94
183.33
183.79
184.29
184.78
185.16
185.41
185.51
185.50
185.41
185.22
184.94
184.59
184.20
183.81
183.55
183.45
183.51
183.68
183.93
184.16
184.34
184.45
184.50
184.51
184.60
184.79
185.09
185.46
185.85
186.16
186.36
186.42
186.39
186.30
186.08
185.75
185.32
184.84
184.35
183.88
183.45
183.08
182.75
182.49
182.25
182.03
181.82
181.63
181.57
181.65
181.89
182.23
182.61
183.01
183.39
183.75
184.06
184.33
184.51
184.57
184.54
184.43
184.28
184.15
184.09
184.09
184.14
184.22
184.29
184.34
184.36
184.35
184.32
184.34
184.42
184.56
184.73
184.92
184.92
184.70
184.24
183.64
182.97
182.40
181.97
181.73
181.63
181.63
181.76
181.99
182.32
182.69
183.08
183.53
184.04
184.62
185.20
185.76
186.13
186.30
186.24
186.02
185.71
185.32
184.88
184.42
183.97
183.65
183.50
183.53
183.68
183.91
184.11
184.22
184.24
184.18
184.08
183.95
183.81
183.67
183.53
183.41
183.30
183.21
183.13
183.07
183.03
182.99
182.97
182.96
182.95
182.94
182.92
182.87
182.78
182.68
182.57
182.52
182.54
182.63
182.76
182.92
183.09
183.26
183.42
183.56
183.68
183.68
183.53
183.24
182.86
182.45
182.05
181.70
181.42
181.20
181.04
181.05
181.26
181.66
182.17
182.74
183.23
183.60
183.82
183.94
183.94
183.86
183.70
183.49
183.27
183.13
183.09
183.16
183.31
183.51
183.78
184.11
184.50
184.91
185.30
185.54
185.58
185.42
185.12
184.75
184.31
183.84
183.36
182.90
182.47
182.15
181.94
181.85
181.85
181.91
182.01
182.13
182.27
182.40
182.52
182.56
182.48
182.30
182.05
181.76
181.52
181.35
181.27
181.25
181.27
181.36
181.49
181.66
181.86
182.05
182.27
182.50
182.74
182.98
183.20
183.37
183.48
183.53
183.54
183.57
183.65
183.77
183.92
184.08
184.14
184.07
183.85
183.55
183.20
182.94
182.82
182.85
182.99
183.19
183.38
183.51
183.58
183.60
183.58
183.48
183.30
183.06
182.78
182.48
182.20
181.94
181.70
181.50
181.33
181.28
181.34
181.53
181.80
182.10
182.36
182.55
182.65
182.69
182.68
182.69
182.74
182.84
182.98
183.12
183.36
183.67
184.07
184.51
184.95
185.26
185.41
185.39
185.24
185.02
184.81
184.65
184.55
184.51
184.51
184.53
184.57
184.62
184.68
184.66
184.54
184.32
184.04
183.74
183.43
183.14
182.88
182.65
182.45
182.39
182.49
182.75
183.10
183.51
183.82
183.99
184.00
183.91
183.74
183.58
183.46
183.41
183.41
183.43
183.40
183.29
183.10
182.84
182.57
182.24
181.86
181.44
181.02
180.62
180.38
180.34
180.51
180.81
181.20
181.54
181.78
181.92
181.96
181.94
181.93
181.95
182.02
182.13
182.24
182.45
182.74
183.12
183.54
183.97
184.35
184.66
184.90
185.07
185.16
185.18
185.12
185.03
184.90
184.77
184.63
184.51
184.39
184.29
184.14
183.96
183.72
183.47
183.21
183.04
182.99
183.06
183.21
183.42
183.59
183.71
183.75
183.74
183.70
183.60
183.46
183.28
183.09
182.90
182.72
182.55
182.40
182.28
182.18
182.15
182.20
182.34
182.52
182.72
182.91
183.06
183.16
183.22
183.26
183.29
183.34
183.41
183.49
183.57
183.71
183.90
184.14
184.42
184.69
184.93
185.11
185.23
185.30
185.34
185.35
185.33
185.30
185.27
185.02
184.52
183.77
182.88
181.94
181.23
180.83
180.77
180.96
181.31
181.72
182.14
182.54
182.90
183.20
183.44
183.59
183.66
183.68
183.66
183.63
183.62
183.63
183.66
183.70
183.72
183.70
183.65
183.59
183.51
183.37
183.18
182.92
182.64
182.36
182.27
182.43
182.83
183.39
184.03
184.53
184.83
184.88
184.77
184.54
184.27
184.00
183.76
183.55
183.37
183.20
183.03
182.86
182.69
182.56
182.48
182.45
182.46
182.50
182.55
182.61
182.67
182.73
182.79
182.87
182.97
183.10
183.23
183.37
183.45
183.45
183.37
183.25
183.09
182.98
182.93
182.95
183.02
183.12
183.21
183.28
183.31
183.32
183.30
183.28
183.25
183.21
183.17
183.14
183.05
182.91
182.71
182.48
182.23
182.08
182.03
182.10
182.26
182.46
182.63
182.74
182.78
182.76
182.71
182.72
182.80
182.98
183.22
183.47
183.71
183.90
184.04
184.14
184.15
184.06
183.90
183.68
183.43
183.24
183.12
183.08
183.10
183.17
183.28
183.44
183.64
183.85
184.05
184.20
184.26
184.24
184.16
184.04
183.90
183.75
183.61
183.48
183.36
183.31
183.34
183.45
183.61
183.80
183.96
184.10
184.18
184.24
184.26
184.26
184.25
184.23
184.20
184.17
184.11
184.03
183.91
183.78
183.65
183.44
183.15
182.78
182.37
181.96
181.64
181.46
181.41
181.46
181.58
181.76
182.00
182.27
182.55
182.86
183.17
183.49
183.79
184.07
184.20
184.18
184.00
183.71
183.36
183.04
182.79
182.63
182.53
182.49
182.46
182.43
182.38
182.33
182.28
182.23
182.18
182.13
182.09
182.06
182.06
182.10
182.18
182.27
182.38
182.49
182.59
182.68
182.77
182.84
182.95
183.11
183.32
183.56
183.81
183.96
184.01
183.93
183.77
183.57
183.42
183.36
183.41
183.53
183.69
183.82
183.89
183.90
183.85
183.77
183.65
183.49
183.30
183.09
182.92
182.79
182.71
182.67
182.66
182.75
182.94
183.25
183.60
183.98
184.30
184.54
184.67
184.73
184.74
184.67
184.55
184.38
184.19
183.99
183.77
183.54
183.29
183.05
182.83
182.68
182.62
182.65
182.74
182.88
183.08
183.36
183.69
184.05
184.40
184.68
184.87
184.95
184.96
184.92
184.84
184.73
184.62
184.51
184.41
184.31
184.23
184.16
184.10
184.05
184.05
184.08
184.15
184.24
184.35
184.41
184.40
184.32
184.19
183.98
183.71
183.37
183.00
182.64
182.38
182.24
182.24
182.33
182.49
182.68
182.88
183.08
183.27
183.44
183.60
183.72
183.83
183.91
183.97
183.99
183.96
183.89
183.80
183.69
183.68
183.80
184.05
184.39
184.76
185.01
185.09
184.98
184.75
184.44
184.17
183.98
183.91
183.91
183.98
183.99
183.94
183.80
183.60
183.38
183.21
183.10
183.07
183.10
183.17
183.26
183.37
183.47
183.58
183.67
183.78
183.91
184.06
184.22
184.31
184.34
184.28
184.18
184.04
183.89
183.73
183.59
183.45
183.33
183.21
183.07
182.91
182.75
182.60
182.52
182.51
182.59
182.71
182.87
182.99
183.05
183.03
182.96
182.87
182.75
182.63
182.51
182.40
182.30
182.24
182.23
182.26
182.32
182.40
182.49
182.58
182.66
182.74
182.81
182.81
182.75
182.61
182.42
182.22
182.11
182.14
182.32
182.58
182.90
183.18
183.39
183.52
183.58
183.59
183.60
183.61
183.64
183.68
183.72
183.77
183.81
183.85
183.89
183.98
184.12
184.32
184.55
184.79
184.99
185.15
185.25
185.31
185.33
185.28
185.15
184.94
184.69
184.42
184.11
183.75
183.35
182.94
182.56
182.36
182.39
182.66
183.08
183.58
183.99
184.23
184.28
184.19
184.02
183.78
183.53
183.26
183.01
182.78
182.60
182.49
182.44
182.43
182.45
182.55
182.73
182.97
183.25
183.54
183.77
183.91
183.96
183.95
183.89
183.83
183.78
183.76
183.75
183.79
183.87
183.98
184.12
184.26
184.32
184.28
184.13
183.91
183.65
183.49
183.46
183.57
183.78
184.05
184.12
183.96
183.52
182.92
182.24
181.72
181.44
181.43
181.62
181.93
182.31
182.72
183.13
183.52
183.87
184.12
184.27
184.30
184.25
184.15
184.02
183.88
183.73
183.58
183.45
183.44
183.57
183.85
184.21
184.61
184.94
185.16
185.25
185.25
185.18
185.10
185.02
184.96
184.93
184.91
184.76
184.47
184.03
183.51
183.03
182.66
182.41
182.27
182.21
182.24
182.34
182.50
182.69
182.89
183.07
183.20
183.28
183.33
183.34
183.33
183.31
183.27
183.23
183.19
183.24
183.37
183.61
183.90
184.22
184.43
184.50
184.42
184.23
183.98
183.75
183.58
183.48
183.44
183.44
183.44
183.43
183.41
183.36
183.32
183.35
183.47
183.69
183.97
184.27
184.42
184.36
184.09
183.68
183.20
182.72
182.27
181.89
181.58
181.33
181.16
181.08
181.07
181.11
181.16
181.20
181.22
181.22
181.21
181.32
181.59
182.01
182.51
183.06
183.59
184.10
184.56
184.95
185.29
185.50
185.60
185.59
185.49
185.35
185.12
184.82
184.46
184.07
183.69
183.34
183.01
182.73
182.50
182.31
182.18
182.13
182.13
182.19
182.26
182.39
182.54
182.73
182.93
183.13
183.29
183.40
183.45
183.47
183.45
183.42
183.37
183.32
183.26
183.21
183.16
183.12
183.09
183.06
183.03
183.07
183.17
183.34
183.54
183.74
183.91
184.03
184.11
184.16
184.22
184.28
184.37
184.46
184.56
184.62
184.64
184.63
184.58
184.52
184.45
184.37
184.30
184.23
184.17
184.04
183.83
183.53
183.18
182.82
182.47
182.15
181.86
181.61
181.41
181.29
181.28
181.36
181.51
181.69
181.86
182.00
182.10
182.16
182.20
182.29
182.46
182.72
183.02
183.34
183.57
183.69
183.68
183.58
183.43
183.25
183.06
182.86
182.68
182.52
182.38
182.26
182.16
182.08
182.08
182.15
182.30
182.50
182.71
182.93
183.15
183.34
183.51
183.66
183.78
183.88
183.95
184.00
184.04
183.99
183.83
183.57
183.25
182.90
182.61
182.40
182.29
182.24
182.26
182.28
182.29
182.28
182.26
182.24
182.26
182.34
182.48
182.67
182.87
183.09
183.34
183.60
183.86
184.10
184.30
184.43
184.50
184.52
184.51
184.44
184.34
184.19
184.02
183.85
183.74
183.70
183.74
183.84
183.97
184.01
183.93
183.72
183.42
183.17
182.99
182.92
182.93
183.00
182.96
182.79
182.47
182.06
181.61
181.26
181.05
181.01
181.09
181.25
181.43
181.59
181.73
181.85
181.93
182.08
182.29
182.59
182.93
183.27
183.48
183.50
183.33
183.03
182.66
182.34
182.11
181.99
181.97
182.00
182.03
182.02
181.96
181.86
181.75
181.66
181.60
181.58
181.59
181.61
181.68
181.79
181.92
182.08
182.23
182.39
182.52
182.65
182.75
182.84
182.91
182.96
183.00
183.03
183.05
183.06
183.06
183.06
183.06
183.05
183.04
183.04
183.03
183.02
183.05
183.10
183.18
183.29
183.40
183.56
183.78
184.05
184.34
184.64
184.81
184.84
184.70
184.46
184.16
183.84
183.51
183.20
182.92
182.68
182.47
182.30
182.16
182.06
181.98
181.87
181.73
181.53
181.31
181.09
180.93
180.85
180.85
180.91
181.02
181.17
181.36
181.58
181.81
182.04
182.33
182.69
183.11
183.57
184.02
184.33
184.48
184.45
184.30
184.10
183.89
183.69
183.51
183.36
183.24
183.14
183.06
183.00
182.96
182.96
183.01
183.09
183.19
183.31
183.43
183.55
183.65
183.74
183.82
183.88
183.94
183.97
184.00
184.02
183.96
183.79
183.53
183.21
182.86
182.55
182.29
182.09
181.94
181.85
181.81
181.84
181.92
182.03
182.17
182.38
182.69
183.08
183.51
183.94
184.33
184.65
184.90
185.07
185.19
185.27
185.30
185.31
185.30
185.28
185.28
185.30
185.35
185.42
185.37
185.17
184.80
184.34
183.84
183.39
183.03
182.77
182.61
182.51
182.42
182.30
182.15
181.98
181.81
181.79
181.92
182.24
182.66
183.13
183.51
183.75
183.82
183.78
183.65
183.69
183.94
184.45
185.09
185.81
186.43
186.90
187.17
187.31
187.33
187.14
186.75
186.16
185.48
184.76
184.14
183.65
183.33
183.14
183.05
182.99
182.92
182.82
182.71
182.59
182.53
182.54
182.62
182.76
182.92
183.14
183.42
183.76
184.11
184.41
184.62
184.74
184.78
184.77
184.66
184.48
184.21
183.91
183.59
183.42
183.43
183.62
183.94
184.32
184.68
184.98
185.19
185.32
185.40
185.38
185.27
185.06
184.81
184.54
184.21
183.84
183.42
183.00
182.60
182.32
182.17
182.16
182.25
182.41
182.69
183.07
183.55
184.07
184.59
185.03
185.37
185.58
185.70
185.75
185.60
185.27
184.76
184.14
183.49
182.96
182.58
182.39
182.35
182.41
182.59
182.87
183.23
183.63
184.04
184.43
184.79
185.11
185.38
185.46
185.35
185.04
184.61
184.11
183.65
183.27
182.98
182.79
182.66
182.56
182.48
182.39
182.31
182.24
182.20
182.20
182.25
182.32
182.41
182.47
182.51
182.50
182.47
182.43
182.48
182.65
182.95
183.32
183.73
184.13
184.51
184.86
185.17
185.43
185.50
185.38
185.07
184.63
184.12
183.71
183.44
183.33
183.34
183.44
183.54
183.61
183.62
183.60
183.55
183.46
183.33
183.17
183.00
182.93
182.99
183.19
183.49
183.83
184.15
184.44
184.67
184.85
184.99
185.00
184.89
184.66
184.36
184.02
183.64
183.25
182.86
182.49
182.14
181.95
181.92
182.07
182.33
182.65
182.98
183.27
183.52
183.72
183.87
184.01
184.15
184.30
184.43
184.56
184.67
184.77
184.85
184.91
184.96
185.00
185.02
185.04
185.05
185.05
184.95
184.72
184.35
183.92
183.46
183.06
182.75
182.55
182.43
182.38
182.40
182.49
182.63
182.80
183.02
183.26
183.52
183.78
184.03
184.26
184.46
184.62
184.76
184.87
184.96
185.02
185.06
185.08
185.10
184.94
184.60
184.05
183.40
182.71
182.22
181.98
182.03
182.27
182.64
183.06
183.46
183.83
184.15
184.42
184.59
184.64
184.60
184.48
184.32
184.16
184.03
183.93
183.87
183.84
183.79
183.73
183.65
183.56
183.47
183.40
183.38
183.39
183.43
183.49
183.54
183.55
183.53
183.49
183.43
183.35
183.22
183.07
182.91
182.70
182.43
182.11
181.77
181.44
181.29
181.36
181.66
182.10
182.61
183.10
183.52
183.84
184.07
184.23
184.33
184.38
184.40
184.39
184.36
184.24
184.02
183.71
183.35
182.97
182.67
182.50
182.46
182.51
182.63
182.84
183.13
183.48
183.87
184.25
184.56
184.77
184.88
184.91
184.88
184.87
184.89
184.97
185.08
185.20
185.28
185.29
185.23
185.12
184.99
184.84
184.69
184.55
184.42
184.31
184.29
184.39
184.59
184.87
185.17
185.32
185.28
185.02
184.62
184.20
183.82
183.51
183.26
183.07
182.99
183.02
183.14
183.32
183.54
183.77
184.00
184.22
184.41
184.57
184.77
184.99
185.26
185.54
185.81
186.02
186.13
186.15
186.10
186.01
185.89
185.76
185.63
185.50
185.39
185.28
185.20
185.13
185.07
185.03
184.97
184.89
184.79
184.67
184.56
184.39
184.17
183.91
183.62
183.33
183.08
182.89
182.76
182.69
182.65
182.61
182.57
182.51
182.44
182.37
182.32
182.32
182.35
182.40
182.42
182.39
182.29
182.15
181.99
181.93
182.00
182.21
182.51
182.85
183.26
183.71
184.21
184.71
185.18
185.61
185.98
186.30
186.56
186.76
186.84
186.78
186.59
186.32
186.01
185.57
185.02
184.37
183.68
183.00
182.49
182.21
182.16
182.27
182.50
182.71
182.86
182.92
182.92
182.86
182.80
182.76
182.74
182.75
182.76
182.81
182.89
183.01
183.15
183.29
183.43
183.55
183.67
183.76
183.84
183.85
183.79
183.65
183.46
183.25
183.04
182.83
182.65
182.48
182.39
182.39
182.47
182.61
182.78
182.97
183.16
183.33
183.49
183.63
183.69
183.67
183.57
183.41
183.23
183.11
183.09
183.18
183.34
183.54
183.73
183.89
184.01
184.10
184.15
184.15
184.10
184.01
183.89
183.76
183.68
183.67
183.74
183.85
183.99
184.14
184.29
184.44
184.57
184.68
184.75
184.78
184.75
184.69
184.62
184.50
184.35
184.18
183.99
183.81
183.72
183.74
183.87
184.08
184.22
184.25
184.16
183.97
183.74
183.56
183.48
183.50
183.59
183.73
183.87
183.99
184.07
184.13
184.16
184.17
184.17
184.16
184.15
184.13
184.08
184.01
183.90
183.77
183.65
183.60
183.66
183.82
184.06
184.32
184.52
184.62
184.60
184.50
184.35
184.15
183.90
183.63
183.35
183.08
182.89
182.79
182.78
182.84
182.95
183.05
183.13
183.18
183.21
183.22
183.26
183.36
183.52
183.71
183.91
184.08
184.21
184.29
184.33
184.32
184.25
184.13
183.99
183.84
183.72
183.63
183.59
183.58
183.60
183.61
183.59
183.55
183.49
183.43
183.41
183.46
183.57
183.73
183.91
184.06
184.18
184.26
184.29
184.31
184.32
184.36
184.42
184.49
184.57
184.57
184.47
184.27
184.00
183.71
183.58
183.64
183.92
184.33
184.81
185.16
185.32
185.25
185.03
184.71
184.40
184.13
183.94
183.80
183.72
183.65
183.58
183.50
183.42
183.34
183.29
183.28
183.31
183.37
183.45
183.53
183.61
183.69
183.76
183.80
183.79
183.75
183.68
183.59
183.45
183.24
182.98
182.68
182.39
182.24
182.28
182.50
182.84
183.25
183.63
183.94
184.16
184.31
184.40
184.36
184.19
183.90
183.54
183.16
182.80
182.49
182.25
182.07
181.93
182.03
182.38
182.98
183.72
184.52
185.19
185.66
185.90
185.97
185.91
185.82
185.74
185.70
185.69
185.69
185.58
185.33
184.91
184.42
183.89
183.47
183.20
183.11
183.15
183.14
183.03
182.80
182.48
182.13
181.90
181.84
181.96
182.22
182.54
182.82
183.01
183.09
183.09
183.03
182.96
182.90
182.86
182.84
182.84
182.84
182.86
182.87
182.89
182.91
182.87
182.78
182.61
182.41
182.19
182.06
182.03
182.11
182.27
182.48
182.67
182.84
182.97
183.06
183.12
183.16
183.17
183.18
183.17
183.15
183.19
183.28
183.44
183.64
183.84
184.05
184.25
184.43
184.58
184.71
184.69
184.49
184.10
183.62
183.16
182.80
182.55
182.40
182.33
182.34
182.42
182.57
182.74
182.93
183.02
182.97
182.78
182.49
182.16
181.97
181.98
182.19
182.55
182.98
183.37
183.66
183.83
183.90
183.90
183.99
184.20
184.55
184.98
185.44
185.82
186.09
186.21
186.24
186.19
186.14
186.13
186.17
186.24
186.33
186.38
186.36
186.28
186.15
186.00
185.71
185.27
184.67
184.01
183.33
182.78
182.41
182.23
182.20
182.28
182.40
182.53
182.64
182.74
182.88
183.06
183.29
183.55
183.80
183.99
184.10
184.11
184.07
183.98
183.94
183.98
184.12
184.32
184.55
184.60
184.43
184.02
183.47
182.84
182.33
181.99
181.86
181.89
182.02
182.16
182.28
182.35
182.38
182.38
182.41
182.49
182.63
182.80
182.98
183.19
183.42
183.67
183.91
184.14
184.27
184.27
184.16
183.96
183.72
183.54
183.45
183.47
183.56
183.71
183.85
183.97
184.06
184.12
184.15
184.06
183.83
183.47
183.03
182.69
182.51
182.52
182.66
182.88
183.20
183.60
184.07
184.55
185.02
185.40
185.67
185.82
185.89
185.89
185.76
185.51
185.14
184.72
184.28
183.95
183.78
183.78
183.90
184.09
184.28
184.42
184.50
184.52
184.51
184.43
184.26
184.03
183.75
183.47
183.22
183.01
182.87
182.78
182.73
182.76
182.87
183.07
183.31
183.56
183.85
184.15
184.46
184.76
185.04
185.25
185.41
185.49
185.53
185.52
185.49
185.44
185.38
185.32
185.32
185.38
185.50
185.67
185.86
186.03
186.16
186.24
186.29
186.30
186.16
185.86
185.38
184.82
184.21
183.68
183.23
182.91
182.69
182.55
182.48
182.46
182.47
182.51
182.56
182.65
182.77
182.92
183.08
183.24
183.42
183.62
183.84
184.05
184.25
184.45
184.67
184.89
185.10
185.30
185.40
185.38
185.23
185.02
184.76
184.59
184.54
184.64
184.84
185.09
185.32
185.49
185.58
185.61
185.60
185.51
185.34
185.09
184.81
184.49
184.14
183.78
183.44
183.12
182.86
182.68
182.56
182.51
182.50
182.57
182.72
182.95
183.22
183.50
183.73
183.88
183.93
183.92
183.86
183.83
183.84
183.92
184.02
184.15
184.18
184.08
183.85
183.53
183.18
182.81
182.46
182.13
181.84
181.60
181.50
181.56
181.79
182.12
182.51
182.83
183.06
183.16
183.16
183.11
182.95
182.72
182.40
182.06
181.70
181.47
181.39
181.47
181.67
181.93
182.17
182.35
182.46
182.52
182.50
182.42
182.29
182.13
181.96
181.89
181.96
182.17
182.46
182.81
183.09
183.26
183.32
183.29
183.20
183.15
183.18
183.29
183.46
183.67
183.85
184.01
184.11
184.18
184.22
184.23
184.23
184.22
184.20
184.17
184.22
184.37
184.61
184.91
185.23
185.47
185.60
185.60
185.52
185.38
185.16
184.86
184.50
184.11
183.72
183.44
183.29
183.27
183.35
183.50
183.63
183.71
183.73
183.70
183.65
183.50
183.24
182.89
182.49
182.29
182.35
182.69
183.21
183.84
184.39
184.81
185.06
185.18
185.20
185.12
184.97
184.76
184.51
184.26
183.97
183.63
183.25
182.86
182.49
182.13
181.77
181.43
181.11
180.83
180.72
180.80
181.09
181.50
181.97
182.38
182.69
182.87
182.95
182.96
182.96
183.00
183.07
183.18
183.29
183.33
183.27
183.11
182.89
182.63
182.44
182.35
182.38
182.48
182.64
182.87
183.18
183.54
183.93
184.31
184.53
184.57
184.40
184.11
183.78
183.49
183.26
183.08
182.95
182.81
182.64
182.44
182.22
182.00
181.84
181.77
181.78
181.86
181.97
182.11
182.25
182.39
182.52
182.64
182.77
182.91
183.07
183.23
183.38
183.44
183.39
183.23
183.00
182.73
182.53
182.43
182.44
182.53
182.67
182.79
182.86
182.86
182.81
182.74
182.75
182.88
183.14
183.48
183.84
184.16
184.41
184.55
184.63
184.65
184.55
184.32
183.99
183.60
183.19
182.86
182.65
182.58
182.60
182.75
182.99
183.33
183.71
184.09
184.41
184.64
184.77
184.82
184.81
184.73
184.60
184.42
184.22
184.01
183.87
183.80
183.81
183.89
184.00
184.11
184.19
184.24
184.26
184.26
184.22
184.14
184.02
183.88
183.74
183.60
183.47
183.36
183.25
183.17
183.08
182.97
182.84
182.70
182.57
182.50
182.50
182.59
182.72
182.88
183.03
183.14
183.22
183.26
183.27
183.21
183.08
182.88
182.63
182.38
182.25
182.30
182.54
182.88
183.24
183.56
183.80
183.99
184.12
184.17
184.16
184.10
183.99
183.86
183.73
183.59
183.47
183.35
183.26
183.17
183.11
183.05
183.01
182.99
182.89
182.70
182.43
182.11
181.77
181.49
181.30
181.20
181.17
181.20
181.34
181.59
181.95
182.37
182.80
183.14
183.36
183.44
183.42
183.33
183.22
183.12
183.04
182.99
182.95
182.95
182.99
183.08
183.19
183.31
183.43
183.54
183.65
183.74
183.82
183.88
183.94
183.98
184.00
184.02
184.04
184.04
184.05
184.05
184.15
184.38
184.73
185.15
185.60
185.96
186.20
186.31
186.31
186.24
186.16
186.07
186.01
185.97
185.94
185.98
186.08
186.26
186.48
186.71
186.86
186.91
186.84
186.70
186.50
186.26
185.98
185.68
185.38
185.10
184.76
184.36
183.90
183.43
182.96
182.64
182.49
182.51
182.66
182.90
183.14
183.38
183.57
183.73
183.86
183.88
183.77
183.55
183.26
182.94
182.58
182.21
181.82
181.46
181.26
181.25
181.45
181.77
182.18
182.64
183.12
183.62
184.09
184.53
184.97
185.41
185.85
186.28
186.68
186.91
186.98
186.87
186.63
186.33
186.05
185.82
185.67
185.58
185.54
185.59
185.73
185.95
186.21
186.49
186.69
186.77
186.74
186.62
186.46
186.18
185.80
185.34
184.83
184.32
183.93
183.66
183.55
183.55
183.63
183.75
183.91
184.08
184.24
184.40
184.46
184.41
184.25
184.02
183.75
183.54
183.44
183.45
183.54
183.60
183.60
183.51
183.37
183.19
183.01
182.83
182.65
182.50
182.36
182.30
182.32
182.43
182.58
182.77
183.02
183.33
183.69
184.06
184.43
184.69
184.82
184.82
184.72
184.55
184.33
184.06
183.77
183.46
183.17
182.91
182.67
182.47
182.30
182.17
182.20
182.42
182.81
183.31
183.86
184.35
184.76
185.06
185.27
185.40
185.37
185.16
184.79
184.33
183.83
183.41
183.11
182.94
182.88
182.90
183.03
183.24
183.55
183.89
184.21
184.50
184.72
184.90
185.02
185.06
185.00
184.85
184.65
184.42
184.15
183.87
183.57
183.27
183.00
182.83
182.79
182.88
183.06
183.29
183.51
183.71
183.86
183.97
184.06
184.11
184.14
184.16
184.16
184.15
184.14
184.12
184.11
184.09
184.07
184.08
184.12
184.20
184.30
184.40
184.48
184.52
184.53
184.50
184.45
184.40
184.34
184.28
184.22
184.17
184.12
184.08
184.05
184.03
184.01
184.00
183.99
183.98
183.98
184.00
184.06
184.15
184.26
184.38
184.44
184.43
184.35
184.22
184.06
183.92
183.82
183.75
183.72
183.71
183.72
183.74
183.77
183.81
183.84
183.79
183.65
183.41
183.11
182.79
182.52
182.33
182.23
182.21
182.23
182.18
182.03
181.76
181.43
181.06
180.88
180.94
181.25
181.72
182.28
182.81
183.28
183.64
183.92
184.12
184.30
184.50
184.71
184.93
185.14
185.28
185.34
185.31
185.22
185.09
184.86
184.53
184.11
183.65
183.35
183.25
183.38
183.67
184.05
184.39
184.65
184.80
184.86
184.85
184.81
184.73
184.64
184.54
184.44
184.40
184.43
184.54
184.69
184.87
185.02
185.15
185.23
185.27
185.28
185.31
185.35
185.41
185.48
185.56
185.62
185.63
185.61
185.57
185.50
185.38
185.19
184.94
184.66
184.38
184.13
183.94
183.81
183.73
183.68
183.67
183.68
183.70
183.73
183.77
183.84
183.93
184.05
184.19
184.33
184.46
184.58
184.69
184.78
184.83
184.84
184.80
184.72
184.63
184.56
184.53
184.52
184.55
184.59
184.59
184.53
184.40
184.24
184.06
183.88
183.70
183.54
183.40
183.28
183.24
183.27
183.39
183.56
183.75
183.95
184.15
184.34
184.50
184.64
184.76
184.86
184.93
184.99
185.03
184.97
184.82
184.56
184.24
183.90
183.58
183.31
183.11
182.96
182.86
182.77
182.68
182.58
182.48
182.38
182.37
182.47
182.67
182.94
183.23
183.45
183.57
183.57
183.49
183.35
183.18
183.00
182.82
182.65
182.52
182.44
182.42
182.43
182.47
182.53
182.59
182.66
182.73
182.79
182.89
183.05
183.27
183.52
183.77
184.06
184.40
184.77
185.16
185.52
185.83
186.07
186.23
186.34
186.39
186.35
186.23
186.02
185.77
185.50
185.15
184.72
184.22
183.70
183.19
182.74
182.38
182.10
181.90
181.76
181.71
181.73
181.81
181.93
182.07
182.14
182.11
181.98
181.78
181.55
181.41
181.40
181.53
181.75
181.97
182.16
182.28
182.35
182.38
182.38
182.36
182.33
182.29
182.24
182.25
182.33
182.47
182.65
182.85
183.02
183.16
183.24
183.29
183.31
183.36
183.45
183.60
183.78
183.97
184.11
184.17
184.15
184.08
183.97
183.84
183.70
183.57
183.45
183.34
183.32
183.41
183.62
183.89
184.19
184.44
184.63
184.72
184.75
184.73
184.67
184.60
184.52
184.43
184.35
184.24
184.12
183.97
183.81
183.66
183.52
183.39
183.28
183.19
183.11
183.06
183.01
182.98
182.96
182.95
182.94
182.94
182.94
182.95
182.93
182.88
182.79
182.69
182.59
182.51
182.46
182.46
182.49
182.54
182.59
182.66
182.72
182.78
182.83
182.93
183.08
183.29
183.53
183.78
183.88
183.81
183.56
183.20
182.77
182.48
182.39
182.51
182.79
183.16
183.43
183.56
183.51
183.35
183.10
182.90
182.78
182.76
182.81
182.91
183.14
183.52
184.01
184.58
185.16
185.50
185.55
185.29
184.83
184.27
183.69
183.14
182.64
182.21
181.86
181.61
181.46
181.38
181.36
181.43
181.59
181.84
182.12
182.42
182.72
182.99
183.24
183.45
183.63
183.75
183.81
183.80
183.76
183.68
183.54
183.34
183.07
182.77
182.46
182.28
182.24
182.36
182.59
182.87
183.16
183.42
183.64
183.80
183.93
184.00
184.01
183.96
183.87
183.77
183.60
183.37
183.08
182.77
182.45
182.26
182.22
182.34
182.57
182.86
183.12
183.32
183.45
183.51
183.53
183.52
183.48
183.42
183.37
183.44
183.67
184.06
184.54
185.07
185.56
186.00
186.36
186.65
186.87
186.95
186.89
186.69
186.41
186.08
185.74
185.41
185.10
184.83
184.59
184.42
184.32
184.28
184.30
184.34
184.39
184.41
184.40
184.37
184.34
184.29
184.24
184.20
184.16
184.12
184.06
183.97
183.86
183.74
183.61
183.54
183.55
183.63
183.76
183.91
184.08
184.25
184.41
184.55
184.67
184.67
184.52
184.23
183.86
183.58
183.44
183.48
183.65
183.89
184.09
184.21
184.23
184.18
184.08
183.96
183.82
183.67
183.54
183.41
183.28
183.13
182.96
182.80
182.64
182.57
182.61
182.77
183.00
183.27
183.47
183.57
183.56
183.47
183.32
183.21
183.14
183.14
183.18
183.26
183.30
183.28
183.20
183.08
182.94
182.87
182.90
183.03
183.22
183.46
183.65
183.77
183.82
183.81
183.76
183.74
183.76
183.85
183.97
184.11
184.17
184.14
184.01
183.80
183.48
183.06
182.55
182.00
181.45
181.05
180.81
180.77
180.85
181.03
181.26
181.51
181.77
182.01
182.24
182.44
182.61
182.75
182.86
182.94
182.98
182.97
182.90
182.81
182.71
182.57
182.40
182.21
182.01
181.81
181.77
181.89
182.20
182.62
183.10
183.56
183.97
184.32
184.59
184.81
184.95
185.00
184.99
184.93
184.84
184.78
184.78
184.84
184.95
185.08
185.17
185.19
185.15
185.05
184.93
184.77
184.58
184.36
184.13
183.96
183.87
183.87
183.93
184.03
184.07
184.03
183.89
183.69
183.46
183.25
183.08
182.95
182.86
182.81
182.84
182.94
183.13
183.36
183.61
183.78
183.84
183.79
183.65
183.47
183.26
183.05
182.85
182.66
182.49
182.43
182.48
182.65
182.90
183.18
183.43
183.60
183.69
183.72
183.70
183.57
183.32
182.98
182.57
182.15
181.82
181.62
181.54
181.57
181.67
181.81
181.97
182.13
182.30
182.45
182.56
182.62
182.63
182.60
182.60
182.65
182.76
182.90
183.06
183.17
183.21
183.17
183.08
182.96
182.83
182.69
182.55
182.43
182.32
182.28
182.32
182.43
182.60
182.79
183.01
183.26
183.53
183.80
184.05
184.28
184.47
184.64
184.78
184.88
184.88
184.77
184.54
184.25
183.92
183.64
183.44
183.33
183.28
183.29
183.36
183.49
183.65
183.84
184.04
184.20
184.31
184.38
184.40
184.40
184.40
184.42
184.47
184.53
184.59
184.69
184.81
184.96
185.12
185.23
185.27
185.22
185.13
185.00
184.96
185.05
185.26
185.56
185.90
186.20
186.42
186.56
186.62
186.63
186.55
186.39
186.15
185.86
185.56
185.29
185.08
184.92
184.82
184.75
184.67
184.55
184.38
184.19
183.99
183.82
183.71
183.64
183.61
183.61
183.69
183.83
184.06
184.31
184.59
184.74
184.76
184.63
184.39
184.10
183.86
183.72
183.68
183.73
183.83
183.91
183.94
183.92
183.85
183.76
183.65
183.54
183.44
183.34
183.25
183.23
183.29
183.42
183.59
183.76
183.91
184.02
184.09
184.14
184.16
184.17
184.17
184.16
184.14
184.07
183.94
183.74
183.51
183.26
183.03
182.80
182.61
182.43
182.29
182.26
182.34
182.54
182.81
183.12
183.30
183.32
183.15
182.87
182.52
182.19
181.92
181.74
181.63
181.57
181.57
181.64
181.76
181.91
182.08
182.27
182.48
182.71
182.94
183.16
183.33
183.45
183.50
183.52
183.50
183.43
183.32
183.17
183.01
182.84
182.67
182.52
182.39
182.27
182.29
182.44
182.74
183.12
183.54
183.94
184.29
184.58
184.80
184.96
185.06
185.08
185.03
184.95
184.84
184.66
184.42
184.13
183.81
183.48
183.26
183.15
183.18
183.29
183.47
183.75
184.13
184.61
185.13
185.64
185.99
186.15
186.09
185.88
185.58
185.23
184.87
184.52
184.19
183.89
183.69
183.59
183.60
183.68
183.81
183.93
184.04
184.11
184.15
184.18
184.21
184.26
184.34
184.43
184.52
184.61
184.69
184.77
184.84
184.84
184.77
184.62
184.43
184.23
184.10
184.06
184.15
184.30
184.50
184.70
184.86
184.99
185.07
185.13
185.19
185.26
185.35
185.45
185.55
185.53
185.39
185.10
184.74
184.34
184.04
183.88
183.88
184.00
184.18
184.39
184.57
184.73
184.85
184.94
184.99
184.98
184.92
184.83
184.72
184.61
184.49
184.39
184.29
184.21
184.14
184.09
184.04
184.01
183.99
183.89
183.71
183.44
183.12
182.78
182.50
182.30
182.20
182.18
182.12
182.01
181.82
181.60
181.35
181.13
180.96
180.84
180.77
180.73
180.77
180.89
181.08
181.33
181.58
181.84
182.08
182.30
182.49
182.65
182.81
182.97
183.14
183.30
183.45
183.54
183.54
183.46
183.32
183.16
183.03
182.97
182.98
183.05
183.14
183.17
183.12
182.97
182.76
182.52
182.27
182.02
181.80
181.60
181.42
181.33
181.33
181.42
181.57
181.75
181.94
182.13
182.31
182.48
182.62
182.77
182.92
183.09
183.25
183.38
183.47
183.50
183.50
183.47
183.37
183.20
182.96
182.69
182.41
182.33
182.48
182.88
183.43
184.07
184.45
184.51
184.21
183.66
182.97
182.36
181.90
181.63
181.52
181.52
181.63
181.81
182.06
182.34
182.62
182.90
183.15
183.37
183.55
183.71
183.86
184.02
184.18
184.33
184.48
184.61
184.72
184.81
184.89
184.95
185.07
185.27
185.56
185.90
186.24
186.50
186.64
186.65
186.57
186.43
186.17
185.81
185.35
184.85
184.40
184.04
183.78
183.62
183.52
183.37
183.14
182.81
182.43
182.03
181.70
181.45
181.31
181.25
181.24
181.36
181.60
181.95
182.35
182.78
183.14
183.42
183.59
183.68
183.70
183.76
183.88
184.08
184.32
184.58
184.76
184.83
184.78
184.65
184.47
184.27
184.06
183.85
183.66
183.50
183.33
183.15
182.96
182.78
182.61
182.59
182.75
183.09
183.53
184.03
184.56
185.11
185.64
186.15
186.60
186.83
186.81
186.54
186.11
185.67
185.28
185.00
184.80
184.67
184.57
184.48
184.40
184.31
184.24
184.23
184.29
184.42
184.60
184.80
184.90
184.86
184.69
184.42
184.10
183.80
183.52
183.31
183.14
183.01
182.92
182.86
182.83
182.82
182.82
182.88
183.01
183.21
183.44
183.69
183.93
184.16
184.37
184.54
184.69
184.84
184.99
185.15
185.31
185.46
185.51
185.45
185.28
185.04
184.76
184.55
184.44
184.45
184.54
184.68
184.71
184.60
184.34
183.97
183.64
183.38
183.23
183.17
183.17
183.14
183.04
182.86
182.64
182.39
182.17
182.00
181.87
181.79
181.75
181.81
181.98
182.27
182.61
182.98
183.24
183.36
183.31
183.16
182.93
182.65
182.32
181.96
181.61
181.28
181.08
181.05
181.18
181.42
181.73
182.04
182.33
182.56
182.75
182.89
183.03
183.16
183.30
183.43
183.56
183.64
183.68
183.67
183.63
183.56
183.54
183.58
183.68
183.82
183.98
184.13
184.23
184.29
184.32
184.40
184.56
184.80
185.09
185.39
185.63
185.80
185.87
185.87
185.83
185.70
185.49
185.22
184.90
184.58
184.27
183.99
183.73
183.52
183.34
183.19
183.08
183.00
182.94
182.91
182.80
182.62
182.36
182.04
181.72
181.53
181.51
181.69
181.99
182.36
182.74
183.08
183.37
183.61
183.79
183.99
184.21
184.46
184.71
184.96
185.08
185.06
184.88
184.60
184.26
184.04
183.97
184.09
184.33
184.64
184.87
184.99
184.97
184.85
184.69
184.53
184.39
184.27
184.17
184.15
184.20
184.34
184.52
184.73
184.89
184.98
184.99
184.95
184.86
184.71
184.48
184.19
183.87
183.54
183.26
183.03
182.87
182.77
182.70
182.70
182.76
182.87
183.00
183.15
183.30
183.44
183.57
183.68
183.78
183.83
183.84
183.80
183.73
183.64
183.57
183.53
183.53
183.55
183.59
183.67
183.78
183.92
184.08
184.24
184.34
184.37
184.31
184.20
184.06
183.90
183.75
183.60
183.46
183.37
183.32
183.33
183.36
183.43
183.53
183.66
183.83
184.01
184.19
184.38
184.59
184.81
185.03
185.24
185.37
185.42
185.37
185.27
185.13
185.00
184.89
184.82
184.78
184.77
184.69
184.53
184.28
183.99
183.68
183.45
183.33
183.34
183.43
183.58
183.68
183.70
183.63
183.48
183.31
183.19
183.17
183.25
183.40
183.59
183.83
184.10
184.39
184.67
184.95
185.06
184.99
184.73
184.35
183.90
183.40
182.89
182.37
181.88
181.52
181.31
181.25
181.30
181.42
181.65
181.96
182.34
182.75
183.16
183.49
183.72
183.84
183.89
183.87
183.78
183.64
183.45
183.24
183.03
182.93
182.98
183.17
183.45
183.79
184.09
184.32
184.47
184.54
184.57
184.53
184.43
184.29
184.12
183.94
183.74
183.52
183.28
183.05
182.83
182.68
182.62
182.66
182.75
182.89
183.06
183.28
183.52
183.77
184.01
184.15
184.18
184.08
183.90
183.67
183.47
183.34
183.28
183.27
183.39
183.63
183.97
184.37
184.80
185.13
185.34
185.42
185.40
185.31
185.21
185.11
185.03
184.98
184.94
184.86
184.74
184.56
184.35
184.13
183.86
183.55
183.19
182.82
182.47
182.22
182.10
182.12
182.24
182.41
182.64
182.92
183.22
183.53
183.83
184.07
184.25
184.36
184.42
184.44
184.43
184.40
184.36
184.31
184.26
184.24
184.25
184.30
184.37
184.45
184.54
184.63
184.71
184.78
184.84
184.79
184.60
184.28
183.87
183.44
183.06
182.76
182.56
182.45
182.29
182.06
181.73
181.36
180.97
180.73
180.66
180.80
181.06
181.40
181.84
182.34
182.88
183.43
183.95
184.37
184.68
184.85
184.93
184.93
184.91
184.89
184.88
184.88
184.89
184.87
184.83
184.75
184.66
184.56
184.38
184.11
183.76
183.36
182.96
182.63
182.38
182.25
182.19
182.20
182.27
182.40
182.58
182.78
182.98
183.15
183.28
183.35
183.38
183.39
183.34
183.25
183.12
182.97
182.81
182.74
182.77
182.91
183.12
183.34
183.54
183.71
183.84
183.94
183.94
183.82
183.58
183.28
182.94
182.66
182.45
182.33
182.29
182.29
182.31
182.32
182.31
182.28
182.25
182.32
182.51
182.83
183.23
183.65
184.00
184.22
184.32
184.31
184.24
184.12
183.98
183.83
183.68
183.53
183.41
183.30
183.20
183.12
183.06
183.07
183.15
183.31
183.51
183.73
183.90
183.99
184.01
183.97
183.88
183.81
183.75
183.72
183.72
183.73
183.75
183.78
183.81
183.85
183.88
183.91
183.93
183.95
183.97
183.88
183.66
183.31
182.89
182.44
182.10
181.91
181.89
181.99
182.16
182.44
182.80
183.22
183.66
184.10
184.53
184.95
185.36
185.73
186.06
186.21
186.15
185.89
185.50
185.04
184.63
184.33
184.15
184.07
184.07
184.09
184.11
184.12
184.12
184.11
184.13
184.17
184.25
184.34
184.44
184.46
184.39
184.20
183.96
183.68
183.48
183.38
183.39
183.49
183.64
183.76
183.83
183.84
183.80
183.73
183.64
183.54
183.45
183.36
183.30
183.28
183.31
183.37
183.44
183.55
183.69
183.86
184.03
184.21
184.35
184.44
184.48
184.49
184.46
184.26
183.87
183.27
182.58
181.85
181.23
180.79
180.55
180.45
180.47
180.64
180.96
181.39
181.89
182.41
182.85
183.20
183.43
183.57
183.64
183.73
183.88
184.10
184.35
184.61
184.88
185.12
185.33
185.52
185.68
185.70
185.57
185.29
184.91
184.50
184.15
183.91
183.81
183.79
183.77
183.70
183.56
183.38
183.17
183.00
182.86
182.77
182.72
182.70
182.70
182.72
182.75
182.78
182.81
182.93
183.13
183.43
183.77
184.13
184.41
184.56
184.59
184.52
184.39
184.28
184.22
184.21
184.25
184.32
184.35
184.32
184.24
184.11
183.96
183.86
183.82
183.86
183.94
184.06
184.19
184.33
184.46
184.58
184.69
184.75
184.77
184.74
184.68
184.61
184.47
184.26
184.00
183.71
183.41
183.10
182.79
182.47
182.17
181.90
181.66
181.45
181.29
181.16
181.16
181.32
181.62
182.02
182.45
182.84
183.15
183.36
183.48
183.55
183.61
183.71
183.85
184.00
184.17
184.32
184.47
184.60
184.72
184.81
184.89
184.95
184.99
185.02
185.04
185.06
185.06
185.06
185.06
185.05
184.97
184.79
184.51
184.19
183.84
183.50
183.18
182.89
182.65
182.44
182.37
182.47
182.73
183.08
183.49
183.77
183.89
183.82
183.62
183.33
183.07
182.85
182.70
182.62
182.58
182.57
182.59
182.63
182.67
182.80
183.02
183.34
183.70
184.08
184.42
184.70
184.91
185.07
185.17
185.16
185.02
184.76
184.43
184.07
183.68
183.28
182.87
182.49
182.14
181.92
181.83
181.88
182.04
182.25
182.52
182.82
183.16
183.49
183.80
184.00
184.08
184.02
183.87
183.67
183.41
183.11
182.79
182.47
182.17
181.97
181.90
181.97
182.12
182.33
182.62
182.97
183.39
183.81
184.23
184.54
184.71
184.74
184.67
184.55
184.43
184.32
184.23
184.15
184.09
184.04
184.00
183.98
183.96
183.93
183.86
183.77
183.67
183.56
183.46
183.36
183.27
183.19
183.13
183.05
182.95
182.83
182.71
182.58
182.48
182.43
182.43
182.45
182.50
182.56
182.63
182.69
182.76
182.81
182.86
182.90
182.94
182.97
182.99
183.06
183.18
183.37
183.58
183.81
184.01
184.16
184.26
184.31
184.33
184.38
184.48
184.63
184.80
184.99
185.20
185.44
185.68
185.92
186.04
186.02
185.84
185.56
185.23
184.88
184.53
184.21
183.92
183.66
183.45
183.28
183.14
183.04
182.96
182.83
182.63
182.35
182.02
181.69
181.39
181.15
180.97
180.85
180.77
180.81
180.96
181.23
181.57
181.94
182.28
182.57
182.80
182.97
183.09
183.14
183.13
183.06
182.96
182.83
182.81
182.91
183.14
183.46
183.82
184.03
184.04
183.83
183.48
183.05
182.74
182.62
182.72
182.96
183.29
183.67
184.06
184.44
184.78
184.96
184.94
184.71
184.35
183.93
183.52
183.18
182.94
182.77
182.66
182.61
182.59
182.60
182.62
182.66
182.74
182.84
182.98
183.13
183.28
183.34
183.30
183.15
182.93
182.67
182.46
182.31
182.24
182.23
182.27
182.25
182.16
181.98
181.75
181.49
181.29
181.16
181.11
181.12
181.18
181.32
181.53
181.81
182.12
182.44
182.75
183.03
183.28
183.50
183.67
183.79
183.84
183.83
183.78
183.70
183.58
183.43
183.25
183.05
182.86
182.67
182.51
182.37
182.25
182.18
182.16
182.19
182.26
182.34
182.36
182.28
182.11
181.87
181.61
181.36
181.16
181.01
180.90
180.83
180.90
181.11
181.47
181.91
182.38
182.80
183.13
183.35
183.49
183.56
183.56
183.48
183.35
183.19
183.01
182.91
182.91
183.02
183.21
183.43
183.54
183.50
183.28
182.95
182.56
182.31
182.25
182.41
182.72
183.11
183.48
183.80
184.03
184.19
184.29
184.27
184.12
183.85
183.50
183.10
182.67
182.22
181.79
181.39
181.17
181.16
181.35
181.68
182.09
182.51
182.89
183.22
183.49
183.71
183.82
183.83
183.74
183.59
183.39
183.21
183.05
182.94
182.87
182.82
182.91
183.13
183.50
183.94
184.41
184.80
185.07
185.21
185.23
185.19
185.12
185.05
185.00
184.96
184.94
184.90
184.84
184.75
184.65
184.54
184.44
184.34
184.26
184.18
184.12
184.05
183.95
183.83
183.70
183.58
183.48
183.43
183.43
183.45
183.42
183.31
183.11
182.85
182.58
182.43
182.45
182.66
182.98
183.37
183.78
184.19
184.57
184.91
185.21
185.33
185.25
184.97
184.55
184.08
183.68
183.43
183.33
183.35
183.45
183.58
183.71
183.81
183.89
183.96
183.98
183.95
183.88
183.79
183.68
183.57
183.46
183.36
183.27
183.19
183.15
183.16
183.21
183.28
183.38
183.45
183.49
183.49
183.46
183.42
183.37
183.31
183.26
183.20
183.16
183.06
182.91
182.70
182.47
182.33
182.32
182.46
182.69
182.98
183.29
183.60
183.89
184.15
184.38
184.57
184.73
184.86
184.95
185.02
184.99
184.85
184.60
184.28
183.94
183.59
183.27
182.97
182.71
182.49
182.34
182.25
182.23
182.26
182.32
182.45
182.65
182.92
183.21
183.52
183.84
184.16
184.49
184.80
185.08
185.27
185.37
185.36
185.28
185.16
185.09
185.11
185.22
185.39
185.60
185.82
186.04
186.24
186.42
186.58
186.72
186.83
186.91
186.98
186.86
186.55
186.03
185.40
184.73
184.16
183.75
183.54
183.46
183.49
183.49
183.40
183.22
182.97
182.69
182.37
182.04
181.70
181.37
181.06
180.95
181.07
181.41
181.89
182.45
182.98
183.43
183.78
184.03
184.21
184.27
184.22
184.06
183.84
183.59
183.44
183.41
183.53
183.75
184.02
184.26
184.45
184.55
184.59
184.59
184.53
184.42
184.27
184.10
183.91
183.74
183.58
183.43
183.31
183.20
183.17
183.22
183.35
183.53
183.74
183.89
183.98
183.99
183.95
183.84
183.67
183.47
183.25
183.03
182.79
182.54
182.29
182.04
181.81
181.71
181.77
181.98
182.29
182.65
182.95
183.15
183.22
183.21
183.14
183.11
183.15
183.27
183.46
183.66
183.78
183.76
183.60
183.35
183.05
182.81
182.66
182.63
182.68
182.79
182.93
183.09
183.24
183.39
183.53
183.71
183.93
184.19
184.47
184.75
184.99
185.17
185.28
185.35
185.38
185.40
185.44
185.50
185.56
185.63
185.62
185.51
185.30
185.03
184.84
184.77
184.84
185.00
185.22
185.42
185.56
185.63
185.65
185.62
185.49
185.25
184.91
184.52
184.11
183.68
183.25
182.83
182.44
182.08
181.83
181.69
181.66
181.72
181.82
181.90
181.94
181.91
181.85
181.76
181.68
181.63
181.61
181.62
181.65
181.77
181.98
182.29
182.66
183.04
183.36
183.59
183.72
183.77
183.76
183.69
183.57
183.40
183.20
183.00
182.78
182.54
182.29
182.05
181.82
181.65
181.53
181.47
181.46
181.51
181.61
181.75
181.92
182.09
182.32
182.59
182.91
183.25
183.58
183.81
183.91
183.88
183.76
183.58
183.45
183.40
183.45
183.57
183.73
183.83
183.84
183.75
183.60
183.40
183.27
183.23
183.30
183.43
183.61
183.76
183.85
183.87
183.83
183.76
183.65
183.49
183.30
183.10
182.90
182.77
182.71
182.74
182.83
182.95
183.04
183.08
183.04
182.96
182.86
182.79
182.78
182.84
182.94
183.07
183.24
183.44
183.66
183.88
184.08
184.22
184.31
184.36
184.37
184.31
184.16
183.95
183.69
183.43
183.13
182.83
182.52
182.22
181.94
181.73
181.58
181.49
181.46
181.47
181.48
181.47
181.44
181.39
181.34
181.37
181.48
181.70
181.98
182.28
182.63
183.04
183.48
183.92
184.34
184.67
184.90
185.01
185.03
184.99
184.91
184.80
184.69
184.57
184.45
184.30
184.09
183.84
183.56
183.28
183.02
182.78
182.57
182.39
182.25
182.16
182.13
182.15
182.22
182.38
182.65
183.02
183.44
183.87
184.09
184.08
183.79
183.34
182.78
182.36
182.12
182.10
182.25
182.50
182.78
183.06
183.30
183.51
183.68
183.76
183.76
183.66
183.50
183.31
183.10
182.90
182.71
182.54
182.39
182.32
182.33
182.43
182.58
182.77
182.93
183.07
183.16
183.21
183.24
183.25
183.24
183.22
183.19
183.17
183.16
183.19
183.26
183.34
183.44
183.48
183.46
183.36
183.23
183.06
182.89
182.73
182.57
182.43
182.33
182.29
182.30
182.34
182.41
182.51
182.65
182.82
183.00
183.18
183.35
183.51
183.64
183.75
183.85
183.92
183.98
184.02
184.04
184.06
183.99
183.82
183.55
183.22
182.88
182.53
182.21
181.92
181.67
181.45
181.33
181.31
181.39
181.53
181.70
181.89
182.09
182.27
182.44
182.59
182.77
182.99
183.25
183.52
183.80
184.05
184.28
184.48
184.65
184.78
184.89
184.97
185.03
185.07
185.09
185.10
185.11
185.10
185.10
185.14
185.24
185.41
185.61
185.82
185.98
186.07
186.07
186.02
185.93
185.78
185.60
185.39
185.17
184.95
184.80
184.73
184.75
184.83
184.95
185.01
184.98
184.86
184.67
184.45
184.22
183.99
183.78
183.59
183.42
183.23
183.01
182.74
182.46
182.19
182.04
182.04
182.20
182.46
182.78
183.09
183.38
183.61
183.79
183.93
184.03
184.10
184.14
184.17
184.17
184.30
184.58
185.01
185.52
186.07
186.50
186.78
186.88
186.84
186.72
186.55
186.34
186.13
185.91
185.61
185.20
184.69
184.14
183.58
183.08
182.66
182.33
182.08
181.90
181.89
182.04
182.36
182.78
183.25
183.70
184.09
184.42
184.68
184.88
184.94
184.87
184.67
184.38
184.06
183.80
183.64
183.60
183.65
183.76
183.90
184.05
184.22
184.37
184.51
184.66
184.83
185.01
185.19
185.35
185.32
185.05
184.54
183.88
183.16
182.52
182.00
181.63
181.40
181.26
181.26
181.38
181.60
181.89
182.09
182.18
182.12
181.97
181.76
181.68
181.77
182.06
182.47
182.95
183.37
183.69
183.87
183.95
183.96
183.86
183.66
183.38
183.06
182.72
182.53
182.51
182.68
182.98
183.35
183.60
183.65
183.50
183.20
182.82
182.49
182.24
182.11
182.06
182.08
182.17
182.31
182.51
182.72
182.94
183.02
182.92
182.65
182.26
181.81
181.51
181.40
181.52
181.79
182.15
182.53
182.88
183.19
183.45
183.67
183.81
183.87
183.87
183.83
183.78
183.74
183.73
183.74
183.75
183.75
183.73
183.67
183.59
183.51
183.42
183.34
183.26
183.19
183.14
183.03
182.88
182.67
182.44
182.20
182.04
182.00
182.08
182.23
182.44
182.72
183.06
183.46
183.88
184.28
184.63
184.91
185.11
185.24
185.32
185.39
185.45
185.53
185.61
185.68
185.78
185.90
186.04
186.19
186.34
186.43
186.44
186.37
186.25
186.10
185.88
185.60
185.26
184.91
184.55
184.28
184.10
184.02
184.02
183.99
183.90
183.74
183.53
183.30
183.13
183.03
183.01
183.04
183.12
183.20
183.25
183.28
183.28
183.27
183.30
183.38
183.53
183.71
183.91
184.10
184.29
184.45
184.60
184.73
184.75
184.66
184.45
184.17
183.86
183.58
183.33
183.14
183.00
182.90
182.73
182.46
182.09
181.67
181.23
180.93
180.82
180.92
181.15
181.46
181.79
182.10
182.36
182.58
182.76
182.95
183.16
183.41
183.67
183.93
184.05
184.03
183.86
183.58
183.28
182.98
182.72
182.50
182.32
182.23
182.23
182.33
182.49
182.68
182.91
183.17
183.45
183.73
183.99
184.21
184.36
184.44
184.48
184.48
184.51
184.58
184.71
184.87
185.04
185.10
185.03
184.83
184.53
184.18
183.88
183.65
183.50
183.43
183.41
183.42
183.46
183.52
183.59
183.66
183.70
183.70
183.67
183.61
183.53
183.45
183.37
183.29
183.23
183.16
183.17
183.24
183.38
183.57
183.78
183.96
184.11
184.20
184.26
184.31
184.37
184.45
184.53
184.61
184.72
184.85
185.00
185.16
185.32
185.28
185.01
184.50
183.84
183.13
182.49
181.97
181.61
181.38
181.25
181.28
181.46
181.77
182.17
182.59
182.94
183.18
183.28
183.28
183.21
183.07
182.88
182.64
182.39
182.14
182.01
182.02
182.19
182.46
182.78
183.00
183.05
182.93
182.68
182.37
182.21
182.26
182.55
182.99
183.51
183.98
184.36
184.60
184.74
184.79
184.76
184.66
184.50
184.31
184.08
183.82
183.54
183.26
183.00
182.84
182.81
182.90
183.08
183.30
183.47
183.55
183.53
183.43
183.28
183.14
183.01
182.93
182.87
182.84
182.80
182.74
182.66
182.57
182.47
182.38
182.30
182.22
182.16
182.10
182.17
182.36
182.70
183.10
183.55
183.99
184.40
184.78
185.11
185.39
185.51
185.46
185.24
184.91
184.53
184.10
183.64
183.18
182.74
182.34
182.02
181.77
181.62
181.53
181.49
181.52
181.60
181.74
181.90
182.07
182.24
182.40
182.54
182.67
182.75
182.78
182.76
182.70
182.62
182.56
182.53
182.53
182.56
182.60
182.76
183.04
183.45
183.93
184.43
184.84
185.12
185.25
185.28
185.23
185.03
184.67
184.17
183.59
183.00
182.55
182.31
182.28
182.40
182.63
182.86
183.06
183.19
183.28
183.32
183.36
183.41
183.48
183.55
183.63
183.73
183.85
184.00
184.16
184.31
184.49
184.67
184.88
185.08
185.27
185.36
185.34
185.20
184.99
184.76
184.54
184.36
184.21
184.10
184.02
183.96
183.92
183.89
183.88
183.85
183.80
183.72
183.63
183.53
183.48
183.51
183.60
183.75
183.91
184.03
184.09
184.07
184.00
183.90
183.72
183.48
183.18
182.86
182.53
182.37
182.44
182.72
183.15
183.66
184.08
184.38
184.51
184.52
184.45
184.24
183.91
183.47
182.97
182.47
182.14
182.04
182.18
182.48
182.88
183.25
183.53
183.70
183.78
183.80
183.71
183.54
183.28
182.97
182.76
182.68
182.74
182.91
183.14
183.37
183.58
183.75
183.89
183.98
183.97
183.85
183.61
183.30
182.96
182.73
182.63
182.69
182.85
183.08
183.32
183.54
183.71
183.85
183.96
184.03
184.08
184.12
184.13
184.14
184.13
184.12
184.11
184.09
184.08
184.04
183.96
183.86
183.75
183.62
183.53
183.48
183.47
183.49
183.53
183.59
183.65
183.71
183.77
183.82
183.92
184.08
184.29
184.53
184.77
184.91
184.90
184.73
184.47
184.16
183.83
183.49
183.18
182.90
182.76
182.78
182.97
183.26
183.61
183.93
184.19
184.36
184.46
184.50
184.53
184.57
184.61
184.67
184.72
184.78
184.83
184.87
184.91
184.94
184.96
184.98
185.00
185.01
185.02
185.05
185.11
185.19
185.30
185.41
185.41
185.29
185.02
184.68
184.29
183.87
183.43
183.00
182.59
182.22
181.94
181.78
181.73
181.77
181.86
182.03
182.29
182.61
182.97
183.33
183.61
183.81
183.90
183.92
183.88
183.81
183.71
183.61
183.50
183.38
183.23
183.06
182.88
182.71
182.63
182.66
182.81
183.03
183.29
183.49
183.58
183.56
183.47
183.32
183.18
183.05
182.96
182.90
182.86
182.92
183.09
183.36
183.70
184.05
184.24
184.23
184.00
183.62
183.16
182.78
182.52
182.42
182.44
182.53
182.67
182.84
183.03
183.21
183.37
183.47
183.49
183.42
183.30
183.14
182.97
182.80
182.64
182.49
182.36
182.22
182.07
181.91
181.75
181.60
181.46
181.34
181.23
181.15
181.19
181.36
181.68
182.08
182.52
182.99
183.46
183.93
184.37
184.76
185.05
185.22
185.28
185.25
185.16
184.96
184.65
184.23
183.77
183.29
182.92
182.68
182.58
182.58
182.66
182.74
182.77
182.76
182.71
182.64
182.66
182.80
183.07
183.41
183.79
184.10
184.29
184.36
184.33
184.25
184.17
184.13
184.16
184.22
184.30
184.34
184.33
184.25
184.12
183.98
183.85
183.75
183.70
183.68
183.68
183.73
183.81
183.94
184.08
184.23
184.38
184.51
184.63
184.74
184.75
184.64
184.43
184.15
183.84
183.58
183.39
183.29
183.26
183.28
183.33
183.40
183.48
183.57
183.65
183.75
183.88
184.03
184.18
184.34
184.43
184.44
184.37
184.25
184.10
183.93
183.77
183.61
183.47
183.34
183.21
183.07
182.91
182.75
182.60
182.49
182.42
182.41
182.43
182.48
182.64
182.94
183.36
183.86
184.37
184.79
185.08
185.23
185.27
185.22
185.13
185.00
184.86
184.72
184.57
184.45
184.33
184.23
184.15
184.01
183.79
183.48
183.13
182.78
182.54
182.45
182.52
182.71
182.96
183.11
183.12
182.96
182.69
182.35
182.07
181.89
181.81
181.83
181.90
182.09
182.39
182.80
183.25
183.72
184.00
184.07
183.90
183.57
183.15
182.77
182.47
182.29
182.21
182.19
182.22
182.28
182.36
182.45
182.55
182.61
182.64
182.62
182.57
182.51
182.63
182.96
183.51
184.19
184.93
185.52
185.93
186.11
186.12
186.07
186.01
185.96
185.93
185.91
185.82
185.65
185.39
185.08
184.75
184.50
184.37
184.37
184.45
184.59
184.69
184.70
184.62
184.48
184.30
184.11
183.91
183.72
183.56
183.41
183.23
183.01
182.75
182.47
182.20
182.08
182.14
182.39
182.75
183.18
183.58
183.91
184.14
184.30
184.40
184.44
184.45
184.43
184.39
184.35
184.32
184.33
184.37
184.43
184.50
184.53
184.49
184.39
184.24
184.07
183.89
183.72
183.56
183.42
183.35
183.37
183.46
183.61
183.79
183.96
184.09
184.17
184.22
184.25
184.20
184.07
183.87
183.63
183.38
183.34
183.56
184.06
184.73
185.48
186.06
186.39
186.45
186.30
186.02
185.67
185.27
184.88
184.50
184.15
183.77
183.34
182.86
182.37
181.90
181.58
181.43
181.46
181.62
181.85
182.14
182.43
182.72
183.00
183.24
183.40
183.46
183.43
183.33
183.19
183.11
183.11
183.21
183.38
183.58
183.67
183.60
183.36
183.01
182.69
182.43
182.29
182.22
182.22
182.26
182.33
182.41
182.50
182.59
182.73
182.92
183.16
183.43
183.71
183.94
184.12
184.24
184.31
184.35
184.40
184.50
184.65
184.83
185.02
185.20
185.37
185.52
185.66
185.77
185.86
185.93
185.98
186.02
186.05
185.98
185.82
185.55
185.23
184.88
184.59
184.39
184.27
184.23
184.25
184.19
184.03
183.76
183.42
183.05
182.85
182.84
183.06
183.43
183.88
184.25
184.50
184.59
184.57
184.47
184.33
184.15
183.97
183.79
183.67
183.64
183.68
183.79
183.92
184.00
183.98
183.87
183.69
183.47
183.32
183.26
183.32
183.44
183.62
183.86
184.18
184.55
184.94
185.33
185.58
185.67
185.59
185.40
185.14
184.89
184.70
184.58
184.52
184.50
184.52
184.55
184.60
184.66
184.71
184.69
184.57
184.35
184.07
183.76
183.53
183.41
183.41
183.49
183.63
183.80
183.99
184.17
184.34
184.50
184.69
184.92
185.19
185.48
185.63
185.60
185.40
185.07
184.68
184.34
184.09
183.97
183.94
183.98
184.00
184.00
183.94
183.84
183.74
183.57
183.34
183.05
182.74
182.43
182.27
182.29
182.50
182.84
183.24
183.62
183.93
184.15
184.30
184.39
184.46
184.52
184.59
184.66
184.73
184.82
184.93
185.06
185.21
185.35
185.38
185.27
185.02
184.69
184.31
184.08
184.05
184.24
184.57
184.99
185.23
185.22
184.94
184.48
183.92
183.50
183.30
183.36
183.59
183.91
184.26
184.60
184.91
185.19
185.32
185.29
185.09
184.78
184.42
184.12
183.91
183.83
183.83
183.89
183.97
184.04
184.09
184.11
184.13
184.13
184.13
184.12
184.10
184.09
184.13
184.23
184.39
184.59
184.81
184.94
184.98
184.89
184.73
184.53
184.36
184.24
184.20
184.22
184.27
184.30
184.27
184.18
184.06
183.91
183.82
183.79
183.83
183.92
184.05
184.16
184.24
184.28
184.30
184.30
184.22
184.08
183.87
183.62
183.41
183.27
183.21
183.21
183.26
183.33
183.41
183.50
183.59
183.68
183.70
183.65
183.53
183.36
183.17
183.03
182.96
182.96
183.02
183.11
183.17
183.18
183.12
183.02
182.89
182.86
182.96
183.19
183.50
183.85
184.16
184.39
184.53
184.61
184.62
184.60
184.56
184.49
184.42
184.35
184.28
184.22
184.16
184.11
184.07
184.02
183.93
183.83
183.71
183.59
183.47
183.36
183.27
183.19
183.12
183.15
183.28
183.52
183.82
184.06
184.22
184.26
184.23
184.13
184.04
183.95
183.90
183.86
183.85
183.82
183.76
183.69
183.60
183.50
183.38
183.24
183.07
182.89
182.72
182.62
182.59
182.65
182.76
182.91
183.09
183.31
183.56
183.80
184.04
184.23
184.37
184.44
184.47
184.47
184.36
184.14
183.82
183.45
183.06
182.70
182.39
182.16
181.99
181.87
181.82
181.83
181.91
182.02
182.14
182.28
182.41
182.54
182.65
182.75
182.91
183.15
183.47
183.83
184.17
184.47
184.70
184.88
185.02
185.00
184.83
184.51
184.09
183.64
183.34
183.24
183.38
183.66
184.04
184.33
184.48
184.45
184.30
184.07
183.90
183.85
183.92
184.09
184.30
184.49
184.63
184.69
184.69
184.66
184.57
184.44
184.27
184.09
183.90
183.72
183.55
183.41
183.29
183.18
183.16
183.21
183.34
183.52
183.73
183.89
183.98
183.99
183.94
183.86
183.73
183.56
183.36
183.14
182.93
182.81
182.81
182.92
183.11
183.37
183.68
184.02
184.37
184.70
184.89
184.92
184.79
184.55
184.24
183.96
183.74
183.60
183.52
183.49
183.53
183.62
183.75
183.91
184.09
184.23
184.33
184.38
184.40
184.39
184.36
184.32
184.28
184.23
184.19
184.15
184.11
184.08
184.05
184.03
184.01
184.00
183.99
183.99
183.98
184.06
184.23
184.50
184.82
185.17
185.34
185.32
185.07
184.67
184.20
183.83
183.62
183.61
183.72
183.92
184.17
184.45
184.72
184.99
185.20
185.35
185.43
185.47
185.47
185.42
185.32
185.18
185.02
184.85
184.69
184.54
184.41
184.29
184.19
184.09
183.97
183.83
183.70
183.56
183.41
183.24
183.06
182.87
182.70
182.62
182.65
182.79
183.01
183.28
183.50
183.65
183.73
183.74
183.71
183.70
183.74
183.84
183.96
184.11
184.13
183.98
183.67
183.25
182.79
182.37
182.03
181.79
181.63
181.54
181.53
181.58
181.70
181.85
182.02
182.24
182.52
182.84
183.19
183.53
183.84
184.13
184.37
184.58
184.66
184.62
184.45
184.20
183.91
183.71
183.64
183.71
183.89
184.13
184.26
184.24
184.06
183.77
183.41
183.09
182.83
182.66
182.56
182.51
182.61
182.86
183.26
183.74
184.25
184.70
185.06
185.30
185.46
185.55
185.58
185.57
185.53
185.48
185.42
185.37
185.37
185.40
185.45
185.51
185.51
185.41
185.21
184.95
184.67
184.49
184.44
184.54
184.75
185.01
185.22
185.35
185.36
185.30
185.10
184.79
184.37
183.89
183.40
183.09
183.00
183.15
183.46
183.87
184.19
184.36
184.36
184.23
184.02
183.90
183.91
184.09
184.37
184.70
184.90
184.91
184.71
184.37
183.95
183.55
183.22
182.97
182.80
182.69
182.79
183.11
183.65
184.32
185.03
185.53
185.75
185.65
185.33
184.87
184.40
183.96
183.61
183.33
183.11
182.93
182.77
182.61
182.47
182.34
182.26
182.23
182.25
182.31
182.38
182.47
182.56
182.64
182.72
182.79
182.85
182.90
182.94
182.97
183.00
183.01
183.02
183.03
183.03
183.11
183.28
183.55
183.87
184.20
184.59
185.01
185.47
185.93
186.36
186.64
186.75
186.68
186.49
186.22
185.97
185.77
185.64
185.57
185.54
185.55
185.57
185.62
185.67
185.72
185.67
185.48
185.17
184.78
184.36
183.91
183.46
183.01
182.58
182.20
182.03
182.10
182.40
182.86
183.41
183.90
184.29
184.55
184.70
184.77
184.81
184.83
184.85
184.87
184.90
184.92
184.94
184.96
184.97
184.93
184.82
184.65
184.44
184.22
184.08
184.04
184.12
184.28
184.48
184.59
184.59
184.45
184.22
183.94
183.61
183.26
182.89
182.53
182.19
182.03
182.06
182.29
182.65
183.08
183.54
183.99
184.42
184.80
185.13
185.36
185.47
185.47
185.39
185.26
185.05
184.77
184.42
184.05
183.68
183.41
183.26
183.26
183.34
183.49
183.60
183.63
183.56
183.43
183.26
183.10
182.97
182.88
182.83
182.74
182.62
182.44
182.24
182.04
181.95
181.99
182.18
182.47
182.80
183.07
183.25
183.30
183.27
183.18
183.06
182.91
182.76
182.61
182.48
182.36
182.26
182.17
182.10
182.05
182.06
182.15
182.30
182.51
182.73
182.93
183.08
183.18
183.25
183.28
183.23
183.11
182.91
182.66
182.41
182.20
182.08
182.04
182.06
182.13
182.19
182.24
182.27
182.27
182.25
182.28
182.37
182.52
182.70
182.90
183.07
183.20
183.28
183.32
183.30
183.24
183.12
182.99
182.84
182.74
182.71
182.76
182.86
182.99
183.17
183.37
183.60
183.84
184.07
184.20
184.21
184.10
183.91
183.68
183.51
183.42
183.45
183.55
183.70
183.90
184.14
184.41
184.68
184.94
185.23
185.56
185.92
186.28
186.63
186.89
187.05
187.11
187.09
187.02
186.76
186.29
185.63
184.86
184.06
183.53
183.33
183.49
183.90
184.45
185.01
185.49
185.85
186.12
186.30
186.35
186.29
186.13
185.90
185.64
185.37
185.10
184.86
184.64
184.40
184.13
183.83
183.52
183.22
182.97
182.79
182.67
182.60
182.58
182.66
182.86
183.17
183.53
183.92
184.23
184.41
184.47
184.43
184.32
184.21
184.10
184.02
183.96
183.93
183.93
183.98
184.06
184.17
184.30
184.31
184.20
183.95
183.62
183.25
182.92
182.67
182.51
182.42
182.39
182.35
182.28
182.16
182.01
181.85
181.83
181.97
182.29
182.71
183.17
183.60
183.95
184.19
184.36
184.45
184.49
184.50
184.47
184.43
184.40
184.40
184.44
184.49
184.55
184.60
184.61
184.58
184.53
184.47
184.43
184.42
184.44
184.48
184.54
184.53
184.43
184.22
183.96
183.67
183.49
183.44
183.54
183.75
184.01
184.27
184.51
184.70
184.85
184.97
184.97
184.85
184.62
184.31
183.97
183.69
183.47
183.35
183.30
183.31
183.18
182.90
182.44
181.88
181.28
180.79
180.46
180.31
180.30
180.38
180.52
180.70
180.89
181.09
181.33
181.61
181.94
182.28
182.61
182.81
182.85
182.73
182.50
182.20
182.09
182.22
182.62
183.19
183.84
184.39
184.77
184.94
184.95
184.86
184.72
184.57
184.44
184.32
184.22
184.22
184.33
184.54
184.83
185.14
185.41
185.60
185.70
185.74
185.72
185.70
185.69
185.69
185.72
185.75
185.67
185.48
185.16
184.76
184.34
183.95
183.60
183.33
183.12
182.97
182.87
182.80
182.76
182.75
182.76
182.80
182.88
183.00
183.13
183.22
183.24
183.19
183.09
182.97
182.90
182.93
183.06
183.26
183.49
183.54
183.38
182.98
182.43
181.81
181.33
181.06
181.02
181.16
181.40
181.61
181.72
181.71
181.61
181.45
181.34
181.31
181.39
181.52
181.70
181.94
182.25
182.61
183.00
183.37
183.75
184.12
184.48
184.81
185.11
185.29
185.33
185.23
185.05
184.81
184.57
184.36
184.19
184.06
183.97
183.88
183.78
183.68
183.56
183.45
183.41
183.43
183.53
183.68
183.86
184.04
184.22
184.39
184.54
184.59
184.53
184.35
184.10
183.81
183.56
183.39
183.30
183.27
183.29
183.32
183.33
183.33
183.30
183.27
183.31
183.45
183.68
183.96
184.27
184.53
184.70
184.79
184.81
184.78
184.64
184.38
184.02
183.61
183.18
182.76
182.38
182.03
181.74
181.49
181.37
181.39
181.54
181.78
182.06
182.42
182.83
183.29
183.76
184.21
184.59
184.89
185.11
185.26
185.35
185.39
185.40
185.39
185.36
185.26
185.10
184.88
184.62
184.35
184.07
183.77
183.47
183.17
182.91
182.83
182.98
183.35
183.85
184.43
184.89
185.18
185.27
185.21
185.05
184.82
184.57
184.31
184.06
183.82
183.62
183.44
183.29
183.17
183.08
183.01
182.96
182.93
182.91
182.90
182.95
183.07
183.26
183.48
183.72
183.90
184.01
184.03
183.99
183.91
183.88
183.94
184.09
184.29
184.53
184.64
184.59
184.36
184.02
183.62
183.28
183.04
182.93
182.90
182.92
182.95
182.97
182.99
183.00
183.14
183.43
183.88
184.42
184.98
185.44
185.73
185.84
185.82
185.71
185.49
185.17
184.78
184.36
183.94
183.64
183.51
183.55
183.71
183.94
184.14
184.25
184.27
184.21
184.10
184.02
183.99
184.03
184.10
184.20
184.31
184.43
184.54
184.65
184.74
184.81
184.88
184.93
184.97
185.00
184.99
184.95
184.87
184.76
184.65
184.51
184.34
184.16
183.96
183.77
183.58
183.37
183.14
182.93
182.81
182.80
182.91
183.10
183.34
183.59
183.84
184.08
184.30
184.49
184.62
184.70
184.71
184.68
184.63
184.45
184.14
183.70
183.19
182.67
182.29
182.11
182.13
182.30
182.56
182.83
183.05
183.20
183.29
183.34
183.36
183.35
183.33
183.30
183.26
183.19
183.09
182.96
182.82
182.68
182.62
182.67
182.83
183.06
183.32
183.57
183.78
183.93
184.05
184.13
184.20
184.28
184.38
184.48
184.58
184.78
185.09
185.51
186.00
186.37
186.56
186.57
186.43
186.20
185.93
185.63
185.34
185.06
184.81
184.56
184.32
184.08
183.85
183.65
183.52
183.49
183.55
183.66
183.82
183.88
183.82
183.63
183.36
183.04
182.74
182.47
182.26
182.10
181.98
181.92
181.93
181.99
182.08
182.20
182.38
182.62
182.91
183.23
183.55
183.85
184.12
184.36
184.56
184.72
184.77
184.70
184.50
184.23
183.92
183.66
183.46
183.35
183.31
183.32
183.36
183.43
183.50
183.58
183.63
183.65
183.62
183.57
183.51
183.49
183.53
183.64
183.78
183.95
184.10
184.21
184.28
184.31
184.32
184.25
184.11
183.90
183.65
183.39
183.18
183.06
183.02
183.04
183.11
183.21
183.32
183.43
183.54
183.64
183.73
183.81
183.87
183.93
183.97
184.10
184.35
184.72
185.16
185.62
185.96
186.14
186.16
186.06
185.87
185.62
185.31
184.98
184.63
184.31
184.11
184.08
184.21
184.45
184.76
184.99
185.09
185.06
184.92
184.67
184.32
183.90
183.45
183.01
182.75
182.71
182.92
183.28
183.73
184.12
184.38
184.49
184.49
184.41
184.30
184.20
184.12
184.05
184.00
183.97
183.95
183.94
183.93
183.93
183.99
184.11
184.29
184.52
184.75
184.87
184.86
184.70
184.44
184.13
183.85
183.64
183.51
183.44
183.43
183.39
183.32
183.20
183.05
182.89
182.81
182.83
182.96
183.16
183.40
183.65
183.90
184.14
184.35
184.53
184.68
184.80
184.90
184.98
184.97
184.90
184.74
184.54
184.31
184.14
184.04
184.02
184.05
184.13
184.15
184.09
183.94
183.73
183.49
183.26
183.08
182.95
182.86
182.80
182.80
182.85
182.95
183.07
183.21
183.37
183.56
183.77
183.98
184.19
184.29
184.28
184.16
183.95
183.70
183.47
183.26
183.10
182.99
182.91
182.85
182.83
182.82
182.82
182.83
182.90
183.04
183.23
183.47
183.71
183.85
183.84
183.69
183.44
183.13
182.88
182.73
182.69
182.73
182.88
183.12
183.45
183.81
184.19
184.49
184.71
184.82
184.85
184.83
184.80
184.77
184.77
184.78
184.79
184.79
184.76
184.70
184.62
184.53
184.38
184.18
183.92
183.64
183.35
183.13
183.00
182.96
182.99
183.06
183.16
183.28
183.40
183.51
183.62
183.69
183.71
183.69
183.64
183.57
183.55
183.58
183.68
183.82
183.98
184.09
184.14
184.11
184.03
183.92
183.85
183.83
183.89
183.98
184.10
184.13
184.03
183.80
183.49
183.14
182.78
182.43
182.11
181.83
181.64
181.55
181.57
181.66
181.79
182.00
182.28
182.63
182.99
183.36
183.67
183.93
184.11
184.23
184.30
184.31
184.26
184.16
184.02
183.87
183.78
183.75
183.79
183.89
184.02
184.08
184.05
183.92
183.73
183.50
183.34
183.28
183.33
183.45
183.62
183.73
183.76
183.68
183.54
183.36
183.24
183.21
183.28
183.43
183.61
183.73
183.77
183.70
183.56
183.38
183.20
183.06
182.95
182.88
182.94
183.15
183.50
183.94
184.40
184.76
184.97
185.02
184.94
184.78
184.57
184.35
184.11
183.89
183.69
183.62
183.69
183.92
184.25
184.62
184.99
185.31
185.57
185.78
185.94
186.05
186.13
186.17
186.20
186.20
186.09
185.85
185.47
185.02
184.54
184.10
183.72
183.41
183.17
183.00
182.88
182.80
182.75
182.73
182.74
182.75
182.77
182.80
182.83
182.86
182.89
182.92
182.94
182.96
182.98
182.96
182.91
182.83
182.73
182.67
182.67
182.75
182.87
183.01
183.08
183.06
182.94
182.75
182.52
182.42
182.47
182.69
183.02
183.42
183.67
183.73
183.57
183.27
182.89
182.60
182.45
182.49
182.65
182.89
183.06
183.12
183.06
182.90
182.69
182.53
182.45
182.49
182.59
182.74
182.93
183.17
183.43
183.70
183.96
184.11
184.15
184.06
183.89
183.67
183.39
183.09
182.76
182.44
182.14
181.84
181.54
181.25
180.98
180.74
180.64
180.70
180.91
181.23
181.57
181.90
182.19
182.44
182.64
182.83
183.01
183.19
183.36
183.51
183.64
183.76
183.85
183.92
183.98
183.94
183.79
183.54
183.23
182.89
182.66
182.57
182.64
182.81
183.05
183.27
183.43
183.52
183.56
183.56
183.58
183.64
183.76
183.91
184.07
184.26
184.47
184.70
184.94
185.15
185.22
185.11
184.81
184.39
183.92
183.46
183.05
182.70
182.42
182.21
182.09
182.09
182.19
182.36
182.56
182.70
182.75
182.69
182.56
182.49
182.52
182.68
182.91
183.18
183.37
183.42
183.33
183.14
182.90
182.68
182.51
182.42
182.39
182.40
182.39
182.33
182.22
182.08
181.92
181.89
182.03
182.33
182.74
183.21
183.55
183.71
183.69
183.52
183.28
183.06
182.92
182.88
182.91
182.99
183.18
183.48
183.87
184.32
184.77
185.13
185.36
185.45
185.44
185.35
185.21
185.06
184.89
184.72
184.57
184.43
184.31
184.21
184.13
184.06
184.04
184.06
184.13
184.22
184.22
184.10
183.85
183.53
183.16
182.93
182.86
182.98
183.22
183.54
183.87
184.18
184.43
184.64
184.81
184.94
185.03
185.09
185.13
185.15
185.08
184.90
184.62
184.29
183.93
183.63
183.41
183.29
183.25
183.25
183.30
183.37
183.45
183.54
183.62
183.76
183.94
184.18
184.45
184.72
184.92
185.04
185.07
185.03
184.95
184.84
184.72
184.60
184.48
184.37
184.33
184.36
184.47
184.63
184.82
184.98
185.11
185.20
185.25
185.30
185.35
185.43
185.51
185.60
185.68
185.75
185.82
185.87
185.92
185.90
185.81
185.66
185.46
185.24
184.94
184.56
184.10
183.62
183.14
182.77
182.53
182.45
182.47
182.57
182.79
183.14
183.58
184.08
184.58
184.98
185.25
185.37
185.39
185.32
185.18
184.97
184.73
184.46
184.20
183.97
183.80
183.70
183.64
183.62
183.57
183.48
183.33
183.16
182.98
182.91
182.97
183.17
183.47
183.81
184.14
184.43
184.66
184.85
184.98
185.16
185.39
185.70
186.03
186.32
186.53
186.65
186.70
186.70
186.58
186.34
186.00
185.60
185.18
184.77
184.39
184.04
183.75
183.50
183.33
183.23
183.20
183.22
183.28
183.36
183.45
183.54
183.63
183.71
183.73
183.68
183.55
183.38
183.19
182.93
182.63
182.27
181.90
181.54
181.31
181.24
181.34
181.55
181.83
182.11
182.37
182.59
182.76
182.90
183.00
183.07
183.11
183.14
183.15
183.07
182.89
182.61
182.27
181.91
181.62
181.40
181.28
181.24
181.32
181.54
181.88
182.29
182.71
183.06
183.28
183.37
183.36
183.28
183.18
183.09
183.02
182.97
182.94
182.97
183.08
183.25
183.47
183.70
183.91
184.07
184.18
184.25
184.28
184.29
184.28
184.26
184.23
184.20
184.11
183.96
183.76
183.52
183.27
183.19
183.31
183.64
184.11
184.64
185.14
185.57
185.89
186.12
186.27
186.21
185.91
185.39
184.73
184.02
183.44
183.05
182.88
182.87
182.98
183.01
182.89
182.60
182.21
181.84
181.55
181.37
181.28
181.25
181.27
181.33
181.40
181.49
181.57
181.63
181.65
181.63
181.58
181.51
181.60
181.87
182.33
182.91
183.53
184.12
184.65
185.10
185.46
185.74
185.92
186.01
186.02
185.98
185.89
185.73
185.50
185.20
184.88
184.55
184.21
183.87
183.53
183.21
182.92
182.72
182.62
182.63
182.71
182.83
182.98
183.14
183.29
183.44
183.58
183.69
183.79
183.87
183.93
183.98
184.04
184.12
184.23
184.34
184.46
184.56
184.66
184.75
184.83
184.84
184.77
184.63
184.44
184.24
183.97
183.65
183.29
182.91
182.54
182.29
182.15
182.16
182.27
182.43
182.60
182.76
182.88
182.97
183.04
183.11
183.19
183.30
183.40
183.51
183.67
183.87
184.13
184.41
184.70
184.94
185.12
185.24
185.32
185.35
185.41
185.51
185.66
185.84
186.02
186.10
186.04
185.83
185.54
185.20
184.87
184.58
184.34
184.16
184.02
183.92
183.86
183.82
183.81
183.81
183.81
183.83
183.85
183.87
183.84
183.75
183.59
183.39
183.18
183.00
182.85
182.76
182.71
182.69
182.77
182.96
183.26
183.61
183.99
184.33
184.62
184.84
185.01
185.12
185.17
185.16
185.08
184.97
184.85
184.63
184.33
183.93
183.50
183.07
182.68
182.36
182.11
181.93
181.81
181.79
181.87
182.03
182.26
182.51
182.68
182.75
182.71
182.59
182.42
182.33
182.36
182.52
182.76
183.05
183.26
183.33
183.26
183.09
182.99
183.01
183.19
183.46
183.79
184.06
184.23
184.29
184.25
184.17
184.09
184.07
184.10
184.17
184.26
184.36
184.47
184.58
184.67
184.76
184.80
184.80
184.76
184.69
184.61
184.54
184.51
184.51
184.54
184.58
184.66
184.77
184.92
185.08
185.24
185.39
185.53
185.66
185.76
185.85
185.86
185.80
185.66
185.47
185.26
185.13
185.10
185.17
185.33
185.52
185.66
185.70
185.65
185.52
185.35
185.18
185.04
184.94
184.88
184.81
184.73
184.64
184.54
184.44
184.38
184.35
184.37
184.41
184.47
184.57
184.71
184.87
185.04
185.22
185.32
185.36
185.31
185.20
185.07
184.83
184.50
184.09
183.63
183.17
182.86
182.75
182.84
183.08
183.40
183.74
184.05
184.33
184.55
184.74
184.85
184.90
184.89
184.83
184.75
184.70
184.71
184.79
184.91
185.05
185.12
185.09
184.96
184.77
184.54
184.27
183.97
183.66
183.35
183.06
182.80
182.58
182.39
182.24
182.06
181.86
181.62
181.36
181.11
181.00
181.08
181.34
181.72
182.16
182.70
183.32
184.01
184.70
185.37
185.84
186.08
186.09
185.93
185.66
185.41
185.23
185.14
185.12
185.16
185.23
185.32
185.42
185.52
185.62
185.65
185.61
185.50
185.34
185.16
184.97
184.78
184.61
184.46
184.33
184.24
184.21
184.23
184.29
184.36
184.48
184.63
184.80
184.99
185.18
185.35
185.51
185.64
185.76
185.85
185.90
185.90
185.85
185.77
185.67
185.57
185.46
185.37
185.28
185.20
185.14
185.09
185.04
185.01
184.91
184.72
184.45
184.12
183.78
183.45
183.13
182.86
182.61
182.41
182.33
182.37
182.54
182.80
183.09
183.37
183.62
183.81
183.95
184.06
184.18
184.34
184.53
184.75
184.97
185.13
185.20
185.19
185.12
185.01
184.82
184.57
184.26
183.91
183.57
183.30
183.12
183.05
183.04
183.09
183.09
183.02
182.87
182.66
182.42
182.29
182.28
182.43
182.66
182.93
183.19
183.41
183.60
183.75
183.79
183.71
183.51
183.23
182.92
182.68
182.54
182.52
182.59
182.71
182.89
183.12
183.37
183.64
183.90
184.04
184.02
183.85
183.58
183.25
182.98
182.80
182.74
182.77
182.85
182.92
182.95
182.91
182.84
182.74
182.72
182.78
182.94
183.17
183.42
183.58
183.60
183.48
183.26
182.99
182.75
182.56
182.46
182.41
182.41
182.44
182.49
182.56
182.62
182.69
182.81
182.98
183.21
183.47
183.76
184.06
184.38
184.69
184.98
185.24
185.46
185.64
185.79
185.90
185.91
185.80
185.57
185.27
184.94
184.58
184.20
183.82
183.46
183.12
182.85
182.66
182.54
182.49
182.47
182.57
182.79
183.11
183.49
183.89
184.20
184.39
184.46
184.42
184.32
184.16
183.94
183.68
183.41
183.15
182.95
182.85
182.83
182.89
182.98
183.08
183.16
183.20
183.22
183.22
183.24
183.28
183.35
183.43
183.51
183.63
183.77
183.93
184.10
184.30
184.51
184.74
184.97
185.19
185.33
185.38
185.35
185.25
185.11
184.99
184.88
184.82
184.78
184.77
184.75
184.70
184.63
184.55
184.47
184.43
184.47
184.57
184.72
184.90
185.00
185.00
184.90
184.72
184.51
184.33
184.22
184.18
184.19
184.25
184.30
184.33
184.34
184.33
184.30
184.24
184.14
184.01
183.87
183.72
183.61
183.53
183.51
183.51
183.55
183.54
183.48
183.36
183.20
183.03
182.90
182.85
182.87
182.95
183.14
183.44
183.84
184.29
184.75
185.08
185.26
185.26
185.15
184.95
184.71
184.44
184.18
183.94
183.72
183.60
183.61
183.74
183.96
184.22
184.44
184.60
184.68
184.70
184.68
184.65
184.64
184.65
184.67
184.71
184.75
184.79
184.83
184.87
184.90
184.90
184.87
184.80
184.71
184.61
184.42
184.15
183.79
183.39
182.98
182.64
182.40
182.26
182.20
182.20
182.22
182.23
182.23
182.22
182.19
182.25
182.39
182.64
182.93
183.25
183.51
183.69
183.79
183.81
183.83
183.89
183.98
184.11
184.24
184.40
184.59
184.79
185.00
185.20
185.27
185.21
184.99
184.67
184.31
183.96
183.65
183.40
183.20
183.05
183.00
183.04
183.17
183.36
183.59
183.74
183.79
183.73
183.60
183.42
183.27
183.18
183.16
183.19
183.26
183.29
183.27
183.19
183.07
182.92
182.75
182.55
182.32
182.09
181.87
181.73
181.67
181.70
181.78
181.91
182.09
182.30
182.54
182.78
183.02
183.18
183.26
183.25
183.18
183.17
183.26
183.47
183.75
184.07
184.29
184.38
184.31
184.14
183.90
183.69
183.53
183.45
183.41
183.42
183.46
183.52
183.58
183.65
183.71
183.78
183.83
183.88
183.92
183.95
183.98
184.00
184.01
184.02
184.02
184.03
184.03
184.02
184.02
184.02
183.94
183.76
183.49
183.17
182.83
182.54
182.34
182.24
182.20
182.22
182.28
182.35
182.44
182.53
182.62
182.71
182.78
182.84
182.90
182.94
182.87
182.66
182.32
181.91
181.59
181.44
181.46
181.62
181.85
182.11
182.34
182.55
182.71
182.84
183.00
183.19
183.42
183.66
183.90
184.08
184.17
184.17
184.11
184.01
183.86
183.66
183.44
183.21
182.98
182.85
182.83
182.93
183.11
183.34
183.54
183.67
183.73
183.74
183.70
183.69
183.72
183.82
183.95
184.09
184.19
184.22
184.18
184.09
183.96
183.74
183.43
183.03
182.58
182.14
181.87
181.82
182.01
182.36
182.79
183.14
183.33
183.34
183.23
183.08
182.94
182.85
182.80
182.77
182.73
182.68
182.61
182.53
182.44
182.44
182.53
182.73
182.99
183.28
183.60
183.94
184.29
184.63
184.93
185.21
185.44
185.64
185.79
185.91
185.95
185.89
185.76
185.57
185.35
185.20
185.16
185.23
185.37
185.55
185.65
185.64
185.48
185.24
184.96
184.65
184.35
184.06
183.81
183.58
183.32
182.99
182.60
182.19
181.79
181.41
181.07
180.77
180.52
180.32
180.29
180.46
180.82
181.30
181.83
182.37
182.89
183.37
183.79
184.10
184.28
184.34
184.31
184.22
184.09
183.94
183.79
183.64
183.50
183.37
183.27
183.18
183.11
183.05
183.01
182.98
182.96
182.95
182.94
183.07
183.36
183.81
184.35
184.93
185.39
185.69
185.81
185.80
185.69
185.56
185.42
185.30
185.20
185.12
185.00
184.84
184.63
184.39
184.15
183.98
183.88
183.87
183.93
184.03
184.09
184.11
184.06
183.97
183.85
183.67
183.43
183.13
182.81
182.56
182.43
182.42
182.50
182.63
182.83
183.06
183.34
183.61
183.88
184.13
184.35
184.54
184.70
184.83
184.92
185.00
185.05
185.08
185.10
185.13
185.19
185.27
185.37
185.47
185.52
185.50
185.40
185.26
185.09
185.00
185.00
185.11
185.28
185.50
185.62
185.62
185.48
185.25
184.97
184.67
184.37
184.08
183.82
183.60
183.46
183.42
183.48
183.60
183.76
183.97
184.20
184.47
184.73
184.99
185.14
185.17
185.08
184.90
184.76
184.68
184.70
184.78
184.90
184.91
184.78
184.48
184.09
183.65
183.20
182.76
182.37
182.01
181.71
181.54
181.52
181.63
181.84
182.10
182.43
182.83
183.28
183.74
184.19
184.52
184.70
184.74
184.68
184.55
184.39
184.26
184.14
184.06
183.99
183.84
183.59
183.21
182.78
182.33
182.07
182.07
182.32
182.75
183.28
183.75
184.08
184.26
184.32
184.29
184.33
184.49
184.79
185.17
185.59
185.85
185.91
185.74
185.42
185.02
184.57
184.12
183.69
183.30
183.01
182.83
182.77
182.79
182.87
182.96
183.04
183.09
183.13
183.14
183.20
183.31
183.47
183.67
183.88
184.04
184.12
184.11
184.05
183.95
183.86
183.78
183.75
183.73
183.74
183.83
184.03
184.33
184.68
185.05
185.25
185.25
185.02
184.64
184.18
183.77
183.46
183.26
183.17
183.15
183.18
183.24
183.33
183.42
183.52
183.59
183.62
183.61
183.57
183.51
183.52
183.62
183.82
184.07
184.38
184.72
185.09
185.44
185.77
185.97
186.00
185.86
185.61
185.29
184.97
184.69
184.45
184.26
184.11
183.95
183.76
183.53
183.29
183.05
182.96
183.05
183.32
183.71
184.15
184.49
184.65
184.63
184.47
184.23
183.94
183.63
183.33
183.05
182.79
182.55
182.30
182.06
181.84
181.64
181.54
181.57
181.71
181.94
182.21
182.46
182.69
182.86
182.99
183.08
183.14
183.17
183.19
183.19
183.18
183.24
183.39
183.64
183.94
184.18
184.32
184.35
184.30
184.20
183.98
183.65
183.23
182.76
182.29
181.94
181.75
181.74
181.85
182.04
182.28
182.54
182.80
183.05
183.27
183.44
183.55
183.60
183.60
183.57
183.49
183.37
183.21
183.03
182.85
182.79
182.86
183.08
183.39
183.75
183.96
183.97
183.77
183.43
183.01
182.60
182.26
182.01
181.83
181.71
181.70
181.79
181.97
182.20
182.46
182.67
182.81
182.87
182.86
182.81
182.75
182.72
182.71
182.71
182.73
182.76
182.80
182.83
182.86
182.87
182.84
182.77
182.68
182.59
182.57
182.64
182.82
183.06
183.34
183.62
183.89
184.14
184.36
184.55
184.60
184.49
184.23
183.88
183.48
183.17
183.00
182.98
183.08
183.26
183.39
183.45
183.41
183.31
183.17
183.04
182.93
182.85
182.81
182.79
182.73
182.63
182.47
182.28
182.07
181.96
181.94
182.04
182.22
182.43
182.70
182.99
183.30
183.61
183.91
184.14
184.31
184.42
184.47
184.40
184.21
183.90
183.53
183.14
182.80
182.55
182.40
182.32
182.31
182.28
182.22
182.11
181.97
181.83
181.73
181.71
181.76
181.86
182.00
182.17
182.38
182.61
182.84
183.07
183.25
183.38
183.45
183.47
183.47
183.44
183.39
183.34
183.28
183.23
183.23
183.30
183.44
183.62
183.83
183.95
183.97
183.88
183.72
183.51
183.37
183.31
183.36
183.49
183.66
183.82
183.95
184.05
184.12
184.16
184.18
184.18
184.18
184.16
184.14
184.12
184.10
184.08
184.06
184.05
184.03
184.02
184.01
184.00
184.05
184.16
184.34
184.55
184.78
184.92
184.96
184.88
184.73
184.53
184.41
184.41
184.55
184.78
185.06
185.23
185.24
185.07
184.79
184.45
184.18
184.04
184.04
184.15
184.32
184.48
184.60
184.64
184.64
184.60
184.47
184.23
183.88
183.49
183.08
182.71
182.40
182.16
181.98
181.86
181.81
181.82
181.89
182.00
182.14
182.25
182.32
182.36
182.37
182.43
182.58
182.81
183.08
183.38
183.57
183.62
183.51
183.30
183.03
182.82
182.69
182.67
182.72
182.83
183.00
183.21
183.45
183.70
183.95
184.12
184.21
184.21
184.15
184.04
183.93
183.85
183.80
183.78
183.77
183.78
183.80
183.82
183.85
183.87
183.90
183.92
183.94
183.96
183.97
183.93
183.83
183.65
183.45
183.22
183.05
182.96
182.95
183.00
183.09
183.22
183.40
183.61
183.83
184.05
184.12