255.75
255.66
255.67
255.75
255.90
256.10
256.34
256.60
256.86
257.10
257.32
257.50
257.66
257.79
257.79
257.63
257.33
256.94
256.51
256.21
256.08
256.15
256.35
256.63
256.79
256.78
256.57
256.24
255.83
255.42
255.04
254.72
254.46
254.25
254.20
254.31
254.59
254.96
255.39
255.83
256.25
256.64
256.99
257.28
257.53
257.73
257.88
257.99
258.18
258.46
258.85
259.29
259.74
260.10
260.33
260.42
260.41
260.33
260.04
259.54
258.84
258.04
257.21
256.59
256.24
256.20
256.37
256.69
256.95
257.10
257.09
256.97
256.79
256.75
256.91
257.29
257.81
258.40
259.00
259.59
260.13
260.60
261.01
261.22
261.20
260.97
260.59
260.14
259.57
258.91
258.19
257.46
256.77
256.37
256.33
256.65
257.22
257.87
258.53
259.11
259.63
260.06
260.28
260.27
260.04
259.66
259.20
258.68
258.13
257.58
257.05
256.58
256.18
255.89
255.68
255.56
255.49
255.58
255.83
256.22
256.70
257.21
257.83
258.53
259.32
260.12
260.89
261.30
261.30
260.85
260.11
259.22
258.45
257.89
257.62
257.55
257.64
257.88
258.24
258.69
259.19
259.69
259.92
259.83
259.40
258.76
258.01
257.24
256.51
255.86
255.31
254.80
254.32
253.86
253.44
253.07
252.96
253.16
253.66
254.35
255.14
255.90
256.57
257.11
257.54
257.87
258.13
258.35
258.53
258.69
258.82
258.91
258.99
259.04
259.07
259.09
259.05
258.94
258.75
258.53
258.29
258.08
257.92
257.81
257.74
257.71
257.73
257.79
257.91
258.04
258.19
258.28
258.31
258.25
258.15
258.01
257.79
257.46
257.05
256.60
256.28
256.13
256.18
256.37
256.64
256.96
257.29
257.61
257.91
258.18
258.36
258.44
258.42
258.33
258.19
258.17
258.29
258.57
258.95
259.38
259.64
259.66
259.43
259.03
258.53
258.03
257.55
257.13
256.78
256.49
256.39
256.50
256.82
257.27
257.78
258.26
258.66
258.96
259.17
259.31
259.42
259.51
259.60
259.69
259.77
259.88
260.05
260.28
260.53
260.78
261.02
261.24
261.44
261.61
261.69
261.69
261.59
261.44
261.26
260.99
260.62
260.17
259.69
259.20
258.77
258.42
258.14
257.95
257.81
257.81
257.93
258.19
258.51
258.88
259.06
259.01
258.70
258.24
257.69
257.19
256.78
256.51
256.35
256.27
256.41
256.78
257.38
258.09
258.86
259.40
259.65
259.58
259.29
258.85
258.39
257.97
257.62
257.35
257.13
257.03
257.04
257.15
257.32
257.37
257.26
256.95
256.52
256.03
255.77
255.80
256.15
256.71
257.38
257.99
258.48
258.79
258.97
259.04
259.04
258.98
258.88
258.77
258.65
258.37
257.92
257.28
256.55
255.80
255.33
255.23
255.52
256.07
256.77
257.57
258.41
259.24
260.02
260.73
261.13
261.20
260.91
260.39
259.74
259.19
258.82
258.68
258.71
258.85
258.93
258.89
258.71
258.44
258.18
257.95
257.80
257.70
257.65
257.69
257.81
258.01
258.26
258.53
258.85
259.21
259.62
260.03
260.42
260.76
261.02
261.20
261.31
261.38
261.19
260.73
259.99
259.10
258.15
257.42
257.00
256.91
257.07
257.39
257.84
258.36
258.92
259.48
260.00
260.50
260.97
261.41
261.81
262.14
262.29
262.24
261.97
261.57
261.10
260.55
259.95
259.32
258.70
258.12
257.57
257.07
256.60
256.19
255.81
255.46
255.14
254.85
254.60
254.59
254.82
255.32
255.97
256.70
257.33
257.81
258.10
258.24
258.28
258.32
258.39
258.53
258.71
258.90
259.09
259.28
259.45
259.59
259.72
259.74
259.65
259.44
259.17
258.86
258.60
258.41
258.31
258.28
258.29
258.34
258.41
258.49
258.57
258.65
258.52
258.12
257.47
256.66
255.80
255.07
254.54
254.25
254.13
254.29
254.69
255.31
256.05
256.83
257.60
258.32
258.97
259.53
260.01
260.39
260.69
260.92
261.09
261.20
261.05
260.62
259.92
259.05
258.12
257.33
256.75
256.40
256.25
256.23
256.34
256.55
256.82
257.13
257.45
257.67
257.78
257.76
257.65
257.49
257.30
257.09
256.89
256.70
256.53
256.49
256.59
256.85
257.20
257.59
257.94
258.22
258.40
258.51
258.58
258.64
258.70
258.76
258.82
258.81
258.74
258.59
258.41
258.20
257.96
257.71
257.44
257.17
256.92
256.75
256.67
256.69
256.77
256.89
257.17
257.61
258.21
258.88
259.57
260.08
260.35
260.36
260.19
259.90
259.57
259.24
258.94
258.68
258.46
258.31
258.23
258.21
258.24
258.31
258.33
258.31
258.22
258.09
257.95
257.85
257.81
257.85
257.94
258.06
258.16
258.24
258.29
258.30
258.48
258.86
259.46
260.17
260.93
261.47
261.71
261.63
261.32
260.88
260.33
259.73
259.11
258.51
257.96
257.44
256.95
256.51
256.12
255.79
255.65
255.71
255.99
256.39
256.87
257.38
257.87
258.33
258.74
259.09
259.44
259.80
260.17
260.52
260.85
261.01
260.97
260.73
260.37
259.93
259.44
258.93
258.41
257.92
257.47
257.19
257.09
257.17
257.38
257.59
257.74
257.81
257.81
257.77
257.81
257.95
258.22
258.55
258.91
259.17
259.29
259.26
259.11
258.89
258.64
258.37
258.12
257.87
257.66
257.39
257.06
256.67
256.25
255.84
255.45
255.10
254.80
254.54
254.33
254.36
254.63
255.17
255.86
256.61
257.48
258.44
259.46
260.48
261.43
262.18
262.70
262.97
263.05
263.00
262.75
262.33
261.74
261.08
260.50
260.07
259.82
259.71
259.69
259.60
259.36
258.97
258.48
257.95
257.50
257.17
256.99
256.91
256.91
256.79
256.49
255.98
255.36
254.69
254.24
254.07
254.22
254.57
255.06
255.58
256.10
256.55
256.95
257.29
257.51
257.61
257.59
257.50
257.35
257.25
257.24
257.33
257.47
257.66
257.86
258.06
258.26
258.43
258.58
258.82
259.15
259.59
260.09
260.59
260.93
261.08
261.03
260.82
260.56
260.27
260.01
259.77
259.56
259.27
258.90
258.43
257.92
257.40
256.99
256.72
256.60
256.58
256.65
256.80
257.01
257.26
257.53
257.79
258.07
258.36
258.65
258.92
259.17
259.33
259.41
259.38
259.29
259.16
259.00
258.84
258.68
258.53
258.40
258.26
258.11
257.94
257.78
257.62
257.50
257.43
257.41
257.43
257.48
257.32
256.93
256.28
255.49
254.89
254.56
254.57
254.82
255.21
255.69
256.20
256.71
257.19
257.62
258.05
258.48
258.92
259.34
259.72
260.06
260.34
260.58
260.77
260.91
261.01
261.09
261.14
261.16
261.17
261.01
260.65
260.10
259.44
258.74
258.00
257.24
256.48
255.76
255.11
254.57
254.14
253.84
253.63
253.51
253.53
253.69
253.98
254.34
254.74
255.11
255.43
255.69
255.88
256.05
256.21
256.36
256.50
256.63
256.90
257.33
257.94
258.63
259.35
259.89
260.20
260.24
260.10
259.83
259.41
258.87
258.23
257.56
256.89
256.41
256.14
256.10
256.23
256.47
256.67
256.77
256.75
256.64
256.47
256.41
256.49
256.74
257.09
257.48
257.68
257.63
257.29
256.77
256.15
255.60
255.18
254.93
254.81
254.80
254.93
255.20
255.59
256.05
256.52
256.81
256.84
256.60
256.19
255.87
255.71
255.78
256.00
256.31
256.68
257.06
257.43
257.77
258.08
258.29
258.39
258.39
258.32
258.19
258.07
257.97
257.90
257.85
257.83
257.80
257.74
257.67
257.58
257.48
257.39
257.31
257.23
257.17
257.11
257.07
257.03
257.01
256.99
256.97
256.94
256.88
256.79
256.69
256.58
256.55
256.62
256.80
257.04
257.31
257.62
257.95
258.29
258.62
258.80
258.78
258.57
258.23
257.82
257.32
256.78
256.19
255.61
255.06
254.65
254.39
254.30
254.32
254.43
254.77
255.36
256.18
257.12
258.10
258.85
259.32
259.48
259.40
259.16
258.93
258.78
258.73
258.77
258.86
258.96
259.04
259.10
259.14
259.15
259.02
258.73
258.27
257.72
257.14
256.83
256.86
257.27
257.91
258.69
259.38
259.91
260.24
260.40
260.44
260.31
260.03
259.61
259.13
258.68
258.30
258.02
257.82
257.69
257.75
258.00
258.45
259.01
259.61
260.19
260.70
261.13
261.48
261.75
261.93
262.02
262.02
261.97
261.89
261.64
261.24
260.68
260.03
259.36
258.72
258.12
257.59
257.13
256.75
256.60
256.70
257.06
257.58
258.17
258.74
259.23
259.62
259.91
260.12
260.31
260.51
260.73
260.95
261.16
261.41
261.69
262.02
262.35
262.59
262.71
262.71
262.61
262.46
262.25
261.99
261.71
261.42
261.14
260.80
260.40
259.94
259.46
258.99
258.64
258.42
258.35
258.39
258.51
258.64
258.77
258.87
258.95
259.00
258.88
258.56
258.04
257.41
256.73
256.13
255.67
255.36
255.18
255.09
255.19
255.46
255.90
256.42
256.98
257.61
258.30
259.04
259.76
260.45
260.93
261.18
261.18
261.01
260.73
260.39
260.03
259.66
259.32
259.00
258.73
258.50
258.31
258.17
258.00
257.80
257.57
257.32
257.08
256.87
256.73
256.64
256.59
256.58
256.68
256.89
257.20
257.56
257.95
258.25
258.44
258.49
258.45
258.34
258.16
257.94
257.68
257.41
257.14
256.92
256.76
256.65
256.60
256.59
256.60
256.63
256.67
256.71
256.76
256.86
257.02
257.23
257.48
257.73
257.93
258.04
258.06
258.02
257.91
257.74
257.54
257.31
257.08
256.80
256.49
256.14
255.78
255.43
255.11
254.82
254.58
254.38
254.22
254.36
254.84
255.67
256.69
257.80
258.62
259.03
259.00
258.66
258.12
257.71
257.53
257.64
257.95
258.39
258.75
258.98
259.03
258.96
258.81
258.66
258.54
258.49
258.48
258.50
258.43
258.25
257.96
257.59
257.19
256.99
257.02
257.30
257.76
258.27
258.79
259.28
259.71
260.08
260.17
259.96
259.45
258.74
257.93
257.21
256.65
256.27
256.04
255.93
255.91
255.96
256.04
256.16
256.28
256.43
256.61
256.81
257.01
257.21
257.52
257.96
258.54
259.19
259.85
260.29
260.46
260.34
260.03
259.60
259.31
259.26
259.47
259.86
260.36
260.77
261.03
261.10
261.04
260.89
260.81
260.87
261.07
261.37
261.53
261.50
261.23
260.82
260.33
259.89
259.54
259.33
259.21
259.17
259.21
259.33
259.49
259.69
259.90
260.11
260.30
260.47
260.62
260.74
260.76
260.67
260.46
260.19
259.87
259.53
259.17
258.80
258.44
258.11
257.91
257.83
257.90
258.05
258.27
258.59
259.01
259.52
260.06
260.60
260.97
261.14
261.09
260.89
260.60
260.33
260.14
260.05
260.04
260.09
260.06
259.93
259.68
259.37
259.04
258.75
258.50
258.30
258.15
258.03
257.95
257.89
257.86
257.84
257.89
258.01
258.21
258.44
258.68
258.90
259.07
259.18
259.25
259.29
259.27
259.21
259.10
258.96
258.81
258.56
258.19
257.71
257.17
256.63
256.13
255.71
255.38
255.12
254.94
254.81
254.73
254.69
254.68
254.69
254.71
254.74
254.78
254.82
254.85
255.02
255.33
255.80
256.36
256.84
257.18
257.35
257.41
257.37
257.27
257.13
256.97
256.81
256.65
256.43
256.13
255.75
255.34
254.92
254.72
254.76
255.07
255.56
256.13
256.74
257.34
257.91
258.41
258.85
259.09
259.10
258.89
258.54
258.10
257.60
257.07
256.54
256.03
255.56
255.15
254.80
254.51
254.29
254.11
254.01
253.98
254.01
254.08
254.19
254.38
254.67
255.05
255.48
255.91
256.56
257.46
258.60
259.85
260.92
261.71
262.17
262.38
262.40
262.26
262.00
261.66
261.28
260.89
260.19
259.16
257.79
256.25
254.68
253.46
252.70
252.45
252.57
252.95
253.54
254.27
255.08
255.92
256.72
257.38
257.86
258.15
258.30
258.33
258.36
258.43
258.56
258.73
258.92
259.11
259.29
259.45
259.59
259.72
259.82
259.90
259.96
260.01
260.04
260.01
259.90
259.73
259.51
259.28
259.05
258.83
258.64
258.46
258.24
257.95
257.59
257.19
256.80
256.43
256.10
255.80
255.55
255.35
255.24
255.23
255.32
255.47
255.66
255.81
255.90
255.91
255.87
255.80
255.68
255.52
255.32
255.12
254.91
254.83
254.88
255.09
255.39
255.74
256.10
256.46
256.80
257.09
257.35
257.51
257.57
257.53
257.42
257.26
257.03
256.74
256.38
256.01
255.80
255.80
256.02
256.39
256.84
256.98
256.71
256.01
255.04
253.92
253.04
252.50
252.36
252.51
252.86
253.35
253.93
254.55
255.17
255.76
256.24
256.58
256.80
256.90
256.93
256.95
257.00
257.08
257.19
257.31
257.48
257.71
258.00
258.30
258.61
258.87
259.07
259.21
259.30
259.34
259.27
259.09
258.80
258.44
258.07
257.69
257.33
257.02
256.74
256.50
256.29
256.08
255.87
255.68
255.57
255.54
255.59
255.71
255.86
255.94
255.94
255.83
255.66
255.45
255.23
255.00
254.79
254.60
254.44
254.33
254.27
254.27
254.31
254.37
254.69
255.29
256.18
257.22
258.31
259.24
259.95
260.40
260.64
260.72
260.60
260.31
259.88
259.37
258.83
258.33
257.90
257.54
257.27
257.06
256.94
256.89
256.92
257.00
257.11
257.26
257.44
257.66
257.88
258.09
258.29
258.47
258.62
258.75
258.74
258.60
258.30
257.91
257.49
257.27
257.32
257.65
258.18
258.80
259.35
259.78
260.03
260.16
260.18
260.05
259.79
259.40
258.95
258.47
258.19
258.16
258.40
258.81
259.32
259.82
260.27
260.61
260.88
261.07
261.15
261.12
260.98
260.78
260.54
260.19
259.71
259.13
258.50
257.87
257.49
257.41
257.66
258.11
265.27
273.18
281.07
285.09
286.20
285.37
283.29
280.54
277.46
274.31
271.21
268.26
265.54
263.12
261.05
259.30
257.85
256.69
255.78
255.11
254.73
254.65
254.82
255.16
255.61
256.05
256.43
256.74
256.96
257.12
257.36
257.71
258.18
258.72
259.27
259.77
260.21
260.55
260.82
261.02
261.07
260.99
260.77
260.47
260.12
259.82
259.60
259.46
259.39
259.38
259.40
259.45
259.51
259.58
259.79
260.14
260.65
261.24
261.85
262.32
262.59
262.64
262.53
262.32
262.00
261.58
261.10
260.60
260.11
259.62
259.16
258.71
258.31
257.96
257.66
257.42
257.23
257.08
256.97
256.98
257.10
257.35
257.66
258.00
258.54
259.27
260.20
261.21
262.23
262.99
263.41
263.47
263.28
262.91
262.47
262.02
261.59
261.21
260.88
260.44
259.86
259.15
258.37
257.86
257.70
257.92
258.40
259.04
259.70
260.31
260.82
261.25
261.59
261.61
261.28
260.61
259.73
258.76
257.90
257.24
256.82
256.58
256.49
256.59
256.86
257.26
257.75
258.26
258.64
258.82
258.80
258.64
258.38
258.10
257.84
257.60
257.41
257.25
257.12
257.03
256.96
256.92
256.89
256.96
257.13
257.40
257.73
258.08
258.40
258.68
258.88
259.03
259.09
259.04
258.89
258.69
258.46
258.14
257.73
257.25
256.74
256.23
255.84
255.58
255.48
255.49
255.58
255.74
255.96
256.23
256.51
256.78
256.91
256.85
256.61
256.25
255.82
255.37
254.92
254.51
254.14
253.82
253.74
253.92
254.38
255.00
255.70
256.23
256.53
256.54
256.37
256.06
255.79
255.62
255.57
255.61
255.71
255.82
255.93
256.00
256.06
256.09
256.00
255.78
255.42
254.99
254.63
254.40
254.33
254.36
254.48
254.80
255.33
256.05
256.88
257.74
258.45
258.99
259.31
259.46
259.49
259.49
259.49
259.51
259.56
259.61
259.54
259.31
258.92
258.44
257.91
257.37
256.81
256.28
255.78
255.34
255.09
255.06
255.24
255.58
255.99
256.55
257.23
258.02
258.84
259.63
260.35
260.94
261.42
261.79
262.05
262.21
262.27
262.24
262.16
262.12
262.15
262.27
262.45
262.65
262.74
262.66
262.42
262.06
261.65
261.16
260.63
260.06
259.50
258.97
258.55
258.25
258.08
258.01
258.02
258.26
258.75
259.48
260.34
261.25
261.89
262.21
262.15
261.83
261.35
260.78
260.18
259.59
259.04
258.54
258.06
257.58
257.11
256.67
256.27
256.00
255.88
255.91
256.04
256.24
256.39
256.46
256.43
256.34
249.39
241.43
233.22
228.68
226.96
227.27
228.99
231.59
234.65
237.89
241.16
244.30
247.24
249.88
252.16
254.12
255.79
257.18
258.30
259.18
259.74
259.98
259.94
259.69
259.33
259.11
259.11
259.37
259.80
260.33
260.65
260.70
260.42
259.94
259.34
258.88
258.62
258.63
258.81
259.11
259.28
259.27
259.04
258.65
258.19
257.75
257.37
257.09
256.89
256.75
256.67
256.63
256.62
256.63
256.61
256.53
256.40
256.23
256.05
255.91
255.85
255.87
255.94
256.05
256.15
256.23
256.27
256.28
256.28
256.39
256.65
257.07
257.57
258.10
258.52
258.79
258.88
258.85
258.72
258.63
258.59
258.64
258.75
258.89
259.08
259.30
259.54
259.79
260.03
260.28
260.53
260.78
261.03
261.25
261.15
260.69
259.85
258.78
257.62
256.67
256.02
255.72
255.69
255.79
255.95
256.12
256.29
256.44
256.55
256.61
256.62
256.60
256.55
256.35
255.99
255.47
254.87
254.24
253.82
253.65
253.76
254.07
254.49
254.87
255.14
255.27
255.30
255.24
255.33
255.59
256.07
256.67
257.32
257.76
257.92
257.77
257.41
256.92
256.37
255.80
255.25
254.75
254.30
254.14
254.28
254.74
255.39
256.15
256.86
257.46
257.91
258.23
258.44
258.46
258.29
257.94
257.48
257.11
256.88
256.84
256.92
257.09
257.39
257.81
258.33
258.88
259.44
259.86
260.11
260.17
260.10
259.94
259.80
259.73
259.74
259.82
259.94
260.03
260.06
260.03
259.95
259.84
259.62
259.26
258.79
258.25
257.71
257.20
256.77
256.43
256.17
255.97
255.95
256.09
256.40
256.81
257.27
257.63
257.85
257.90
257.84
257.69
257.53
257.37
257.24
257.14
257.03
256.92
256.79
256.65
256.52
256.54
256.72
257.08
257.54
258.04
258.32
258.29
257.94
257.37
256.69
256.04
255.49
255.08
254.78
254.59
254.45
254.34
254.24
254.17
254.10
254.05
254.01
253.98
253.97
253.96
253.95
253.95
253.95
253.95
253.96
254.13
254.48
255.02
255.66
256.35
257.02
257.65
258.22
258.71
259.13
259.39
259.48
259.41
259.24
258.99
258.72
258.43
258.15
257.90
257.80
257.90
258.18
258.58
259.05
259.34
259.41
259.23
258.87
258.41
257.94
257.49
257.09
256.76
256.48
256.40
256.51
256.84
257.29
257.80
258.30
258.76
259.15
259.46
259.72
259.72
259.46
258.93
258.24
257.48
256.84
256.38
256.15
256.09
256.15
256.15
256.06
255.82
255.51
255.16
254.93
254.86
254.99
255.23
255.56
255.96
256.44
256.96
257.49
257.97
258.37
258.69
258.93
259.10
259.32
259.62
260.01
260.44
260.88
261.22
261.44
261.51
261.48
261.38
261.29
261.24
261.24
261.29
261.35
261.30
261.10
260.75
260.29
259.80
259.41
259.17
259.10
259.15
259.29
259.42
259.52
259.56
259.56
259.53
259.45
259.33
259.18
259.01
258.83
258.69
258.60
258.55
258.55
258.57
258.50
258.31
258.01
257.63
257.18
256.66
256.10
255.55
255.02
254.65
254.46
254.47
254.61
254.83
255.26
255.90
256.73
257.64
258.57
259.19
259.43
259.25
258.79
258.16
257.66
257.37
257.37
257.56
257.88
258.11
258.18
258.07
257.82
257.50
257.19
256.94
256.76
256.66
256.60
256.58
256.59
256.62
256.66
256.70
256.65
256.46
256.15
255.76
255.34
254.92
254.53
254.17
253.85
253.69
253.71
253.89
254.19
254.54
255.06
255.72
256.53
257.38
258.23
258.86
259.23
259.32
259.20
258.95
258.59
258.16
257.69
257.21
256.76
256.43
256.25
256.21
256.28
256.42
256.49
256.47
256.32
256.09
255.82
255.66
255.67
255.85
256.14
256.50
256.89
257.27
257.63
257.96
258.24
258.51
258.76
259.00
259.23
259.43
259.52
259.48
259.33
259.10
258.82
258.72
258.83
259.19
259.70
260.28
260.89
261.49
262.04
262.53
262.79
262.80
262.55
262.13
261.61
260.95
260.17
259.30
258.40
257.53
256.85
256.37
256.13
256.06
256.11
256.14
256.10
255.96
255.76
255.52
255.30
255.12
254.98
254.89
254.83
254.80
254.79
254.79
254.80
254.82
255.03
255.46
256.11
256.88
257.69
258.30
258.65
258.70
258.53
258.23
257.79
257.25
256.65
256.03
255.54
255.23
255.10
255.11
255.22
255.44
255.77
256.16
256.59
257.02
257.48
257.97
258.47
258.96
259.41
259.81
260.15
260.44
260.67
260.85
260.85
260.66
260.27
259.78
259.23
258.67
258.13
257.65
257.22
256.85
256.52
256.22
255.95
255.70
255.50
255.40
255.44
255.60
255.84
256.12
256.40
256.63
256.82
256.96
257.06
257.26
257.59
258.05
258.59
259.04
259.36
259.50
259.53
259.46
259.39
259.35
259.35
259.39
259.45
259.44
259.34
259.15
258.90
258.62
258.23
257.74
257.13
256.49
255.85
255.20
254.55
253.90
253.29
252.74
252.31
252.03
251.88
251.83
251.86
252.05
252.40
252.88
253.44
254.03
254.70
255.46
256.28
257.11
257.90
258.44
258.67
258.58
258.27
257.83
257.42
257.11
256.94
256.88
256.90
256.73
256.32
255.64
254.80
254.29
254.20
254.61
255.35
256.27
257.20
258.04
258.73
259.29
259.71
260.00
260.16
260.21
260.18
260.10
259.93
259.68
259.36
259.01
258.66
258.35
258.10
257.92
257.80
257.73
257.58
257.34
257.00
256.59
256.17
255.87
255.72
255.73
255.86
256.07
256.21
256.24
256.15
255.97
255.73
255.58
255.56
255.67
255.87
256.12
256.51
257.02
257.65
258.32
258.85
259.19
259.31
259.27
259.13
258.86
258.49
258.04
257.57
257.10
256.76
256.59
256.61
256.74
256.96
257.30
257.75
258.29
258.87
259.44
259.71
259.62
259.15
258.44
257.60
256.74
255.92
255.19
254.56
254.04
253.72
253.62
253.73
253.99
254.32
254.76
255.26
255.81
256.37
256.90
257.44
257.98
258.52
259.03
259.50
259.85
260.08
260.18
260.19
260.10
259.94
259.73
259.49
259.24
258.97
258.69
258.40
258.13
257.87
257.76
257.79
257.99
258.29
258.65
259.10
259.64
260.25
260.88
261.49
261.91
262.12
262.10
261.92
261.64
261.20
260.61
259.89
259.13
258.38
257.64
256.94
256.30
255.72
255.23
254.89
254.73
254.74
254.87
255.07
255.34
255.66
256.01
256.36
256.69
257.00
257.26
257.49
257.68
257.98
258.44
259.06
259.75
260.47
260.95
261.12
260.97
260.60
260.10
259.50
258.85
258.19
257.56
256.98
256.57
256.36
256.36
256.50
256.73
256.90
256.98
256.93
256.79
256.59
256.37
256.14
255.92
255.72
255.54
255.41
255.34
255.32
255.35
255.40
255.50
255.63
255.80
255.98
256.16
256.25
256.24
256.11
255.90
255.66
255.50
255.48
255.59
255.80
256.07
256.41
256.81
257.27
257.73
258.13
258.42
258.61
258.70
258.73
258.74
258.75
258.77
258.79
258.82
258.88
258.96
259.08
259.21
259.34
259.45
259.51
259.52
259.51
259.47
259.47
259.52
259.64
259.80
259.97
260.01
259.90
259.61
259.21
258.76
258.38
258.10
257.96
257.91
257.94
258.01
258.12
258.24
258.37
258.49
258.47
258.28
257.92
257.46
256.95
256.57
256.37
256.36
256.50
256.68
256.85
256.98
257.07
257.12
257.24
257.43
257.70
258.01
258.33
258.46
258.36
257.99
257.47
256.87
256.32
255.88
255.57
255.38
255.28
255.31
255.44
255.67
255.95
256.26
256.49
256.61
256.61
256.53
256.38
256.29
256.27
256.36
256.50
256.68
256.96
257.33
257.79
258.28
258.77
259.12
259.31
259.32
259.20
259.00
258.78
258.57
258.40
258.25
264.84
272.31
279.94
283.85
284.93
284.15
282.18
279.56
276.62
273.62
270.69
267.92
265.40
263.19
261.30
259.83
258.77
258.09
257.72
257.58
257.56
257.59
257.64
257.69
257.74
257.90
258.18
258.57
259.04
259.52
259.83
259.92
259.78
259.47
259.08
258.77
258.60
258.61
258.75
258.97
259.17
259.34
259.43
259.48
259.48
259.38
259.17
258.85
258.47
258.08
257.66
257.24
256.83
256.44
256.15
255.96
255.88
255.89
255.95
255.95
255.84
255.61
255.31
254.98
254.67
254.40
254.19
254.03
253.92
253.79
253.64
253.44
253.22
253.00
252.96
253.12
253.49
253.99
254.56
255.14
255.70
256.21
256.67
257.06
257.44
257.81
258.19
258.56
258.89
259.18
259.43
259.63
259.80
259.92
259.99
259.99
259.94
259.86
259.75
259.64
259.53
259.42
259.32
259.23
259.16
259.10
259.05
259.02
258.91
258.72
258.44
258.12
257.78
257.44
257.13
256.85
256.61
256.41
256.41
256.62
257.06
257.63
258.27
258.86
259.36
259.75
260.03
260.23
260.30
260.25
260.10
259.88
259.63
259.42
259.27
259.21
259.21
259.25
259.13
258.82
258.28
257.63
256.92
256.24
255.63
255.12
254.70
254.37
254.20
254.19
254.33
254.57
254.92
255.36
255.87
256.38
256.89
257.35
257.77
258.12
258.42
258.66
258.82
258.90
258.91
258.87
258.79
258.64
258.42
258.14
257.83
257.51
257.23
257.01
256.86
256.76
256.70
256.78
257.01
257.39
257.84
258.33
258.84
259.36
259.86
260.32
260.74
261.02
261.15
261.12
260.99
260.79
260.48
260.06
259.55
259.00
258.45
258.05
257.82
257.77
257.85
258.03
258.15
258.17
258.07
257.89
257.67
257.42
257.17
256.93
256.71
256.50
256.28
256.06
255.85
255.65
255.64
255.84
256.26
256.80
257.41
257.92
258.28
258.46
258.52
258.47
258.41
258.38
258.39
258.43
258.48
258.58
258.71
258.87
259.04
259.21
259.21
259.02
258.61
258.08
257.49
257.02
256.74
256.65
256.72
256.89
256.99
256.97
256.79
256.52
256.19
255.98
255.93
256.05
256.30
256.48
256.55
256.45
256.26
256.00
255.85
255.84
256.00
256.28
256.62
257.04
257.51
258.04
258.56
259.06
259.43
259.65
259.72
259.68
259.56
259.20
258.61
257.79
256.85
255.88
255.04
254.40
253.99
253.75
253.65
253.68
253.81
254.02
254.27
254.54
254.89
255.31
255.80
256.32
256.83
257.22
257.46
257.56
257.54
257.45
257.52
257.81
258.34
259.02
259.65
260.17
260.52
260.74
260.85
260.70
260.28
259.59
258.76
257.86
257.19
256.82
256.78
256.98
257.33
257.70
258.01
258.23
258.37
258.45
258.48
258.47
258.45
258.40
258.35
258.19
257.90
257.50
257.02
256.53
256.13
255.86
255.73
255.70
255.75
255.88
256.08
256.31
256.57
256.82
257.12
257.45
257.82
258.20
258.56
258.73
258.67
258.39
257.95
257.43
256.97
256.60
256.37
256.24
256.24
256.36
256.59
256.88
257.19
257.46
257.64
257.74
257.77
257.75
257.64
257.45
257.19
256.88
256.57
256.32
256.16
256.09
256.08
256.13
256.19
256.23
256.24
256.24
256.23
256.18
256.10
255.98
255.84
255.70
255.70
255.86
256.20
256.64
257.12
257.51
257.75
257.83
257.79
257.66
257.46
257.20
256.90
256.59
256.28
256.11
256.09
256.23
256.47
256.73
256.95
257.11
257.21
257.27
257.41
257.64
257.98
258.39
258.81
259.09
259.18
259.08
258.85
258.53
258.04
257.38
256.58
255.73
254.87
254.23
253.84
253.74
253.84
254.09
254.36
254.61
254.81
254.95
255.06
255.16
255.26
255.37
255.48
255.59
255.73
255.93
256.18
256.46
256.73
256.88
256.89
256.74
256.49
256.18
255.93
255.77
255.72
255.76
255.95
256.31
256.81
257.38
257.98
258.32
258.34
258.01
257.46
256.79
256.19
255.75
255.51
255.42
255.44
255.46
255.43
255.34
255.20
255.04
254.90
254.79
254.73
254.70
254.69
254.79
254.98
255.28
255.64
256.01
256.41
256.81
257.21
257.59
257.92
258.06
257.96
257.63
257.15
256.59
256.01
255.44
254.91
254.44
254.03
253.95
254.25
254.93
255.83
256.85
257.81
258.64
259.30
259.79
260.13
260.31
260.37
260.34
260.25
260.09
259.88
259.63
259.37
259.12
258.80
258.41
257.96
257.48
257.02
256.66
256.44
256.38
256.41
256.53
256.58
256.53
256.36
256.11
255.83
255.67
255.66
255.84
256.13
256.49
256.63
256.50
256.06
255.43
254.69
254.22
254.11
254.40
254.95
255.66
256.39
257.07
257.65
258.13
258.51
258.83
259.10
259.34
259.55
259.66
259.68
259.60
259.46
259.28
258.93
258.39
257.68
256.87
256.04
255.36
254.85
254.56
254.44
254.43
254.35
254.14
253.78
253.32
252.82
252.53
252.52
252.80
253.27
253.86
254.38
254.79
255.02
255.14
255.16
255.24
255.43
255.76
256.16
256.59
257.03
257.44
257.81
258.13
258.40
258.60
258.72
258.76
258.75
258.71
258.69
258.72
258.81
258.94
259.08
259.23
259.38
259.52
259.64
259.69
259.66
259.55
259.39
259.21
258.93
258.57
258.12
257.65
257.17
256.91
256.90
257.17
257.61
258.16
258.64
259.00
259.20
259.27
259.25
259.23
259.23
259.27
259.33
259.41
259.37
259.17
258.81
258.35
257.85
257.35
256.87
256.44
256.06
255.73
255.47
255.25
255.09
254.97
254.89
254.87
254.90
254.98
255.09
255.21
255.37
255.56
255.76
255.97
256.25
256.61
257.04
257.51
257.96
258.28
258.44
258.42
258.28
258.05
257.87
257.76
257.75
257.81
257.91
257.99
258.02
257.99
257.91
257.81
257.64
257.41
257.12
256.80
256.48
256.18
255.90
255.66
255.46
255.29
255.24
255.31
255.50
255.77
256.08
256.45
256.87
257.34
257.80
258.25
258.55
258.67
258.62
258.44
258.19
257.94
257.75
257.63
257.56
257.65
257.88
258.27
258.74
259.25
259.69
260.05
260.30
260.45
260.54
260.52
260.39
260.18
259.91
259.62
259.55
259.73
260.20
260.83
261.55
262.06
262.26
262.12
261.75
261.24
260.41
259.29
257.90
256.39
254.89
253.71
252.94
252.61
252.62
252.86
253.22
253.64
254.06
254.45
254.81
255.21
255.65
256.14
256.63
257.11
257.40
257.50
257.38
257.11
256.76
256.31
255.80
255.23
254.66
254.28
254.13
254.23
254.51
254.89
255.40
256.02
256.71
257.43
258.13
258.56
258.66
258.44
257.99
257.41
257.00
256.87
257.05
257.44
257.96
258.45
258.87
259.17
259.37
259.50
259.53
259.48
259.37
259.22
259.05
258.90
258.79
258.72
258.69
258.68
258.67
258.63
258.58
258.51
258.43
258.30
258.11
257.87
257.60
257.32
257.06
256.82
256.60
256.42
256.30
256.24
256.23
256.27
256.34
256.47
256.68
256.94
257.24
257.54
257.86
258.18
258.50
258.81
259.09
259.28
259.37
259.36
259.28
259.16
258.96
258.68
258.35
257.99
257.63
257.32
257.07
256.89
256.77
256.70
256.72
256.83
257.02
257.26
257.52
257.73
257.87
257.91
257.90
257.84
257.70
257.48
257.20
256.88
256.56
256.39
256.39
256.58
256.90
257.13
257.21
257.09
256.84
256.51
256.25
256.12
256.12
256.22
256.39
256.51
256.56
256.51
256.39
256.23
256.03
255.79
255.53
255.27
255.01
254.76
254.49
254.23
253.98
253.75
253.58
253.47
253.42
253.41
253.44
253.54
253.72
253.97
254.25
254.54
254.87
255.25
255.66
256.07
256.46
256.85
257.22
257.57
257.90
258.18
258.35
258.38
258.27
258.08
257.83
257.61
257.45
257.37
257.35
257.52
257.91
258.51
259.23
259.98
260.43
260.50
260.14
259.51
258.72
257.86
257.00
256.18
255.44
254.79
254.21
253.70
253.25
252.87
252.56
252.41
252.45
252.67
253.00
253.39
253.88
254.46
255.11
255.77
256.41
257.05
257.68
258.30
258.88
259.40
259.63
259.55
259.14
258.53
257.80
257.23
256.87
256.80
256.91
257.16
257.35
257.42
257.35
257.17
256.93
256.65
256.37
256.11
255.86
255.72
255.70
255.81
256.01
256.25
256.57
256.95
257.38
257.82
258.24
258.58
258.81
258.93
258.97
258.94
258.82
258.61
258.32
258.00
257.66
257.23
256.70
256.08
255.43
254.79
254.43
254.41
254.75
255.32
256.02
256.73
257.37
257.91
258.34
258.68
258.91
259.04
259.07
259.03
258.95
258.85
258.73
258.60
258.49
258.46
258.53
258.72
258.97
259.25
259.41
259.41
259.22
258.92
258.55
258.24
258.02
257.92
257.91
257.95
258.18
258.58
259.15
259.81
260.50
261.06
261.45
261.64
261.69
261.64
261.38
260.92
260.28
259.56
258.80
258.15
257.65
257.31
257.11
257.02
257.04
257.14
257.31
257.52
257.75
258.00
258.27
258.55
258.83
259.08
259.04
258.67
257.94
257.00
256.08
255.27
254.64
254.16
253.81
253.66
253.69
253.89
254.20
254.56
254.92
255.24
255.51
255.72
255.89
256.06
256.26
256.49
256.74
256.97
257.20
257.39
257.57
257.71
257.83
257.84
257.73
257.51
257.23
256.90
256.66
256.52
256.50
256.56
256.69
256.79
256.85
256.84
256.79
256.72
256.60
256.44
256.26
256.06
255.86
255.87
256.11
256.59
257.21
257.91
258.51
258.95
259.21
259.33
259.32
259.20
259.00
258.75
258.48
258.35
258.38
258.60
258.93
259.33
259.54
259.50
259.17
258.67
258.07
257.51
257.05
256.72
256.51
256.39
256.31
256.25
256.19
256.14
256.10
256.15
256.29
256.54
256.84
257.17
257.39
257.47
257.40
257.21
256.97
256.69
256.41
256.13
255.88
255.66
255.62
255.81
256.22
256.76
257.36
257.90
258.32
258.60
258.77
258.87
258.93
258.98
259.01
259.04
259.00
258.89
258.72
258.50
258.27
258.12
258.08
258.15
258.30
258.49
258.60
258.59
258.45
258.22
257.94
257.82
257.93
258.27
258.76
259.34
259.80
260.10
260.19
260.14
259.99
259.78
259.54
259.28
259.04
258.81
258.63
258.52
258.46
258.45
258.47
258.38
258.15
257.77
257.30
256.79
256.32
255.90
255.56
255.29
255.06
254.85
254.66
254.50
254.35
254.45
254.81
255.45
256.24
257.11
257.58
257.54
256.95
256.01
254.86
253.88
253.19
252.85
252.78
252.91
253.19
253.57
254.03
254.50
254.97
255.38
255.71
255.96
256.14
256.26
256.30
256.27
256.18
256.06
255.92
255.77
255.62
255.48
255.36
255.26
255.36
255.69
256.26
256.97
257.73
258.44
259.05
259.52
259.88
260.14
260.21
260.08
259.78
259.36
258.89
258.41
257.94
257.51
257.12
256.93
256.94
257.17
257.53
257.97
258.26
258.32
258.13
257.78
257.34
256.98
256.77
256.74
256.84
257.03
257.21
257.35
257.43
257.47
257.47
257.71
258.24
259.08
260.09
261.17
261.89
262.15
261.89
261.29
260.48
259.54
258.54
257.55
256.61
255.76
255.12
254.72
254.56
254.58
254.72
255.08
255.63
256.36
257.17
257.89
258.45
258.82
259.04
259.14
259.17
259.17
259.16
259.15
259.13
259.08
259.01
258.90
258.77
258.65
258.47
258.24
257.96
257.66
257.36
257.13
256.99
256.94
256.97
257.04
257.06
257.01
256.86
256.66
256.43
256.25
256.13
256.10
256.12
256.18
256.41
256.79
257.34
257.98
258.64
259.17
259.54
259.71
259.74
259.67
259.45
259.10
258.63
258.11
250.82
242.64
234.30
229.72
228.03
228.33
229.97
232.40
235.26
238.27
241.24
244.05
246.60
248.84
250.74
252.32
253.61
254.65
255.45
256.03
256.42
256.62
256.68
256.63
256.51
256.43
256.41
256.48
256.62
256.78
256.91
256.98
256.97
256.92
256.83
256.73
256.61
256.50
256.40
256.30
256.19
256.06
255.92
255.77
255.62
255.67
255.95
256.47
257.13
257.85
258.45
258.85
259.04
259.06
258.99
258.88
258.75
258.62
258.50
258.38
258.28
258.20
258.13
258.07
258.03
258.00
257.97
257.96
257.95
257.79
257.45
256.91
256.28
255.60
255.07
254.74
254.62
254.67
254.83
255.11
255.48
255.94
256.42
256.89
257.42
257.99
258.61
259.22
259.80
260.37
260.95
261.51
262.04
262.51
262.74
262.68
262.34
261.81
261.19
260.69
260.38
260.30
260.39
260.38
260.19
259.78
259.24
258.64
257.96
257.25
256.53
255.83
255.19
254.71
254.39
254.26
254.26
254.36
254.59
254.95
255.42
255.94
256.46
256.89
257.18
257.32
257.35
257.30
257.30
257.39
257.59
257.86
258.17
258.37
258.44
258.36
258.18
257.93
257.50
256.87
256.07
255.18
254.28
253.63
253.31
253.33
253.59
254.02
254.42
254.73
254.91
254.99
248.23
240.50
232.55
228.28
226.82
227.38
229.32
232.11
235.34
238.70
241.99
245.04
247.76
250.11
252.07
253.68
254.98
255.99
256.76
257.31
257.67
257.90
258.00
258.03
257.99
257.85
257.63
257.34
257.01
256.67
256.39
256.21
256.12
256.11
256.14
256.40
256.90
257.62
258.47
259.36
260.10
260.63
260.91
261.00
260.96
260.80
260.56
260.24
259.91
259.57
259.17
258.70
258.18
257.64
257.18
256.82
256.57
256.43
256.35
256.39
256.53
256.76
257.04
257.34
257.77
258.34
259.04
259.80
260.56
261.00
261.07
260.75
260.16
259.41
258.50
257.45
256.32
255.19
254.13
253.34
252.90
252.80
252.96
253.29
253.93
254.86
256.06
257.38
258.71
259.68
260.21
260.24
259.94
259.40
259.04
258.95
259.21
259.71
260.33
260.92
261.38
261.69
261.87
261.71
261.19
260.34
259.30
258.18
257.25
256.60
256.27
256.19
256.28
256.33
256.27
256.05
255.73
255.36
254.95
254.52
254.08
253.66
253.28
253.16
253.33
253.81
254.48
255.24
255.97
256.62
257.15
257.57
257.88
258.08
258.18
258.18
258.12
258.02
258.03
258.18
258.49
258.89
259.34
259.69
259.90
259.95
259.87
259.72
259.42
258.97
258.39
257.75
257.10
256.61
256.33
256.27
256.38
256.57
256.79
257.01
257.22
257.41
257.76
258.30
259.03
259.87
260.73
261.42
261.90
262.14
262.19
262.10
261.91
261.63
261.29
260.93
260.58
260.17
259.69
259.17
258.63
258.11
257.61
257.13
256.68
256.27
255.92
255.65
255.47
255.37
255.33
255.34
255.60
256.12
256.91
257.84
258.82
259.52
259.84
259.76
259.40
258.85
258.24
257.62
257.05
256.54
256.18
255.98
255.95
256.04
256.21
256.32
256.32
256.20
256.00
255.75
255.64
255.72
256.00
256.41
256.89
257.26
257.47
257.48
257.35
257.14
256.82
256.42
255.96
255.48
255.01
254.76
254.77
255.06
255.52
256.09
256.53
256.79
256.82
256.69
256.46
256.27
256.18
256.21
256.33
256.50
256.70
256.91
257.12
257.31
257.48
257.73
258.09
258.54
259.05
259.59
260.13
260.67
261.17
261.62
261.82
261.74
261.38
260.84
260.20
259.61
259.13
258.78
258.55
258.41
258.45
258.67
259.05
259.53
260.06
260.36
260.40
260.14
259.68
259.11
258.41
257.62
256.76
255.91
255.10
254.50
254.15
254.05
254.14
254.36
254.76
255.32
256.02
256.77
257.53
258.11
258.47
258.59
258.54
258.36
258.17
258.00
257.88
257.80
257.76
257.79
257.91
258.10
258.34
258.54
258.68
258.74
258.74
258.71
258.59
258.39
258.13
257.83
257.52
257.28
257.12
257.06
257.06
257.12
257.09
256.97
256.72
256.40
256.05
255.67
255.27
254.87
254.49
254.14
254.00
254.09
254.41
254.88
255.43
255.93
256.32
256.58
256.73
256.79
256.82
256.84
256.86
256.88
256.91
257.01
257.20
257.48
257.81
258.16
258.53
258.91
259.29
259.64
259.75
259.57
259.10
258.44
257.68
257.07
256.66
256.50
256.52
256.66
256.81
256.91
256.93
256.90
256.83
256.70
256.54
256.34
256.14
255.93
255.81
255.81
255.92
256.11
256.35
256.50
256.52
256.40
256.19
255.92
255.82
255.93
256.28
256.78
257.35
257.82
258.11
258.20
258.15
258.00
257.89
257.88
257.98
258.16
258.39
258.60
258.79
258.93
259.03
259.16
259.32
259.52
259.74
259.96
260.14
260.28
260.36
260.39
260.40
260.27
260.01
259.61
259.14
258.64
258.29
258.11
258.15
258.32
258.59
258.88
259.15
259.39
259.59
259.75
259.85
259.89
259.87
259.81
259.72
259.60
259.44
259.25
259.05
258.85
258.88
259.18
259.75
260.48
261.29
262.01
262.56
262.92
263.12
263.20
263.08
262.79
262.32
261.77
261.17
260.64
260.21
259.90
259.68
259.47
259.23
258.94
258.63
258.33
257.94
257.46
256.88
256.27
255.67
255.23
255.01
255.02
255.18
255.44
255.87
256.45
257.15
257.90
258.64
259.13
259.30
259.14
258.75
258.23
257.61
256.94
256.26
255.61
255.02
254.70
254.72
255.06
255.62
256.30
256.81
257.07
257.04
256.80
256.43
256.28
256.44
256.96
257.70
258.55
259.23
259.64
259.73
259.59
259.25
258.76
258.16
257.52
256.88
256.41
256.16
256.13
256.26
256.50
256.67
256.71
256.60
256.38
256.10
255.89
255.81
255.87
256.03
256.24
256.62
257.16
257.85
258.61
259.37
260.00
260.43
260.67
260.74
260.70
260.58
260.41
260.21
260.01
259.82
259.61
259.39
259.17
258.95
258.74
258.53
258.31
258.09
257.88
257.68
257.51
257.36
257.23
257.14
257.14
257.25
257.48
257.78
258.10
258.51
259.00
259.55
260.13
260.68
261.11
261.40
261.52
261.53
261.45
261.21
260.82
260.29
259.68
259.07
258.57
258.25
258.12
258.13
258.23
258.27
258.19
257.96
257.64
257.27
257.06
257.04
257.23
257.57
257.99
258.42
258.82
259.16
259.45
259.68
259.96
260.32
260.77
261.26
261.75
262.08
262.21
262.13
261.91
261.60
261.13
260.54
259.82
259.06
258.47
258.11
258.02
258.11
258.33
258.68
259.13
259.65
260.19
260.73
261.03
261.07
260.83
260.40
259.87
259.26
258.62
257.97
257.36
256.81
256.41
256.17
256.10
256.15
256.29
256.48
256.69
256.91
257.12
257.31
257.54
257.81
258.11
258.42
258.72
259.01
259.26
259.47
259.65
259.79
259.72
259.40
258.84
258.13
257.36
256.72
256.27
256.05
256.00
256.23
256.73
257.47
258.33
259.24
260.03
260.63
261.02
261.24
261.32
261.18
260.81
260.25
259.57
258.85
258.12
257.39
256.71
256.08
255.53
255.19
255.10
255.24
255.54
255.93
256.32
256.65
256.91
257.09
257.21
257.21
257.07
256.81
256.48
256.12
255.75
255.40
255.07
254.79
254.55
254.46
254.53
254.77
255.11
255.50
256.01
256.64
257.37
258.12
258.83
259.46
259.98
260.40
260.73
260.84
260.72
260.39
259.92
259.39
258.72
257.95
257.09
256.22
255.38
254.80
254.52
254.57
254.84
255.25
255.60
255.83
255.90
255.84
255.70
255.70
255.89
256.29
256.83
257.43
257.83
257.95
257.78
257.40
256.90
256.55
256.44
256.61
256.96
257.42
257.85
258.21
258.44
258.59
258.65
258.69
258.72
258.76
258.80
258.84
258.71
258.40
257.89
257.27
256.85
256.71
256.90
257.30
257.83
258.27
258.53
258.58
258.48
258.28
257.93
257.46
256.90
256.30
255.70
255.32
255.21
255.39
255.76
256.25
256.82
257.43
258.05
258.64
259.18
259.57
259.81
259.87
259.82
259.69
259.39
258.96
258.38
257.75
257.10
256.62
256.34
256.28
256.39
256.61
256.81
256.94
256.99
256.97
256.90
256.86
256.86
256.93
257.03
257.02
256.87
256.55
256.14
255.68
255.35
255.20
255.24
255.41
255.68
256.04
256.47
256.97
257.48
257.97
258.26
258.32
258.13
257.78
257.33
256.94
256.67
256.56
256.55
256.63
256.62
256.48
256.21
255.84
255.43
255.09
254.87
254.77
254.76
254.83
255.12
255.66
256.42
257.31
258.24
258.88
259.14
259.00
258.58
257.99
257.44
257.02
256.78
256.67
256.70
256.82
257.03
257.28
257.54
257.73
257.81
257.76
257.64
257.46
257.21
256.89
256.51
256.11
255.71
255.48
255.44
255.60
255.89
256.26
256.62
256.91
257.12
257.27
257.35
257.42
257.48
257.56
257.63
257.70
257.74
257.75
257.71
257.64
257.56
257.50
257.47
257.48
257.52
257.57
257.65
257.77
257.92
258.08
258.24
258.34
258.37
258.31
258.20
258.06
257.88
257.67
257.43
257.18
257.03
256.99
257.06
257.22
257.43
257.66
257.89
258.11
258.31
258.49
258.64
258.77
258.87
258.95
259.01
258.99
258.90
258.74
258.53
258.30
258.02
257.69
257.31
256.92
256.55
256.23
255.98
255.81
255.70
255.63
255.56
255.45
255.29
255.11
254.93
254.78
254.67
254.61
254.59
254.60
254.76
255.09
255.58
256.16
256.77
257.34
257.85
258.26
258.59
258.82
258.95
258.99
258.96
258.89
258.93
259.11
259.44
259.86
260.33
260.61
260.65
260.43
260.05
259.56
259.13
258.82
258.67
258.64
258.69
258.71
258.68
258.56
258.40
258.21
258.01
257.82
257.64
257.48
257.34
257.28
257.31
257.41
257.57
257.76
257.85
257.81
257.64
257.38
257.06
256.87
256.83
256.98
257.24
257.57
257.83
257.96
257.95
257.84
257.82
257.95
258.26
258.68
259.15
259.60
260.01
260.35
260.62
260.83
260.83
260.59
260.13
259.53
258.87
258.15
257.39
256.63
255.90
255.23
254.75
254.48
254.43
254.53
254.73
255.05
255.45
255.93
256.42
256.91
257.39
257.85
258.29
258.69
259.04
259.23
259.24
259.08
258.80
258.45
258.27
258.30
258.57
259.00
259.51
260.00
260.43
260.76
261.00
261.17
261.28
261.34
261.37
261.37
261.19
260.81
260.23
259.55
258.83
258.15
257.54
257.03
256.62
256.30
255.95
255.55
255.08
254.58
254.10
253.73
253.49
253.41
253.44
253.54
253.69
253.87
254.05
254.23
254.39
254.46
254.42
254.26
254.03
253.76
253.58
253.53
253.63
253.82
254.08
254.38
254.73
255.09
255.44
255.77
255.99
256.08
256.03
255.88
255.68
255.56
255.55
255.67
255.88
256.23
256.68
257.23
257.82
258.40
258.70
258.68
258.31
257.71
256.98
256.24
255.53
254.89
254.35
253.89
253.66
253.66
253.90
254.28
254.75
255.17
255.49
255.70
255.80
255.83
255.78
255.66
255.49
255.29
255.09
254.91
254.77
254.69
254.65
254.64
254.92
255.52
256.45
257.56
258.73
259.78
260.64
261.26
261.68
261.93
261.96
261.76
261.37
260.86
260.30
259.73
259.19
258.69
258.25
257.84
257.48
257.14
256.85
256.59
256.54
256.72
257.13
257.67
258.29
258.83
259.27
259.56
259.73
259.81
259.80
259.71
259.55
259.36
259.15
258.92
258.67
258.40
258.14
257.89
257.70
257.57
257.50
257.48
257.49
257.55
257.66
257.81
257.97
258.15
258.18
258.05
257.74
257.32
256.85
256.50
256.32
256.34
256.50
256.74
257.14
257.68
258.34
259.05
259.68
260.18
260.52
260.73
260.84
260.95
261.10
261.30
261.54
261.78
261.75
261.39
260.69
259.79
258.80
258.03
257.59
257.51
257.70
258.06
258.33
258.44
258.34
258.08
257.74
257.46
257.29
257.27
257.34
257.48
257.66
257.86
258.06
258.25
258.42
258.63
258.87
259.16
259.46
259.75
259.78
259.50
258.91
258.13
257.25
256.35
255.49
254.70
254.01
253.52
253.25
253.21
253.34
253.56
253.99
254.59
255.36
256.20
257.04
257.66
257.99
258.01
257.80
257.46
257.11
256.83
256.63
256.52
256.46
256.42
256.39
256.34
256.29
256.24
256.17
256.07
255.94
255.80
255.66
255.58
255.57
255.64
255.76
255.92
256.05
256.16
256.23
256.26
256.27
256.29
256.33
256.39
256.47
256.55
256.60
256.62
256.60
256.56
256.50
256.48
256.52
256.63
256.78
256.87
256.87
256.78
256.61
256.41
256.14
255.81
255.43
255.03
254.65
254.42
254.39
254.56
254.86
255.24
255.55
255.73
255.77
255.70
255.56
255.54
255.69
256.02
256.46
256.96
257.42
257.80
258.08
258.27
258.39
258.50
258.64
258.81
258.99
259.17
259.37
259.58
259.80
260.02
260.23
260.15
259.74
258.98
258.03
256.98
256.17
255.68
255.58
255.74
256.13
256.69
257.37
258.09
258.81
259.40
259.83
260.09
260.22
260.24
260.19
260.09
259.96
259.82
259.68
259.35
258.83
258.09
257.25
256.39
255.73
255.35
255.28
255.43
255.72
256.03
256.28
256.44
256.53
256.56
256.69
256.94
257.34
257.81
258.31
258.64
258.76
258.65
258.37
258.00
257.73
257.65
257.76
258.02
258.35
258.63
258.78
258.80
258.71
258.53
258.29
257.99
257.68
257.37
257.16
257.07
257.11
257.24
257.43
257.69
258.03
258.42
258.84
259.25
259.60
259.88
260.08
260.22
260.31
260.27
260.11
259.83
259.48
259.11
258.73
258.38
258.05
257.77
257.53
257.34
257.18
257.06
256.97
256.92
256.83
256.69
256.51
256.30
256.08
255.98
256.01
256.20
256.48
256.81
257.10
257.33
257.47
257.55
257.57
257.50
257.35
257.11
256.84
256.60
256.43
256.34
256.31
256.33
256.40
256.53
256.69
256.88
257.07
257.23
257.34
257.40
257.42
257.41
257.38
257.34
257.30
257.25
257.20
257.08
256.87
256.57
256.22
255.85
255.58
255.43
255.40
255.47
255.60
255.84
256.20
256.65
257.15
257.65
258.17
258.72
259.28
259.82
260.31
260.54
260.45
260.04
259.44
258.72
258.05
257.48
257.05
256.75
256.61
256.61
256.74
256.95
257.21
257.46
257.67
257.84
257.97
258.06
258.15
258.24
258.35
258.46
258.56
258.69
258.83
258.99
259.16
259.32
259.47
259.61
259.72
259.82
259.89
260.03
260.25
260.55
260.89
261.24
261.34
261.14
260.61
259.89
259.07
258.34
257.75
257.35
257.10
256.98
256.97
257.06
257.23
257.44
257.67
257.96
258.30
258.68
259.07
259.45
259.82
260.18
260.54
260.86
261.02
260.98
260.74
260.37
259.93
259.63
259.52
259.62
259.88
260.23
260.48
260.60
260.54
260.36
260.11
259.72
259.19
258.54
257.84
257.15
256.41
255.65
254.87
254.11
253.41
252.88
252.52
252.35
252.32
252.39
252.68
253.20
253.92
254.76
255.62
256.46
257.24
257.93
258.53
259.02
259.32
259.40
259.27
259.01
258.67
258.36
258.14
258.04
258.01
258.02
258.04
258.05
258.06
258.06
258.03
257.96
257.87
257.76
257.64
257.55
257.49
257.48
257.50
257.54