127.27
127.32
127.29
127.20
127.07
126.95
126.85
126.79
126.76
126.75
126.74
126.70
126.63
126.55
126.47
126.38
126.30
126.23
126.17
126.09
125.99
125.86
125.73
125.60
125.50
125.45
125.44
125.46
125.51
125.56
125.63
125.69
125.76
125.81
125.89
125.99
126.11
126.25
126.38
126.51
126.62
126.72
126.81
126.88
126.99
127.15
127.36
127.59
127.83
127.95
127.94
127.77
127.50
127.18
126.84
126.50
126.18
125.90
125.65
125.44
125.27
125.14
125.04
124.97
124.94
124.97
125.04
125.15
125.27
125.39
125.51
125.61
125.71
125.77
125.78
125.75
125.68
125.60
125.49
125.34
125.17
124.98
124.80
124.71
124.73
124.86
125.07
125.32
125.59
125.85
126.09
126.31
126.50
126.58
126.54
126.38
126.13
125.85
125.68
125.68
125.85
126.14
126.50
126.80
127.01
127.11
127.11
127.06
126.88
126.59
126.20
125.75
125.29
124.84
124.43
124.07
123.75
123.50
123.37
123.38
123.53
123.76
124.05
124.32
124.57
124.76
124.91
125.15
125.52
126.01
126.57
127.14
127.59
127.88
127.97
127.94
127.81
127.67
127.57
127.52
127.51
127.53
127.52
127.45
127.33
127.17
127.00
126.75
126.41
125.99
125.53
125.08
124.65
124.26
123.92
123.63
123.40
123.27
123.24
123.31
123.46
123.64
123.87
124.13
124.41
124.69
124.96
125.23
125.50
125.77
126.03
126.26
126.46
126.63
126.77
126.88
126.96
127.02
127.06
127.09
127.10
127.08
127.02
126.92
126.80
126.68
126.61
126.61
126.68
126.80
126.95
127.06
127.10
127.08
127.00
126.89
126.74
126.56
126.35
126.13
125.91
125.74
125.62
125.55
125.53
125.54
125.63
125.79
126.02
126.28
126.56
126.76
126.84
126.80
126.67
126.49
126.26
125.99
125.70
125.40
125.12
124.94
124.88
124.96
125.12
125.33
125.60
125.90
126.22
126.54
126.85
127.10
127.28
127.39
127.45
127.36
127.11
126.72
126.25
125.75
125.35
125.11
125.04
125.10
125.24
125.35
125.40
125.36
125.26
125.12
125.07
125.14
125.34
125.62
125.95
126.26
126.53
126.74
126.91
127.03
127.06
126.99
126.84
126.64
126.41
126.15
125.86
125.56
125.27
124.99
124.77
124.62
124.53
124.50
124.50
124.58
124.74
124.97
125.24
125.53
125.72
125.81
125.78
125.65
125.48
125.34
125.24
125.22
125.24
125.30
125.38
125.46
125.55
125.64
125.75
125.88
126.03
126.18
126.34
126.40
126.36
126.20
125.97
125.71
125.51
125.41
125.43
125.52
125.67
125.82
125.94
126.03
126.09
126.13
126.23
126.41
126.67
126.98
127.31
127.54
127.67
127.67
127.58
127.43
127.30
127.22
127.21
127.24
127.31
127.33
127.31
127.22
127.10
126.95
126.82
126.73
126.68
126.66
126.66
126.63
126.55
126.41
126.24
126.05
125.89
125.77
125.69
125.66
125.65
125.67
125.70
125.73
125.77
125.89
126.10
126.40
126.75
127.12
127.40
127.56
127.58
127.52
127.39
127.20
126.97
126.69
126.41
126.14
125.92
125.75
125.65
125.59
125.58
125.64
125.79
126.01
126.27
126.54
126.73
126.81
126.77
126.65
126.48
126.22
125.90
125.52
125.11
124.72
124.54
124.61
124.95
125.45
126.05
126.58
126.96
127.19
127.28
127.27
127.18
127.01
126.78
126.52
126.26
126.01
125.79
125.58
125.41
125.24
125.07
124.89
124.72
124.56
124.52
124.63
124.89
125.23
125.62
126.02
126.41
126.77
127.08
127.35
127.52
127.59
127.55
127.44
127.28
127.08
126.84
126.57
126.30
126.04
125.80
125.60
125.42
125.27
125.15
125.03
124.91
124.77
124.64
124.51
124.47
124.54
124.72
124.97
125.25
125.51
125.74
125.91
126.03
126.12
126.31
126.62
127.08
127.61
128.00
128.19
128.16
127.96
127.67
127.40
127.21
127.11
127.09
127.13
127.14
127.12
127.05
126.94
126.81
126.68
126.55
126.43
126.32
126.23
126.18
126.18
126.22
126.29
126.37
126.47
126.56
126.65
126.74
126.81
126.89
127.00
127.13
127.26
127.40
127.47
127.47
127.39
127.26
127.10
126.85
126.51
126.09
125.62
125.16
124.74
124.40
124.14
123.94
123.81
123.68
123.52
123.33
123.12
122.97
122.90
122.90
122.96
123.06
123.21
123.39
123.61
123.83
124.05
124.26
124.44
124.60
124.73
124.84
124.92
124.99
125.03
125.06
125.08
125.11
125.17
125.26
125.36
125.46
125.62
125.83
126.09
126.37
126.66
126.80
126.76
126.54
126.19
125.77
125.36
124.98
124.67
124.41
124.21
124.16
124.28
124.57
124.95
125.38
125.77
126.08
126.29
126.43
126.50
126.55
126.59
126.65
126.70
126.76
126.81
126.86
126.90
126.93
126.85
126.64
126.30
125.89
125.44
125.11
124.92
124.90
125.00
125.17
125.31
125.38
125.36
125.27
125.13
125.06
125.07
125.19
125.36
125.57
125.82
126.10
126.40
126.69
126.97
127.22
127.43
127.61
127.76
127.88
127.86
127.69
127.38
126.98
126.54
126.15
125.84
125.63
125.51
125.44
125.35
125.20
124.98
124.71
124.44
124.28
124.25
124.38
124.62
124.91
125.25
125.62
126.01
126.39
126.61
126.63
126.46
126.15
125.77
125.51
125.44
125.58
125.86
126.22
126.46
126.53
126.39
126.11
125.74
125.45
125.27
125.24
125.31
125.45
125.63
125.83
126.04
126.23
126.41
126.54
126.61
126.63
126.61
126.56
126.56
126.60
126.70
126.85
127.01
127.10
127.08
126.97
126.78
126.55
126.36
126.24
126.19
126.20
126.25
126.33
126.41
126.51
126.60
126.69
126.68
126.58
126.37
126.09
125.81
125.56
125.36
125.19
125.07
124.98
124.91
124.87
124.85
124.85
125.01
125.37
125.91
126.57
127.27
127.82
128.18
128.32
128.29
128.14
127.93
127.67
127.41
127.15
126.90
126.63
126.32
125.98
125.64
125.31
125.09
125.00
125.04
125.18
125.37
125.62
125.90
126.22
126.53
126.83
127.05
127.18
127.20
127.15
127.06
126.99
126.97
127.01
127.09
127.19
127.20
127.09
126.85
126.53
126.22
125.97
125.79
125.68
125.62
125.57
125.52
125.45
125.38
125.31
125.28
125.27
125.31
125.38
125.45
125.59
125.79
126.05
126.33
126.62
126.87
127.06
127.20
127.28
127.32
127.28
127.16
126.96
126.71
126.45
126.18
125.94
125.71
125.52
125.36
125.30
125.37
125.55
125.82
126.12
126.32
126.39
126.32
126.14
125.90
125.68
125.52
125.44
125.40
125.41
125.45
125.51
125.57
125.64
125.71
125.77
125.83
125.88
125.92
125.92
125.89
125.82
125.73
125.63
125.49
125.33
125.15
124.96
124.78
124.66
124.62
124.67
124.77
124.91
125.12
125.39
125.73
126.08
126.43
126.73
126.97
127.14
127.25
127.32
127.24
127.01
126.64
126.18
125.69
125.31
125.08
125.02
125.09
125.23
125.41
125.57
125.71
125.82
125.91
126.03
126.19
126.40
126.64
126.87
126.99
126.97
126.79
126.52
126.20
125.93
125.76
125.71
125.74
125.86
126.04
126.27
126.53
126.79
126.95
127.00
126.93
126.78
126.58
126.38
126.20
126.07
125.98
125.91
125.89
125.93
126.01
126.12
126.25
126.37
126.50
126.61
126.71
126.79
126.79
126.67
126.45
126.16
125.84
125.58
125.38
125.28
125.25
125.27
125.35
125.48
125.65
125.84
126.04
126.15
126.15
126.04
125.85
125.62
125.45
125.37
125.41
125.52
125.67
125.83
125.96
126.05
126.11
126.07
125.92
125.65
125.33
124.97
124.70
124.54
124.50
124.56
124.67
124.77
124.83
124.82
124.77
124.70
124.71
124.85
125.11
125.45
125.82
126.17
126.48
126.72
126.90
127.04
127.16
127.27
127.39
127.51
127.61
127.55
127.29
126.82
126.24
125.60
125.04
124.61
124.33
124.17
124.10
124.15
124.31
124.57
124.88
125.21
125.54
125.85
126.12
126.36
126.57
126.76
126.95
127.14
127.31
127.42
127.45
127.39
127.27
127.12
126.88
126.54
126.11
125.65
125.18
124.82
124.58
124.50
124.52
124.61
124.75
124.91
125.09
125.26
125.42
125.51
125.51
125.44
125.31
125.15
124.95
124.72
124.46
124.21
123.96
123.82
123.80
123.90
124.08
124.31
124.56
124.82
125.06
125.28
125.47
125.63
125.77
125.87
125.95
126.01
126.05
126.08
126.09
126.10
126.10
126.04
125.91
125.72
125.50
125.34
125.28
125.33
125.45
125.62
125.81
126.01
126.20
126.38
126.54
126.62
126.62
126.53
126.38
126.21
125.97
125.67
125.32
124.94
124.58
124.32
124.19
124.19
124.29
124.45
124.68
124.94
125.24
125.54
125.83
126.07
126.25
126.36
126.42
126.44
126.43
126.40
126.35
126.31
126.25
126.18
126.08
125.95
125.81
125.66
125.58
125.57
125.64
125.77
125.92
126.05
126.16
126.23
126.26
126.27
126.29
126.33
126.39
126.47
126.44
126.29
126.01
125.66
125.27
124.98
124.83
124.84
124.96
125.16
125.34
125.48
125.55
125.57
125.55
125.59
125.71
125.91
126.16
126.44
126.64
126.73
126.70
126.59
126.43
126.21
125.95
125.67
125.38
125.10
124.93
124.88
124.96
125.12
125.34
125.50
125.57
125.54
125.43
125.28
125.21
125.26
125.44
125.70
126.01
126.25
126.40
126.42
126.36
126.25
126.05
125.77
125.43
125.06
124.77
124.60
124.55
124.59
124.70
124.97
125.42
126.04
126.73
127.45
128.00
128.35
128.47
128.43
128.26
128.05
127.84
127.64
127.47
127.32
127.26
127.28
127.38
127.55
127.74
127.80
127.71
127.45
127.09
126.66
126.30
126.05
125.92
125.89
125.93
125.99
126.04
126.07
126.10
126.11
126.13
126.19
126.27
126.36
126.46
126.45
126.32
126.05
125.69
125.30
124.93
124.61
124.35
124.15
124.08
124.15
124.35
124.63
124.95
125.26
125.53
125.75
125.91
126.03
126.09
126.08
126.02
125.92
125.80
125.76
125.81
125.96
126.17
126.42
126.68
126.93
127.16
127.37
127.55
127.70
127.82
127.92
127.99
128.04
127.94
127.67
127.23
126.70
126.13
125.64
125.28
125.06
124.96
124.95
124.99
125.08
125.19
125.31
125.43
125.52
125.57
125.57
125.54
125.49
125.46
125.45
125.47
125.52
125.55
125.55
125.53
125.48
125.42
125.36
125.30
125.24
125.18
125.13
125.09
125.06
125.03
125.01
125.00
124.96
124.90
124.80
124.70
124.58
124.45
124.29
124.11
123.92
123.74
123.65
123.68
123.82
124.04
124.29
124.59
124.92
125.25
125.58
125.89
126.17
126.40
126.60
126.76
126.89
126.93
126.88
126.74
126.56
126.34
126.07
125.74
125.36
124.97
124.59
124.32
124.18
124.18
124.28
124.44
124.74
125.18
125.74
126.37
126.87
127.18
127.29
127.24
127.08
126.81
126.44
126.00
125.53
125.07
124.74
124.57
124.59
124.73
124.95
125.18
125.41
125.59
125.75
125.87
126.04
126.28
126.59
126.94
127.29
127.53
127.61
127.52
127.33
127.07
126.81
126.56
126.36
126.20
126.08
126.02
126.01
126.06
126.14
126.25
126.36
126.48
126.58
126.68
126.77
126.84
126.90
126.95
126.98
127.01
126.92
126.70
126.35
125.92
125.66
125.61
125.81
126.17
126.63
127.08
127.47
127.77
128.00
128.15
128.23
128.23
128.16
128.06
127.92
127.70
127.39
126.99
126.55
126.10
125.73
125.46
125.30
125.22
125.21
125.24
125.31
125.39
125.48
125.57
125.66
125.74
125.81
125.87
125.91
125.98
126.07
126.18
126.30
126.42
126.59
126.81
127.09
127.38
127.67
127.87
127.94
127.89
127.76
127.57
127.30
126.96
126.56
126.15
125.74
125.37
125.03
124.74
124.49
124.30
124.14
124.03
123.94
123.89
123.88
123.93
124.01
124.13
124.25
124.41
124.59
124.79
125.00
125.19
125.38
125.54
125.67
125.79
125.88
126.03
126.25
126.56
126.90
127.25
127.54
127.74
127.84
127.87
127.84
127.75
127.60
127.41
127.21
127.00
126.77
126.53
126.28
126.04
125.81
125.58
125.35
125.12
124.89
124.69
124.61
124.69
124.92
125.25
125.57
125.84
126.05
126.18
126.27
126.35
126.42
126.50
126.59
126.67
126.74
126.81
126.86
126.91
126.95
126.92
126.83
126.67
126.46
126.24
125.97
125.64
125.28
124.90
124.53
124.27
124.14
124.15
124.25
124.42
124.62
124.84
125.05
125.25
125.43
125.53
125.55
125.48
125.35
125.19
125.12
125.17
125.36
125.63
125.95
126.25
126.52
126.73
126.90
127.02
127.05
126.99
126.84
126.63
126.48
126.42
126.46
126.57
126.72
126.82
126.83
126.74
126.58
126.39
126.12
125.80
125.42
125.03
124.64
124.37
124.22
124.21
124.30
124.46
124.73
125.10
125.58
126.09
126.61
127.02
127.29
127.41
127.42
127.35
127.26
127.17
127.09
127.04
126.99
126.91
126.78
126.59
126.37
126.15
125.98
125.89
125.89
125.95
126.04
126.08
126.04
125.90
125.70
125.47
125.36
125.41
125.64
125.98
126.38
126.72
126.96
127.08
127.10
127.06
126.97
126.86
126.74
126.61
126.52
126.46
126.45
126.48
126.52
126.55
126.55
126.53
126.48
126.42
126.41
126.46
126.58
126.74
126.92
127.07
127.19
127.27
127.30
127.31
127.36
127.45
127.59
127.77
127.96
128.13
128.25
128.32
128.35
128.35
128.26
128.06
127.75
127.39
127.01
126.64
126.29
125.97
125.70
125.47
125.29
125.14
125.03
124.96
124.90
124.95
125.11
125.37
125.70
126.00
126.23
126.38
126.47
126.51
126.64
126.90
127.30
127.78
128.28
128.65
128.83
128.81
128.64
128.39
128.05
127.67
127.25
126.84
126.46
126.08
125.72
125.38
125.06
124.79
124.58
124.44
124.37
124.36
124.38
124.41
124.42
124.40
124.37
124.32
124.38
124.57
124.88
125.26
125.68
126.01
126.23
126.32
126.31
126.24
126.15
126.06
126.00
125.95
125.92
125.96
126.07
126.25
126.47
126.68
126.85
126.99
127.08
127.14
127.15
127.11
127.02
126.90
126.77
126.69
126.68
126.74
126.85
126.99
127.09
127.13
127.09
127.01
126.90
126.75
126.56
126.34
126.12
125.91
125.65
125.36
125.03
124.69
124.36
124.11
123.96
123.90
123.93
124.00
124.16
124.39
124.70
125.03
125.37
125.70
126.00
126.26
126.48
126.67
126.81
126.93
127.01
127.07
127.10
127.12
127.13
127.13
127.12
127.14
127.18
127.25
127.35
127.44
127.54
127.64
127.72
127.80
127.86
127.83
127.70
127.46
127.17
126.84
126.52
126.21
125.93
125.68
125.47
125.27
125.08
124.88
124.70
124.54
124.44
124.44
124.52
124.65
124.82
125.05
125.34
125.69
126.06
126.42
126.70
126.89
126.98
126.98
126.94
126.85
126.75
126.64
126.52
126.42
126.32
126.23
126.16
126.10
126.05
125.97
125.82
125.63
125.40
125.17
125.00
124.91
124.90
124.95
125.13
125.41
125.81
126.26
126.72
127.08
127.32
127.41
127.41
127.32
127.12
126.79
126.36
125.88
125.39
125.02
124.82
124.79
124.89
125.07
125.36
125.73
126.16
126.61
127.06
127.42
127.68
127.83
127.88
127.88
127.77
127.58
127.30
126.99
126.66
126.31
125.96
125.61
125.28
124.98
124.77
124.66
124.66
124.72
124.84
124.98
125.14
125.29
125.44
125.57
125.77
126.04
126.39
126.77
127.10
127.36
127.52
127.60
127.63
127.59
127.49
127.34
127.16
126.98
126.82
126.71
126.64
126.62
126.62
126.59
126.51
126.37
126.20
126.02
125.89
125.83
125.85
125.93
126.04
126.12
126.14
126.09
126.00
125.88
125.78
125.71
125.67
125.66
125.68
125.70
125.74
125.77
125.81
125.85
125.86
125.83
125.77
125.68
125.59
125.54
125.56
125.65
125.79
125.95
126.11
126.28
126.43
126.57
126.69
126.79
126.87
126.94
126.99
127.02
127.04
127.06
127.06
127.07
127.06
127.06
127.05
127.04
127.04
127.06
127.11
127.19
127.29
127.40
127.54
127.70
127.88
128.06
128.25
128.36
128.39
128.34
128.24
128.09
127.88
127.61
127.28
126.92
126.57
126.29
126.11
126.03
126.03
126.07
126.10
126.09
126.03
125.93
125.81
125.68
125.55
125.43
125.33
125.24
125.16
125.10
125.05
125.01
125.04
125.14
125.30
125.51
125.74
125.96
126.18
126.37
126.54
126.68
126.77
126.81
126.79
126.74
126.66
126.54
126.39
126.21
126.02
125.83
125.66
125.50
125.36
125.24
125.15
125.08
125.02
124.98
124.95
124.94
125.01
125.18
125.45
125.77
126.12
126.47
126.79
127.08
127.33
127.55
127.72
127.86
127.96
128.03
128.08
128.01
127.79
127.44
127.01
126.55
126.17
125.90
125.78
125.76
125.81
125.83
125.78
125.66
125.48
125.36
125.32
125.38
125.51
125.68
125.79
125.81
125.73
125.58
125.39
125.24
125.14
125.12
125.16
125.23
125.34
125.50
125.69
125.89
126.09
126.28
126.45
126.60
126.73
126.83
126.89
126.89
126.85
126.77
126.67
126.52
126.30
126.03
125.72
125.42
125.21
125.12
125.16
125.28
125.46
125.59
125.63
125.58
125.45
125.29
125.16
125.09
125.08
125.13
125.21
125.33
125.50
125.69
125.90
126.08
126.21
126.29
126.33
126.34
126.39
126.48
126.62
126.80
126.98
127.09
127.09
126.98
126.80
126.57
126.47
126.51
126.73
127.06
127.45
127.80
128.09
128.28
128.40
128.47
128.51
128.56
128.62
128.67
128.73
128.66
128.42
128.02
127.52
126.98
126.56
126.28
126.18
126.20
126.32
126.43
126.52
126.55
126.54
126.51
126.46
126.40
126.34
126.27
126.21
126.22
126.28
126.43
126.61
126.78
126.93
127.04
127.11
127.16
127.13
127.02
126.84
126.61
126.36
126.20
126.14
126.20
126.34
126.52
126.73
126.94
127.15
127.34
127.51
127.55
127.44
127.18
126.82
126.43
126.04
125.71
125.43
125.22
125.06
124.97
124.94
124.99
125.07
125.18
125.32
125.50
125.71
125.92
126.13
126.32
126.49
126.64
126.76
126.86
126.88
126.82
126.69
126.50
126.29
126.13
126.03
126.02
126.06
126.11
126.16
126.18
126.19
126.18
126.17
126.15
126.13
126.11
126.09
126.09
126.13
126.21
126.30
126.41
126.54
126.69
126.87
127.06
127.24
127.33
127.30
127.16
126.95
126.70
126.40
126.08
125.74
125.41
125.11
124.91
124.85
124.92
125.08
125.29
125.46
125.53
125.50
125.40
125.26
125.14
125.08
125.08
125.14
125.22
125.35
125.51
125.71
125.91
126.11
126.22
126.22
126.10
125.90
125.74
125.66
125.67
125.75
125.87
125.97
126.01
125.98
125.91
125.81
125.70
125.58
125.47
125.37
125.28
125.14
124.96
124.73
124.47
124.22
124.11
124.17
124.42
124.78
125.21
125.61
125.93
126.16
126.32
126.41
126.42
126.37
126.26
126.12
125.96
125.82
125.72
125.66
125.64
125.65
125.72
125.87
126.09
126.34
126.61
126.79
126.86
126.81
126.68
126.50
126.29
126.08
125.87
125.68
125.51
125.41
125.41
125.49
125.62
125.77
125.89
125.99
126.05
126.10
126.20
126.39
126.65
126.97
127.30
127.54
127.66
127.66
127.57
127.43
127.25
127.06
126.87
126.69
126.52
126.51
126.68
127.03
127.48
127.99
128.37
128.58
128.59
128.46
128.23
127.85
127.32
126.67
125.96
125.25
124.69
124.31
124.14
124.11
124.20
124.27
124.30
124.25
124.14
124.01
123.94
123.97
124.09
124.28
124.50
124.77
125.06
125.37
125.67
125.90
126.04
126.08
126.05
125.98
125.87
125.75
125.63
125.51
125.39
125.32
125.29
125.31
125.36
125.43
125.40
125.25
124.98
124.62
124.23
123.92
123.72
123.65
123.67
123.76
123.91
124.12
124.36
124.62
124.88
125.14
125.41
125.69
125.95
126.19
126.30
126.25
126.04
125.73
125.37
125.04
124.78
124.62
124.52
124.47
124.50
124.58
124.72
124.88
125.05
125.25
125.47
125.71
125.94
126.19
126.45
126.71
126.96
127.20
127.40
127.58
127.72
127.84
127.93
127.92
127.79
127.56
127.25
126.92
126.64
126.43
126.32
126.28
126.29
126.30
126.31
126.30
126.28
126.25
126.19
126.09
125.97
125.83
125.69
125.55
125.43
125.32
125.22
125.15
125.08
125.03
125.00
124.97
124.96
125.00
125.11
125.29
125.51
125.74
125.97
126.19
126.38
126.55
126.69
126.73
126.65
126.45
126.18
125.93
125.73
125.60
125.54
125.52
125.61
125.81
126.12
126.50
126.89
127.23
127.48
127.63
127.70
127.71
127.63
127.46
127.21
126.91
126.60
126.36
126.19
126.12
126.11
126.16
126.23
126.33
126.43
126.53
126.63
126.69
126.71
126.68
126.63
126.56
126.45
126.31
126.15
125.97
125.79
125.68
125.64
125.69
125.79
125.93
126.06
126.16
126.22
126.25
126.26
126.20
126.06
125.86
125.62
125.44
125.36
125.39
125.50
125.66
125.84
126.03
126.21
126.38
126.54
126.59
126.53
126.35
126.10
125.81
125.54
125.31
125.13
124.99
124.90
124.87
124.89
124.97
125.08
125.20
125.39
125.63
125.92
126.24
126.56
126.86
127.13
127.37
127.57
127.73
127.86
127.96
128.03
128.07
128.10
128.09
128.04
127.95
127.83
127.71
127.58
127.46
127.35
127.26
127.18
127.06
126.89
126.67
126.43
126.19
126.00
125.90
125.89
125.94
125.95
125.90
125.76
125.56
125.35
125.17
125.07
125.05
125.08
125.16
125.17
125.11
124.95
124.74
124.49
124.35
124.34
124.47
124.70
124.98
125.18
125.26
125.19
125.03
124.80
124.63
124.54
124.56
124.65
124.78
124.97
125.19
125.45
125.71
125.96
126.14
126.23
126.23
126.16
126.05
125.95
125.86
125.81
125.78
125.78
125.78
125.80
125.82
125.85
125.87
125.92
126.01
126.11
126.24
126.45
126.74
127.12
127.54
127.97
128.27
128.41
128.38
128.24
128.01
127.70
127.30
126.85
126.38
125.93
125.56
125.29
125.15
125.09
125.10
125.18
125.32
125.51
125.72
125.94
126.17
126.42
126.68
126.93
127.17
127.35
127.47
127.53
127.54
127.53
127.43
127.26
127.02
126.74
126.46
126.23
126.09
126.04
126.05
126.11
126.28
126.56
126.94
127.37
127.81
128.16
128.38
128.46
128.44
128.37
128.29
128.22
128.16
128.11
127.99
127.78
127.49
127.15
126.80
126.43
126.05
125.68
125.33
125.01
124.79
124.67
124.66
124.72
124.84
124.92
124.96
124.94
124.87
124.78
124.64
124.48
124.28
124.07
123.87
123.76
123.77
123.89
124.09
124.33
124.53
124.68
124.74
124.74
124.71
124.70
124.73
124.83
124.95
125.10
125.33
125.65
126.05
126.49
126.93
127.24
127.40
127.38
127.23
127.10
127.01
127.00
127.05
127.13
127.13
127.01
126.77
126.45
126.10
125.90
125.90
126.12
126.48
126.92
127.34
127.70
127.96
128.15
128.27
128.29
128.21
128.03
127.80
127.54
127.28
127.03
126.79
126.59
126.41
126.29
126.24
126.24
126.28
126.34
126.40
126.43
126.43
126.40
126.37
126.29
126.19
126.05
125.89
125.74
125.62
125.54
125.51
125.52
125.54
125.56
125.56
125.53
125.48
125.41
125.35
125.28
125.22
125.17
125.15
125.17
125.22
125.31
125.40
125.44
125.43
125.34
125.20
125.04
124.90
124.80
124.73
124.70
124.70
124.74
124.82
124.94
125.08
125.23
125.43
125.68
125.98
126.29
126.61
126.85
127.00
127.05
127.03
126.96
126.84
126.66
126.45
126.23
126.00
125.79
125.60
125.44
125.30
125.19
125.12
125.11
125.15
125.23
125.32
125.45
125.61
125.79
125.99
126.18
126.41
126.68
127.00
127.33
127.51
127.52
127.34
127.03
126.66
126.33
126.10
125.98
125.96
126.00
126.02
126.01
125.95
125.86
125.75
125.68
125.68
125.75
125.87
126.01
126.19
126.40
126.63
126.86
127.09
127.19
127.14
126.94
126.64
126.29
125.98
125.73
125.58
125.49
125.45
125.48
125.57
125.71
125.88
126.06
126.28
126.56
126.89
127.23
127.56
127.79
127.90
127.87
127.75
127.57
127.39
127.23
127.11
127.01
126.87
126.65
126.36
126.03
125.69
125.36
125.05
124.79
124.56
124.36
124.34
124.51
124.87
125.34
125.87
126.30
126.58
126.70
126.69
126.59
126.46
126.34
126.23
126.14
126.07
126.05
126.07
126.13
126.22
126.33
126.36
126.29
126.12
125.89
125.63
125.36
125.09
124.85
124.64
124.45
124.32
124.26
124.25
124.29
124.35
124.53
124.85
125.29
125.80
126.33
126.73
126.98
127.04
126.98
126.86
126.71
126.57
126.44
126.33
126.31
126.40
126.61
126.88
127.18
127.38
127.45
127.37
127.18
126.94
126.69
126.46
126.28
126.14
126.03
125.90
125.73
125.52
125.30
125.07
125.01
125.16
125.52
126.01
126.57
127.12
127.62
128.04
128.39
128.66
128.79
128.78
128.62
128.37
128.06
127.71
127.34
126.95
126.57
126.22
125.97
125.82
125.77
125.81
125.90
125.94
125.90
125.78
125.59
125.38
125.26
125.27
125.43
125.67
125.97
126.28
126.60
126.89
127.16
127.31
127.33
127.22
127.03
126.78
126.49
126.16
125.82
125.48
125.17
124.96
124.89
124.95
125.10
125.31
125.47
125.54
125.50
125.40
125.25
125.11
124.99
124.91
124.85
124.82
124.84
124.90
125.00
125.12
125.26
125.39
125.52
125.63
125.73
125.81
125.88
125.94
125.98
126.01
126.03
126.07
126.13
126.23
126.33
126.44
126.60
126.81
127.08
127.37
127.61
127.77
127.84
127.84
127.80
127.76
127.72
127.72
127.73
127.75
127.78
127.81
127.84
127.87
127.90
127.87
127.78
127.62
127.42
127.21
127.04
126.95
126.95
127.00
127.09
127.15
127.15
127.10
127.00
126.87
126.72
126.53
126.31
126.09
125.88
125.79
125.84
126.05
126.35
126.71
127.00
127.19
127.26
127.24
127.16
127.07
126.99
126.93
126.90
126.88
126.82
126.70
126.53
126.33
126.20
126.16
126.24
126.38
126.57
126.75
126.91
127.02
127.10
127.15
127.12
127.01
126.83
126.61
126.36
126.20
126.14
126.20
126.34
126.52
126.68
126.78
126.80
126.78
126.72
126.64
126.55
126.46
126.37
126.29
126.22
126.15
126.10
126.06
126.03
125.97
125.90
125.80
125.69
125.57
125.49
125.44
125.44
125.47
125.52
125.52
125.47
125.36
125.21
125.03
124.91
124.86
124.88
124.96
125.07
125.19
125.32
125.45
125.57
125.65
125.69
125.67
125.63
125.56
125.54
125.58
125.68
125.82
125.98
126.12
126.23
126.29
126.32
126.32
126.25
126.11
125.90
125.65
125.38
125.13
124.88
124.67
124.48
124.32
124.20
124.10
124.02
123.97
123.93
123.91
123.90
123.90
123.90
123.91
123.97
124.10
124.29
124.52
124.75
124.96
125.12
125.22
125.29
125.31
125.37
125.47
125.62
125.80
125.99
126.15
126.27
126.34
126.37
126.34
126.27
126.14
126.00
125.84
125.80
125.88
126.11
126.42
126.78
127.15
127.50
127.83
128.13
128.38
128.43
128.26
127.85
127.31
126.70
126.10
125.56
125.09
124.71
124.40
124.22
124.16
124.21
124.35
124.53
124.74
124.95
125.16
125.34
125.51
125.60
125.61
125.52
125.38
125.21
125.16
125.26
125.53
125.91
126.34
126.70
126.96
127.09
127.12
127.08
127.02
126.97
126.93
126.91
126.90
126.90
126.90
126.91
126.92
126.99
127.11
127.30
127.52
127.76
127.91
127.96
127.88
127.73
127.53
127.28
127.00
126.70
126.39
126.10
125.95
125.95
126.12
126.38
126.71
126.96
127.08
127.05
126.93
126.73
126.56
126.43
126.38
126.37
126.40
126.42
126.43
126.42
126.38
126.34
126.23
126.07
125.84
125.59
125.32
125.15
125.08
125.14
125.28
125.47
125.66
125.82
125.94
126.03
126.07
126.05
125.98
125.88
125.76
125.61
125.43
125.23
125.02
124.82
124.72
124.73
124.86
125.06
125.31
125.60
125.92
126.25
126.58
126.88
127.10
127.23
127.25
127.19
127.09
126.91
126.65
126.33
125.98
125.63
125.43
125.42
125.60
125.90
126.29
126.62
126.86
126.98
127.01
126.98
126.88
126.72
126.52
126.30
126.07
125.86
125.66
125.49
125.34
125.22
125.12
125.05
124.99
124.95
124.96
125.00
125.09
125.19
125.31
125.54
125.88
126.34
126.86
127.39
127.77
127.96
127.93
127.75
127.48
127.18
126.90
126.65
126.44
126.27
126.17
126.12
126.14
126.20
126.28
126.35
126.39
126.40
126.39
126.36
126.34
126.36
126.40
126.46
126.53
126.61
126.68
126.75
126.81
126.87
126.94
127.03
127.15
127.28
127.40
127.45
127.38
127.21
126.98
126.70
126.42
126.15
125.90
125.67
125.48
125.32
125.19
125.08
125.01
124.96
124.92
124.90
124.89
124.89
125.00
125.24
125.61
126.05
126.52
126.89
127.15
127.27
127.29
127.23
127.12
126.99
126.84
126.69
126.55
126.45
126.40
126.39
126.42
126.47
126.53
126.60
126.67
126.74
126.80
126.85
126.90
126.94
126.96
126.99
127.06
127.18
127.37
127.59
127.81
127.88
127.74
127.39
126.91
126.37
125.86
125.43
125.11
124.87
124.72
124.68
124.75
124.91
125.14
125.43
125.76
126.10
126.45
126.77
127.01
127.15
127.19
127.15
127.06
126.95
126.81
126.68
126.54
126.42
126.26
126.05
125.80
125.52
125.25
125.04
124.92
124.90
124.94
125.02
125.14
125.26
125.39
125.51
125.62
125.77
125.97
126.22
126.49
126.76
126.93
126.99
126.93
126.78
126.58
126.38
126.21
126.08
125.98
125.92
125.90
125.93
126.02
126.13
126.25
126.32
126.33
126.26
126.15
125.93
125.60
125.18
124.72
124.25
123.98
123.97
124.24
124.67
125.21
125.71
126.12
126.39
126.57
126.66
126.74
126.84
126.97
127.12
127.27
127.44
127.63
127.83
128.04
128.24
128.36
128.40
128.36
128.25
128.11
127.90
127.63
127.29
126.93
126.58
126.28
126.03
125.86
125.75
125.68
125.65
125.65
125.67
125.70
125.74
125.75
125.73
125.68
125.61
125.53
125.44
125.35
125.28
125.21
125.17
125.18
125.23
125.31
125.40
125.49
125.59
125.67
125.75
125.82
125.83
125.76
125.62
125.43
125.22
124.99
124.73
124.45
124.18
123.93
123.76
123.68
123.69
123.77
123.89
124.12
124.44
124.86
125.32
125.79
126.26
126.72
127.17
127.58
127.94
128.17
128.26
128.20
128.04
127.82
127.49
127.05
126.53
125.98
125.43
124.97
124.63
124.40
124.28
124.23
124.21
124.20
124.18
124.16
124.13
124.05
123.92
123.72
123.49
123.35
123.35
123.48
123.71
124.00
124.28
124.53
124.72
124.88
124.99
125.10
125.21
125.33
125.45
125.56
125.69
125.84
126.00
126.17
126.34
126.43
126.45
126.38
126.26
126.11
125.95
125.78
125.62
125.48
125.35
125.19
124.99
124.74
124.47
124.21
124.14
124.32
124.74
125.32
125.98
126.60
127.14
127.56
127.88
128.11
128.24
128.28
128.23
128.14
128.01
127.89
127.81
127.75
127.73
127.70
127.66
127.59
127.51
127.43
127.38
127.36
127.38
127.43
127.49
127.51
127.47
127.36
127.22
127.05
126.90
126.79
126.72
126.69
126.68
126.62
126.47
126.23
125.95
125.65
125.45
125.40
125.50
125.71
125.97
126.21
126.40
126.51
126.56
126.56
126.51
126.40
126.25
126.08
125.90
125.79
125.74
125.78
125.87
125.99
126.10
126.19
126.24
126.27
126.27
126.28
126.32
126.38
126.45
126.56
126.70
126.87
127.05
127.22
127.36
127.45
127.49
127.49
127.47
127.40
127.29
127.14
126.98
126.81
126.60
126.34
126.03
125.70
125.38
125.03
124.65
124.24
123.84
123.45
123.30
123.39
123.76
124.30
124.93
125.51
125.98
126.31
126.53
126.65
126.70
126.70
126.66
126.60
126.52
126.44
126.36
126.29
126.22
126.16
126.13
126.15
126.21
126.29
126.39
126.43
126.41
126.33
126.19
126.04
125.90
125.79
125.73
125.70
125.59
125.37
125.04
124.65
124.23
123.98
123.93
124.12
124.46
124.89
125.27
125.57
125.75
125.83
125.84
125.84
125.83
125.83
125.84
125.85
125.85
125.81
125.74
125.65
125.56
125.46
125.37
125.28
125.21
125.14
125.06
124.97
124.85
124.72
124.59
124.46
124.35
124.26
124.18
124.11
124.14
124.27
124.51
124.81
125.14
125.47
125.78
126.06
126.31
126.52
126.70
126.84
126.94
127.02
127.04
127.02
126.95
126.85
126.73
126.61
126.49
126.39
126.29
126.21
126.11
126.00
125.86
125.73
125.59
125.41
125.18
124.90
124.61
124.31
124.09
123.96
123.92
123.95
124.03
124.16
124.34
124.55
124.78
125.00
125.24
125.49
125.74
125.99
126.21
126.39
126.50
126.55
126.56
126.54
126.47
126.35
126.20
126.02
125.85
125.66
125.44
125.22
125.00
124.79
124.68
124.68
124.81
125.02
125.14
125.12
124.94
124.66
124.32
124.09
124.02
124.13
124.36
124.66
124.97
125.26
125.50
125.69
125.84
125.93
125.96
125.93
125.85
125.76
125.65
125.54
125.43
125.33
125.25
125.12
124.95
124.72
124.47
124.21
124.08
124.08
124.24
124.50
124.82
125.13
125.41
125.64
125.81
125.95
125.99
125.94
125.80
125.61
125.39
125.29
125.36
125.60
125.95
126.36
126.68
126.86
126.90
126.82
126.64
126.39
126.08
125.76
125.43
125.19
125.03
124.97
124.98
125.05
125.09
125.09
125.03
124.93
124.81
124.72
124.65
124.62
124.62
124.64
124.70
124.80
124.93
125.08
125.24
125.44
125.69
125.99
126.31
126.62
126.83
126.93
126.89
126.76
126.58
126.44
126.39
126.44
126.56
126.72
126.85
126.92
126.92
126.87
126.79
126.61
126.33
125.96
125.54
125.11
124.75
124.48
124.32
124.25
124.24
124.30
124.41
124.58
124.78
125.00
125.26
125.53
125.80
126.05
126.28
126.47
126.64
126.78
126.88
126.89
126.77
126.55
126.25
125.92
125.67
125.52
125.50
125.57
125.69
125.82
125.93
126.01
126.07
126.11
126.10
126.05
125.96
125.84
125.72
125.72
125.89
126.23
126.67
127.15
127.56
127.86
128.02
128.08
128.07
127.92
127.65
127.26
126.81
126.35
125.96
125.65
125.46
125.35
125.31
125.30
125.28
125.25
125.22
125.22
125.24
125.30
125.37
125.46
125.61
125.81
126.07
126.35
126.64
126.89
127.08
127.21
127.29
127.33
127.29
127.16
126.96
126.71
126.45
126.21
126.02
125.89
125.80
125.75
125.65
125.47
125.22
124.92
124.61
124.47
124.53
124.81
125.23
125.73
126.15
126.43
126.55
126.56
126.47
126.34
126.17
125.99
125.81
125.65
125.57
125.61
125.77
125.99
126.26
126.49
126.65
126.72
126.74
126.68
126.57
126.40
126.21
126.02
125.88
125.81
125.83
125.90
126.02
126.23
126.54
126.94
127.38
127.84
128.13
128.24
128.15
127.91
127.59
127.36
127.27
127.36
127.56
127.83
128.03
128.11
128.06
127.91
127.71
127.47
127.23
126.99
126.77
126.58
126.38
126.19
125.99
125.79
125.61
125.62
125.83
126.25
126.80
127.41
127.90
128.20
128.30
128.24
128.09
127.84
127.52
127.17
126.81
126.43
126.05
125.67
125.32
125.00
124.77
124.66
124.65
124.71
124.83
125.00
125.21
125.45
125.71
125.95
126.16
126.30
126.39
126.43
126.44
126.39
126.30
126.16
126.00
125.84
125.68
125.53
125.40
125.29
125.19
125.19
125.31
125.53
125.82
126.14
126.32
126.35
126.18
125.90
125.54
125.24
125.03
124.93
124.92
124.97
125.03
125.09
125.12
125.14
125.15
125.17
125.21
125.29
125.38
125.48
125.57
125.66
125.74
125.81
125.90
126.01
126.13
126.27
126.40
126.56
126.73
126.91
127.10
127.28
127.40
127.43
127.37
127.26
127.11
126.95
126.79
126.63
126.49
126.36
126.31
126.33
126.44
126.60
126.78
126.92
127.00
127.00
126.95
126.86
126.70
126.47
126.18
125.85
125.53
125.27
125.11
125.04
125.04
125.09
125.21
125.37
125.57
125.78
126.00
126.23
126.48
126.73
126.97
127.20
127.40
127.58
127.72
127.84
127.84
127.74
127.52
127.23
126.91
126.69
126.60
126.67
126.85
127.08
127.30
127.46
127.55
127.58
127.57
127.56
127.57
127.59
127.63
127.68
127.62
127.44
127.13
126.75
126.33
125.97
125.69
125.51
125.41
125.37
125.33
125.25
125.13
124.98
124.83
124.78
124.87
125.10
125.41
125.77
126.14
126.50
126.83
127.13
127.38
127.49
127.42
127.20
126.87
126.49
126.14
125.86
125.67
125.56
125.50
125.49
125.51
125.55
125.60
125.74
125.97
126.29
126.66
127.05
127.34
127.52
127.56
127.50
127.39
127.26
127.14
127.05
126.98
126.94
126.85
126.72
126.54
126.33
126.11
125.98
125.95
126.05
126.22
126.43
126.56
126.56
126.43
126.21
125.93
125.58
125.17
124.72
124.25
123.81
123.53
123.46
123.59
123.87
124.23
124.63
125.04
125.43
125.79
126.11
126.40
126.68
126.95
127.19
127.43
127.67
127.91
128.13
128.34
128.46
128.50
128.44
128.33
128.18
127.95
127.67
127.32
126.96
126.60
126.21
125.79
125.34
124.91
124.50
124.27
124.24
124.42
124.74
125.13
125.48
125.74
125.89
125.94
125.93
125.84
125.70
125.50
125.29
125.07
124.96
125.00
125.19
125.47
125.80
126.09
126.32
126.47
126.54
126.57
126.61
126.68
126.81
126.96
127.12
127.22
127.26
127.22
127.12
127.00
126.80
126.54
126.22
125.88
125.62
125.47
125.45
125.52
125.64
125.75
125.81
125.81
125.77
125.70
125.61
125.52
125.42
125.33
125.26
125.16
125.04
124.91
124.76
124.62
124.43
124.20
123.92
123.62
123.32
123.15
123.13
123.27
123.51
123.81
124.14
124.47
124.79
125.07
125.32
125.50
125.62
125.67
125.66
125.63
125.57
125.50
125.42
125.34
125.27
125.21
125.15
125.10
125.06
125.03
125.01
124.99
124.98
124.97
125.00
125.05
125.14
125.25
125.37
125.43
125.42
125.34
125.22
125.06
124.95
124.90
124.92
125.00
125.10
125.25
125.44
125.65
125.87
126.09
126.29
126.46
126.62
126.75
126.85
126.88
126.82
126.69
126.50
126.29
126.05
125.78
125.50
125.22
124.96
124.70
124.44
124.18
123.94
123.72
123.60
123.61
123.74
123.96
124.22
124.49
124.77
125.03
125.26
125.46
125.66
125.86
126.06
126.25
126.39
126.49
126.53
126.53
126.50
126.51
126.57
126.68
126.84
127.00
127.10
127.09
126.97
126.78
126.56
126.34
126.16
126.02
125.93
125.86
125.77
125.64
125.46
125.26
125.05
124.90
124.82
124.84
124.91
125.01
125.12
125.19
125.24
125.26
125.26
125.32
125.47
125.71
126.00
126.31
126.57
126.74
126.82
126.84
126.80
126.76
126.73
126.73
126.74
126.76
126.76
126.73
126.68
126.60
126.51
126.43
126.34
126.26
126.20
126.14
126.09
126.05
126.02
126.00
125.93
125.81
125.62
125.41
125.18
125.01
124.92
124.91
124.97
125.06
125.15
125.22
125.25
125.26
125.26
125.32
125.47
125.70
125.99
126.30
126.53
126.65
126.64
126.55
126.41
126.20
125.95
125.67
125.39
125.12
124.92
124.81
124.80
124.85
124.95
125.03
125.05
125.01
124.93
124.82
124.76
124.75
124.81
124.92
125.05
125.20
125.34
125.48
125.60
125.73
125.88
126.05
126.21
126.37
126.38
126.22
125.88
125.44
124.95
124.55
124.29
124.21
124.24
124.36
124.53
124.73
124.93
125.14
125.32
125.52
125.72
125.93
126.14
126.32
126.47
126.55
126.59
126.58
126.54
126.57
126.67
126.87
127.13
127.41
127.63
127.78
127.85
127.85
127.80
127.73
127.64
127.54
127.44
127.35
127.27
127.19
127.13
127.08
127.04
126.96
126.82
126.63
126.41
126.18
125.95
125.74
125.56
125.40
125.34
125.41
125.59
125.85
126.15
126.40
126.58
126.68
126.71
126.69
126.62
126.49
126.33
126.14
125.94
125.71
125.42
125.09
124.75
124.41
124.21
124.17
124.28
124.51
124.81
125.08
125.29
125.42
125.49
125.51
125.56
125.64
125.77
125.92
126.09
126.15
126.07
125.86
125.55
125.21
124.92
124.74
124.68
124.71
124.80
124.82
124.74
124.53
124.25
124.07
124.03
124.16
124.41
124.72
125.03
125.31
125.55
125.74
125.89
125.97
125.99
125.95
125.87
125.77
125.71
125.71
125.78
125.89
126.03
126.16
126.25
126.30
126.32
126.31
126.29
126.27
126.23
126.19
126.16
126.15
126.18
126.24
126.33
126.42
126.49
126.53
126.53
126.50
126.45
126.34
126.16
125.92
125.65
125.38
125.13
124.94
124.81
124.73
124.69
124.62
124.52
124.36
124.18
123.99
123.88
123.88
123.99
124.18
124.38
124.57
124.72
124.84
124.94
125.06
125.23
125.43
125.66
125.90
126.07
126.15
126.15
126.09
125.99
125.92
125.90
125.95
126.04
126.15
126.22
126.23
126.17
126.07
125.94
125.91
126.00
126.22
126.52
126.87
127.09
127.15
127.02
126.77
126.45
126.09
125.73
125.38
125.06
124.78
124.57
124.44
124.37
124.36
124.38
124.57
124.92
125.44
126.05
126.68
127.23
127.63
127.89
128.02
127.92
127.60
127.08
126.44
125.76
125.24
124.94
124.90
125.03
125.28
125.53
125.71
125.80
125.82
125.79
125.73
125.64
125.55
125.46
125.37
125.34
125.38
125.49
125.66
125.84
126.03
126.22
126.39
126.54
126.68
126.76
126.79
126.77
126.71
126.64
126.58
126.54
126.54
126.57
126.61
126.60
126.54
126.42
126.25
126.07
125.91
125.79
125.72
125.69
125.68
125.69
125.71
125.75
125.78
125.85
125.94
126.06
126.20
126.33
126.49
126.67
126.87
127.07
127.25
127.32
127.24
127.01
126.69
126.32
125.97
125.65
125.40
125.20
125.05
124.99
125.03
125.17
125.36
125.58
125.79
125.96
126.08
126.16
126.20
126.23
126.23
126.22
126.20
126.18
126.15
126.13
126.10
126.08
126.06
126.09
126.19
126.36
126.57
126.79
126.90
126.87
126.71
126.44
126.13
125.85
125.63
125.50
125.43
125.42
125.52
125.74
126.06
126.45
126.72
126.83
126.76
126.56
126.29
125.97
125.64
125.33
125.03
124.77
124.63
124.62
124.73
124.94
125.19
125.44
125.65
125.82
125.95
126.05
126.08
126.06
125.99
125.89
125.77
125.62
125.44
125.24
125.03
124.83
124.75
124.82
125.03
125.34
125.70
126.13
126.61
127.13
127.64
128.13
128.49
128.71
128.77
128.71
128.58
128.38
128.13
127.83
127.53
127.24
126.99
126.81
126.69
126.62
126.54
126.43
126.27
126.10
125.92
125.79
125.74
125.78
125.87
125.99
126.07
126.10
126.07
125.98
125.87
125.77
125.70
125.67
125.67
125.68
125.71
125.74
125.78
125.82
125.85
125.89
125.92
125.94
125.96
125.98
125.99
126.00
126.01
126.01
126.01
126.07
126.18
126.36
126.57
126.80
126.97
127.06
127.07
127.02
126.93
126.87
126.86
126.92
127.01
127.13
127.21
127.23
127.17
127.07
126.89
126.64
126.32
125.97
125.62
125.32
125.07
124.90
124.78
124.71
124.68
124.67
124.68
124.71
124.74
124.81
124.90
125.03
125.17
125.31
125.42
125.49
125.51
125.50
125.46
125.44
125.44
125.47
125.52
125.58
125.62
125.63
125.60
125.55
125.48
125.38
125.25
125.09
124.93
124.76
124.65
124.62
124.68
124.79
124.93
125.08
125.24
125.39
125.53
125.65
125.76
125.84
125.91
125.97
126.00
126.00
125.96
125.88
125.78
125.67
125.55
125.44
125.34
125.25
125.20
125.20
125.24
125.30
125.39
125.51
125.66
125.84
126.02
126.20
126.35
126.44
126.49
126.49
126.47
126.43
126.37
126.32
126.26
126.21
126.08
125.86
125.56
125.21
124.85
124.63
124.59
124.74
125.02
125.38
125.77
126.16
126.54
126.88
127.17
127.37
127.47
127.45
127.37
127.23
127.07
126.90
126.74
126.58
126.44
126.29
126.13
125.96
125.79
125.65
125.56
125.52
125.52
125.54
125.61
125.72
125.86
126.03
126.19
126.35
126.50
126.63
126.74
126.83
126.85
126.79
126.65
126.47
126.26
126.08
125.93
125.83
125.77
125.74
125.70
125.66
125.59
125.51
125.42
125.32
125.18
125.03
124.86
124.70
124.66
124.75
124.99
125.32
125.70
126.03
126.28
126.45
126.54
126.58
126.57
126.54
126.48
126.42
126.35
126.29
126.23
126.17
126.12
126.06
125.97
125.85
125.73
125.60
125.50
125.45
125.44
125.47
125.51
125.65
125.89
126.22
126.60
126.99
127.33
127.57
127.71
127.76
127.77
127.70
127.57
127.40
127.21
127.01
126.79
126.55
126.30
126.05
125.83
125.60
125.36
125.13
124.90
124.69
124.51
124.36
124.23
124.13
124.05
124.05
124.12
124.27
124.47
124.69
124.95
125.22
125.51
125.79
126.05
126.31
126.57
126.83
127.07
127.29
127.40
127.39
127.26
127.04
126.81
126.59
126.40
126.25
126.13
126.10
126.14
126.28
126.46
126.67
126.89
127.11
127.30
127.48
127.63
127.76
127.86
127.93
127.99
128.03
128.01
127.91
127.74
127.52
127.29
127.01
126.68
126.30
125.91
125.54
125.22
124.97
124.80
124.69
124.63
124.61
124.61
124.64
124.67
124.72
124.68
124.55
124.33
124.05
123.74
123.51
123.39
123.39
123.48
123.62
123.77
123.90
123.99
124.06
124.26
124.63
125.18
125.82
126.49
127.10
127.60
127.97
128.23
128.40
128.45
128.37
128.20
127.95
127.68
127.37
127.04
126.70
126.37
126.07
125.80
125.57
125.37
125.22
125.10
125.03
125.03
125.08
125.16
125.26
125.32
125.32
125.24
125.13
124.98
124.81
124.60
124.37
124.13
123.90
123.78
123.77
123.88
124.07
124.31
124.54
124.74
124.89
125.01
125.09
125.14
125.16
125.18
125.17
125.19
125.23
125.30
125.39
125.48
125.57
125.66
125.74
125.81
125.87
125.92
125.96
125.99
126.01
126.02
126.08
126.20
126.38
126.60
126.82
126.93
126.91
126.74
126.47
126.15
125.92
125.81
125.86
126.00
126.21
126.45
126.70
126.95
127.18
127.38
127.51
127.54
127.48
127.36
127.20
127.00
126.76
126.51
126.24
125.99
125.79
125.65
125.57
125.53
125.53
125.56
125.60
125.65
125.71
125.76
125.81
125.85
125.89
125.93
125.96
125.98
125.99
126.00
126.01
126.07
126.19
126.37
126.58
126.81
126.95
126.98
126.90
126.74
126.54
126.39
126.34
126.39
126.51
126.67
126.83
126.97
127.06
127.13
127.16
127.16
127.10
127.00
126.88
126.75
126.67
126.66
126.72
126.84
126.98
127.10
127.20
127.26
127.28
127.29
127.17
126.91
126.53
126.07
125.58
125.18
124.91
124.77
124.74
124.79
124.83
124.85
124.81
124.74
124.73
124.81
124.98
125.21
125.46
125.70
125.89
126.03
126.13
126.19
126.20
126.15
126.06
125.93
125.80
125.71
125.70
125.75
125.86
126.00
126.12
126.21
126.27
126.29
126.29
126.30
126.33
126.39
126.47
126.55
126.57
126.53
126.42
126.27
126.10
126.00
125.99
126.10
126.27
126.49
126.56
126.44
126.13
125.68
125.18
124.81
124.65
124.71
124.93
125.25
125.54
125.75
125.86
125.89
125.92
125.97
126.06
126.18
126.30
126.45
126.62
126.82
127.02
127.21
127.31
127.30
127.16
126.95
126.70
126.46
126.26
126.10
125.98
125.90
125.88
125.91
125.99
126.10
126.22
126.38
126.56
126.76
126.97
127.18
127.28
127.27
127.15
126.94
126.70
126.49
126.34
126.27
126.26
126.30
126.36
126.44
126.52
126.60
126.68
126.73
126.74
126.70
126.64
126.56
126.61
126.82
127.18
127.64
128.14
128.46
128.54
128.35
127.99
127.62
127.34
127.17
127.10
127.10
127.12
127.14
127.15
127.14
127.13
127.09
127.02
126.91
126.79
126.66
126.56
126.50
126.49
126.51
126.54
126.54
126.48
126.36
126.21
126.03
125.86
125.69
125.53
125.39
125.28
125.20
125.18
125.21
125.28
125.36
125.40
125.38
125.29
125.16
125.00
124.90
124.85
124.88
124.97
125.08
125.26
125.51
125.81
126.14
126.48
126.82
127.16
127.50
127.81
128.02
128.10
128.04
127.89
127.68
127.47
127.29
127.15
127.04
126.96
126.85
126.71
126.51
126.29
126.07
125.86
125.67
125.49
125.35
125.23
125.16
125.14
125.17
125.24
125.33
125.51
125.78
126.14
126.55
126.96
127.26
127.40
127.36
127.22
126.99
126.73
126.46
126.18
125.93
125.70
125.56
125.51
125.55
125.66
125.81
125.98
126.15
126.31
126.47
126.60
126.75
126.90
127.07
127.23
127.34
127.37
127.31
127.21
127.07
126.91
126.75
126.60
126.47
126.34
126.19
125.99
125.74
125.47
125.21
124.96
124.73
124.53
124.37
124.23
124.20
124.29
124.50
124.78
125.09
125.36
125.56
125.66
125.70
125.69
125.70
125.75
125.85
125.99
126.13
126.26
126.34
126.38
126.39
126.38
126.37
126.39
126.44
126.50
126.57
126.64
126.71
126.77
126.83
126.88
126.89
126.87
126.81
126.72
126.62
126.57
126.58
126.67
126.80
126.85
126.79
126.59
126.32
126.00
125.78
125.69
125.75
125.91
126.14
126.29
126.33
126.23
126.04
125.80
125.59
125.43
125.36
125.34
125.36
125.41
125.47
125.55
125.63
125.70
125.77
125.83
125.88
125.92
125.95
125.98
126.00
126.01
126.02
126.03
126.08
126.20
126.37
126.58
126.81
126.95
126.98
126.90
126.74
126.54
126.26
125.92
125.52
125.11
124.71
124.41
124.25
124.23
124.31
124.41
124.48
124.50
124.49
124.46
124.41
124.36
124.30
124.24
124.19
124.17
124.19
124.24
124.32
124.41
124.48
124.52
124.52
124.49
124.44
124.44
124.49
124.61
124.77
124.95
125.13
125.30
125.46
125.60
125.72
125.79
125.81
125.78
125.72
125.64
125.63
125.71
125.89
126.12
126.39
126.61
126.76
126.82
126.82
126.78
126.73
126.70
126.70
126.71
126.73
126.74
126.71
126.66
126.59
126.53
126.50
126.51
126.54
126.59
126.62
126.62
126.58
126.53
126.46
126.39
126.32
126.25
126.19
126.14