216.94
217.36
217.79
218.00
217.93
217.57
217.02
216.36
215.69
215.07
214.52
214.06
213.67
213.37
213.14
212.97
212.85
212.77
212.84
213.06
213.42
213.86
214.34
214.77
215.10
215.33
215.48
215.55
215.66
215.81
216.04
216.31
216.58
216.77
216.85
216.80
216.68
216.50
216.35
216.25
216.22
216.24
216.30
216.32
216.29
216.20
216.08
215.93
215.81
215.71
215.67
215.65
215.55
215.34
215.02
214.63
214.22
213.89
213.68
213.61
213.63
213.71
213.79
213.83
213.81
213.76
213.68
213.66
213.74
213.92
214.15
214.41
214.65
214.86
215.00
215.11
215.18
215.37
215.73
216.27
216.89
217.55
217.96
218.04
217.78
217.29
216.66
216.05
215.53
215.13
214.85
214.66
214.60
214.65
214.82
215.05
215.32
215.49
215.53
215.42
215.22
215.01
214.84
214.72
214.66
214.63
214.66
214.74
214.86
215.01
215.16
215.32
215.46
215.59
215.70
215.80
215.90
216.02
216.16
216.30
216.43
216.53
216.58
216.59
216.56
216.52
216.45
216.39
216.32
216.25
216.19
216.04
215.76
215.37
214.91
214.44
214.03
213.71
213.51
213.39
213.34
213.39
213.54
213.78
214.06
214.37
214.59
214.70
214.68
214.58
214.43
214.24
214.05
213.85
213.67
213.54
213.45
213.42
213.43
213.47
213.47
213.42
213.31
213.16
212.99
212.99
213.17
213.55
214.06
214.63
215.10
215.42
215.57
215.59
215.53
215.37
215.14
214.87
214.58
214.30
214.05
213.86
213.74
213.67
213.63
213.68
213.81
214.02
214.28
214.54
214.70
214.72
214.59
214.36
214.08
213.87
213.79
213.85
214.00
214.22
214.49
214.81
215.14
215.48
215.71
215.83
215.81
215.70
215.53
215.28
214.95
214.57
214.16
213.76
213.44
213.21
213.10
213.07
213.10
213.22
213.42
213.71
214.03
214.36
214.60
214.72
214.71
214.62
214.46
214.41
214.50
214.75
215.10
215.50
215.86
216.14
216.34
216.45
216.51
216.50
216.42
216.29
216.13
215.96
215.63
215.12
214.44
213.67
212.88
212.17
211.59
211.15
210.83
210.59
210.40
210.25
210.13
210.04
210.13
210.43
210.94
211.57
212.24
212.97
213.72
214.48
215.20
215.85
216.34
216.65
216.79
216.78
216.69
216.55
216.42
216.30
216.20
216.12
216.01
215.85
215.63
215.40
215.16
214.95
214.80
214.70
214.65
214.63
214.64
214.66
214.70
214.74
214.78
214.85
214.95
215.07
215.21
215.34
215.39
215.34
215.18
214.95
214.69
214.52
214.48
214.59
214.79
215.05
215.34
215.63
215.90
216.16
216.35
216.48
216.55
216.57
216.55
216.45
216.28
216.04
215.76
215.47
215.22
215.01
214.87
214.78
214.72
214.67
214.62
214.54
214.46
214.38
214.20
213.90
213.48
213.00
212.50
212.16
212.00
212.05
212.24
212.52
212.90
213.37
213.88
214.41
214.92
215.31
215.55
215.64
215.61
215.51
215.35
215.17
214.98
214.80
214.57
214.30
213.99
213.67
213.35
213.11
212.96
212.91
212.94
213.01
213.14
213.32
213.53
213.76
213.99
214.18
214.31
214.39
214.42
214.42
214.51
214.70
215.01
215.39
215.79
216.22
216.66
217.09
217.49
217.85
217.93
217.68
217.09
216.30
215.41
214.61
213.96
213.50
213.21
213.05
213.04
213.16
213.40
213.71
214.05
214.44
214.88
215.36
215.83
216.25
216.60
216.87
217.06
217.19
217.19
217.07
216.81
216.48
216.12
215.86
215.74
215.77
215.92
216.13
216.35
216.55
216.72
216.85
216.95
216.92
216.74
216.41
216.00
215.55
215.10
214.67
214.28
213.94
213.65
213.36
213.06
212.73
212.42
212.12
211.98
212.03
212.28
212.66
213.10
213.53
213.93
214.27
214.54
214.76
215.03
215.38
215.82
216.30
216.77
217.12
217.31
217.31
217.19
216.99
216.74
216.48
216.21
215.96
215.76
215.62
215.54
215.51
215.51
215.52
215.50
215.47
215.42
215.36
215.17
214.82
214.32
213.74
213.14
212.70
212.50
212.54
212.75
213.08
213.33
213.44
213.39
213.23
213.00
212.81
212.70
212.69
212.76
212.87
213.09
213.41
213.83
214.29
214.76
215.13
215.37
215.46
215.45
215.36
215.25
215.15
215.07
215.01
215.05
215.20
215.45
215.76
216.10
216.38
216.59
216.70
216.74
216.73
216.58
216.28
215.84
215.33
214.79
214.27
213.78
213.34
212.96
212.64
212.60
212.86
213.42
214.17
215.00
215.83
216.59
217.25
217.81
218.26
218.54
218.64
218.57
218.38
218.12
217.88
217.69
217.58
217.52
217.50
217.44
217.30
217.08
216.82
216.54
216.26
215.99
215.76
215.55
215.37
215.21
215.04
214.86
214.69
214.59
214.57
214.63
214.75
214.89
215.00
215.05
215.03
214.96
214.86
214.74
214.62
214.50
214.39
214.30
214.16
213.97
213.74
213.48
213.22
213.03
212.92
212.90
212.94
213.03
213.14
213.27
213.40
213.52
213.63
213.75
213.89
214.05
214.21
214.37
214.54
214.72
214.92
215.11
215.30
215.44
215.53
215.56
215.55
215.52
215.57
215.74
216.04
216.40
216.60
216.60
216.35
215.94
215.44
214.88
214.30
213.71
213.15
212.65
212.37
212.34
212.57
212.96
213.46
213.94
214.36
214.69
214.94
215.11
215.18
215.13
214.99
214.78
214.54
214.31
214.13
213.99
213.89
213.83
213.66
213.36
212.92
212.40
211.85
211.50
211.41
211.58
211.94
212.41
212.85
213.21
213.45
213.59
213.66
213.67
213.65
213.59
213.52
213.45
213.45
213.55
213.75
214.01
214.24
214.42
214.52
214.57
214.57
214.41
214.07
213.56
212.96
212.33
211.84
211.55
211.48
211.56
211.75
212.03
212.37
212.75
213.13
213.50
213.84
214.14
214.40
214.61
214.78
214.88
214.92
214.90
214.84
214.75
214.72
214.79
214.95
215.18
215.43
215.59
215.61
215.49
215.27
215.00
214.67
214.31
213.94
213.57
213.23
212.95
212.75
212.62
212.55
212.63
212.86
213.25
213.72
214.23
214.62
214.87
214.94
214.89
214.75
214.56
214.34
214.12
213.90
213.70
213.50
213.29
213.07
212.86
212.67
212.61
212.69
212.93
213.25
213.63
214.10
214.65
215.27
215.91
216.52
216.97
217.23
217.30
217.22
217.05
216.69
216.14
215.43
214.64
213.84
213.24
212.88
212.80
212.91
213.15
213.40
213.58
213.69
213.72
213.71
213.63
213.51
213.34
213.15
213.06
213.10
213.29
213.56
213.88
214.14
214.30
214.35
214.30
214.21
214.04
213.84
213.59
213.34
213.08
212.96
212.98
213.15
213.43
213.76
214.08
214.37
214.61
214.80
214.94
215.04
215.11
215.15
215.18
215.18
215.20
215.25
215.32
215.40
215.50
215.56
215.59
215.58
215.54
215.48
215.39
215.27
215.11
214.94
214.77
214.53
214.22
213.82
213.40
213.05
212.82
212.72
212.72
212.78
213.06
213.54
214.22
215.01
215.83
216.49
216.94
217.16
217.19
217.10
216.79
216.27
215.58
214.79
213.98
213.37
212.99
212.89
212.99
213.22
213.37
213.37
213.19
212.90
212.54
212.28
212.18
212.26
212.46
212.74
213.00
213.21
213.35
213.43
213.46
213.51
213.60
213.73
213.90
214.07
214.27
214.49
214.72
214.95
215.17
215.37
215.54
215.69
215.80
215.84
215.80
215.67
215.50
215.29
215.05
214.79
214.51
214.23
213.97
213.79
213.70
213.71
213.78
213.90
213.99
214.02
213.99
213.92
213.82
213.65
213.42
213.12
212.81
212.49
212.32
212.33
212.53
212.86
213.26
213.63
213.94
214.16
214.30
214.39
214.40
214.35
214.24
214.09
213.94
213.72
213.45
213.13
212.80
212.46
212.07
211.62
211.11
210.59
210.29
210.29
210.59
211.09
211.70
212.17
212.43
212.42
212.24
211.93
211.70
211.59
211.64
211.80
212.04
212.33
212.66
213.02
213.38
213.72
214.02
214.29
214.51
214.70
214.84
214.90
214.86
214.74
214.56
214.35
214.13
213.92
213.72
213.54
213.39
213.34
213.41
213.59
213.85
214.15
214.35
214.42
214.34
214.15
213.91
213.72
213.61
213.61
213.69
213.78
213.87
213.94
214.00
214.03
214.09
214.16
214.25
214.36
214.47
214.71
215.09
215.62
216.23
216.85
217.22
217.26
216.96
216.43
215.77
215.10
214.50
213.99
213.59
213.27
213.11
213.12
213.28
213.53
213.84
214.15
214.42
214.65
214.82
214.95
215.16
215.45
215.84
216.29
216.75
217.08
217.26
217.26
217.14
216.94
216.65
216.27
215.83
215.38
214.93
214.54
214.22
213.99
213.83
213.72
213.66
213.64
213.64
213.66
213.67
213.65
213.60
213.54
213.46
213.39
213.31
213.24
213.18
213.13
213.16
213.30
213.54
213.84
214.17
214.49
214.80
215.08
215.33
215.54
215.68
215.76
215.77
215.74
215.68
215.63
215.60
215.60
215.62
215.65
215.70
215.74
215.79
215.83
215.87
215.77
215.52
215.09
214.58
214.03
213.59
213.30
213.19
213.21
213.24
213.23
213.16
213.05
212.92
212.77
212.63
212.50
212.38
212.28
212.24
212.28
212.41
212.58
212.77
212.95
213.09
213.18
213.24
213.26
213.27
213.26
213.23
213.21
213.18
213.09
212.95
212.74
212.51
212.26
212.21
212.39
212.81
213.39
214.04
214.54
214.84
214.90
214.79
214.56
214.26
213.93
213.60
213.28
212.99
212.78
212.68
212.67
212.74
212.86
212.97
213.07
213.13
213.17
213.13
213.02
212.83
212.60
212.36
212.30
212.47
212.89
213.45
214.09
214.77
215.46
216.14
216.76
217.32
217.64
217.70
217.49
217.10
216.61
216.04
215.45
214.84
214.27
213.74
213.34
213.06
212.92
212.87
212.90
213.01
213.18
213.39
213.63
213.87
214.15
214.47
214.83
215.20
215.56
215.83
216.00
216.07
216.06
216.00
215.98
216.04
216.18
216.38
216.47
216.41
216.19
215.87
215.49
215.09
214.70
214.33
214.00
213.72
213.51
213.38
213.31
213.31
213.34
213.40
213.47
213.55
213.63
213.71
213.72
213.67
213.54
213.37
213.17
213.14
213.29
213.65
214.13
214.68
215.16
215.53
215.76
215.88
215.91
215.95
216.00
216.09
216.20
216.32
216.36
216.30
216.14
215.91
215.65
215.51
215.53
215.73
216.05
216.43
216.78
217.06
217.26
217.38
217.37
217.22
216.94
216.59
216.20
215.79
215.36
214.94
214.54
214.17
213.94
213.84
213.89
214.04
214.24
214.40
214.48
214.45
214.36
214.22
214.14
214.14
214.24
214.40
214.60
214.74
214.78
214.71
214.58
214.40
214.17
213.91
213.62
213.33
213.06
212.92
212.93
213.11
213.38
213.71
213.99
214.17
214.23
214.21
214.13
214.07
214.05
214.08
214.16
214.34
214.62
214.99
215.42
215.85
216.30
216.74
217.18
217.58
217.93
218.16
218.24
218.18
218.02
217.80
217.42
216.87
216.18
215.41
214.64
214.09
213.82
213.86
214.10
214.48
214.86
215.17
215.38
215.50
215.56
215.60
215.64
215.68
215.73
215.78
215.72
215.53
215.21
214.81
214.38
214.06
213.89
213.88
213.99
214.17
214.39
214.64
214.88
215.11
215.32
215.45
215.49
215.44
215.33
215.18
215.01
214.84
214.67
214.52
214.47
214.52
214.70
214.94
215.22
215.38
215.38
215.19
214.90
214.53
214.17
213.84
213.56
213.34
213.16
213.06
213.02
213.05
213.12
213.21
213.40
213.69
214.06
214.49
214.91
215.25
215.45
215.52
215.49
215.38
215.21
214.98
214.72
214.44
214.17
213.89
213.61
213.32
213.05
212.81
212.73
212.83
213.13
213.54
213.99
214.42
214.81
215.15
215.43
215.66
215.84
215.97
216.06
216.13
216.11
216.01
215.84
215.62
215.38
215.19
215.07
215.04
215.07
215.14
215.26
215.43
215.62
215.84
216.05
216.22
216.35
216.41
216.44
216.43
216.40
216.36
216.32
216.27
216.22
215.98
215.54
214.88
214.10
213.29
212.62
212.16
211.93
211.88
211.96
212.16
212.43
212.76
213.11
213.45
213.78
214.07
214.33
214.54
214.66
214.69
214.61
214.47
214.30
214.13
214.00
213.90
213.84
213.80
213.84
213.96
214.15
214.38
214.63
214.88
215.11
215.32
215.51
215.66
215.82
215.97
216.14
216.30
216.45
216.48
216.37
216.11
215.76
215.37
215.00
214.67
214.40
214.19
214.04
213.90
213.77
213.63
213.51
213.39
213.29
213.20
213.13
213.07
213.03
213.05
213.14
213.31
213.51
213.71
213.87
214.00
214.09
214.14
214.04
213.77
213.32
212.78
212.19
211.64
211.15
210.75
210.43
210.18
210.07
210.12
210.30
210.57
210.90
211.31
211.82
212.39
212.99
213.57
214.02
214.33
214.47
214.49
214.43
214.41
214.49
214.67
214.93
215.22
215.41
215.47
215.38
215.19
214.94
214.76
214.71
214.79
214.97
215.20
215.49
215.81
216.15
216.49
216.81
217.01
217.09
217.03
216.88
216.63
216.28
215.86
215.41
214.97
214.61
214.35
214.20
214.14
214.15
214.19
214.27
214.36
214.46
214.56
214.57
214.48
214.29
214.03
213.74
213.55
213.50
213.59
213.79
214.04
214.30
214.53
214.72
214.86
214.97
215.02
215.02
214.96
214.87
214.76
214.72
214.77
214.93
215.15
215.41
215.67
215.92
216.16
216.37
216.55
216.65
216.66
216.57
216.43
216.33
216.32
216.39
216.53
216.71
216.79
216.76
216.59
216.33
216.02
215.67
215.30
214.91
214.54
214.20
214.00
213.97
214.11
214.36
214.68
214.95
215.12
215.19
215.17
215.09
215.01
214.93
214.89
214.86
214.85
214.82
214.77
214.70
214.61
214.51
214.50
214.58
214.77
215.02
215.30
215.51
215.61
215.60
215.51
215.36
215.21
215.08
214.99
214.92
214.88
214.94
215.10
215.37
215.70
216.00
216.24
216.39
216.48
216.51
216.38
216.06
215.57
214.98
214.35
213.76
213.24
212.81
212.46
212.20
211.97
211.78
211.60
211.44
211.31
211.28
211.36
211.56
211.83
212.14
212.50
212.92
213.38
213.84
214.28
214.54
214.61
214.46
214.17
213.80
213.44
213.14
212.92
212.77
212.68
212.66
212.70
212.80
212.94
213.09
213.30
213.56
213.87
214.21
214.43
214.51
214.43
214.25
214.00
213.77
213.60
213.50
213.45
213.45
213.51
213.61
213.76
213.93
214.10
214.30
214.52
214.75
214.98
215.19
215.28
215.22
215.00
214.69
214.33
214.01
213.75
213.59
213.49
213.45
213.51
213.65
213.88
214.15
214.44
214.76
215.08
215.41
215.73
216.02
216.22
216.32
216.33
216.26
216.14
216.05
216.01
216.04
216.11
216.20
216.18
216.01
215.67
215.24
214.85
214.54
214.34
214.25
214.22
214.37
214.71
215.24
215.86
216.51
217.11
217.60
217.96
218.22
218.39
218.38
218.19
217.84
217.38
216.88
216.38
215.90
215.46
215.08
214.75
214.48
214.26
214.10
213.98
213.90
213.92
214.07
214.32
214.65
215.00
215.25
215.35
215.30
215.14
214.92
214.68
214.47
214.29
214.16
214.05
214.03
214.09
214.24
214.43
214.65
214.88
215.10
215.30
215.48
215.63
215.76
215.86
215.94
216.00
216.01
215.98
215.91
215.81
215.69
215.66
215.72
215.88
216.11
216.37
216.59
216.73
216.80
216.80
216.76
216.66
216.52
216.34
216.14
215.94
215.80
215.74
215.77
215.85
215.97
216.09
216.17
216.23
216.25
216.25
216.14
215.89
215.50
215.05
214.56
214.22
214.07
214.11
214.30
214.57
214.98
215.49
216.09
216.72
217.22
217.57
217.73
217.75
217.67
217.55
217.42
217.31
217.22
217.14
216.94
216.61
216.13
215.57
214.99
214.50
214.15
213.94
213.86
213.86
213.95
214.11
214.32
214.56
214.80
215.12
215.50
215.96
216.45
216.92
217.39
217.85
218.28
218.68
219.03
219.22
219.23
219.07
218.79
218.45
218.02
217.54
217.01
216.47
215.97
215.54
215.19
214.94
214.77
214.66
214.46
214.16
213.72
213.22
212.77
212.43
212.22
212.12
212.09
212.20
212.44
212.80
213.22
213.67
214.13
214.59
215.05
215.47
215.85
216.07
216.11
215.98
215.72
215.40
215.07
214.77
214.52
214.31
214.15
214.06
214.03
214.06
214.13
214.23
214.31
214.37
214.39
214.38
214.35
214.29
214.19
214.06
213.91
213.75
213.63
213.55
213.52
213.52
213.55
213.60
213.65
213.70
213.76
213.92
214.19
214.59
215.05
215.53
215.81
215.84
215.61
215.20
214.69
214.45
214.58
215.12
215.92
216.86
217.64
218.14
218.33
218.28
218.08
217.85
217.65
217.54
217.48
217.47
217.41
217.28
217.06
216.80
216.52
216.33
216.24
216.27
216.39
216.55
216.75
216.95
217.15
217.33
217.50
217.53
217.42
217.16
216.81
216.41
215.98
215.53
215.08
214.65
214.27
214.06
214.06
214.27
214.62
215.04
215.50
215.95
216.38
216.76
217.02
217.13
217.09
216.96
216.76
216.50
216.19
215.86
215.53
215.22
214.96
214.77
214.65
214.58
214.55
214.61
214.76
214.98
215.24
215.52
215.79
216.05
216.28
216.48
216.65
216.76
216.81
216.80
216.75
216.68
216.54
216.33
216.06
215.76
215.45
215.19
214.98
214.84
214.74
214.69
214.73
214.84
215.04
215.29
215.66
216.15
216.75
217.40
218.05
218.45
218.54
218.31
217.87
217.29
216.64
215.94
215.25
214.58
213.98
213.53
213.26
213.16
213.19
213.30
213.58
214.01
214.58
215.22
215.86
216.38
216.72
216.87
216.87
216.77
216.71
216.74
216.88
217.10
217.35
217.53
217.62
217.59
217.49
217.34
217.16
216.97
216.79
216.62
216.47
216.28
216.06
215.79
215.51
215.23
215.02
214.90
214.87
214.92
214.82
214.53
214.03
213.42
212.75
212.19
211.78
211.56
211.49
211.52
211.67
211.93
212.27
212.66
213.06
213.38
213.62
213.75
213.81
213.80
213.81
213.85
213.94
214.06
214.19
214.36
214.55
214.76
214.97
215.18
215.36
215.53
215.67
215.79
215.88
215.95
216.00
216.04
216.06
216.08
215.95
215.66
215.21
214.67
214.09
213.66
213.41
213.38
213.49
213.66
213.81
213.94
214.02
214.08
214.02
213.81
213.46
213.03
212.56
212.18
211.92
211.79
211.77
211.81
211.91
212.04
212.18
212.32
212.46
212.63
212.86
213.13
213.42
213.71
214.01
214.31
214.61
214.90
215.15
215.35
215.49
215.56
215.58
215.56
215.46
215.29
215.05
214.77
214.48
214.25
214.10
214.05
214.06
214.12
214.07
213.89
213.55
213.13
212.66
212.28
212.00
211.86
211.83
211.89
212.04
212.24
212.48
212.73
213.16
213.78
214.61
215.53
216.46
217.31
218.02
218.57
218.98
219.27
219.35
219.22
218.91
218.48
218.00
217.60
217.35
217.26
217.29
217.40
217.48
217.50
217.44
217.31
217.16
217.01
216.90
216.82
216.78
216.76
216.63
216.35
215.93
215.42
214.88
214.56
214.52
214.79
215.25
215.83
216.38
216.84
217.17
217.39
217.50
217.51
217.43
217.30
217.14
217.08
217.13
217.33
217.60
217.93
218.13
218.17
218.03
217.77
217.44
217.11
216.80
216.54
216.33
216.17
216.09
216.12
216.24
216.42
216.62
216.71
216.64
216.39
216.04
215.63
215.34
215.21
215.27
215.45
215.72
215.95
216.10
216.14
216.11
216.04
215.95
215.88
215.84
215.82
215.81
215.71
215.50
215.16
214.75
214.32
213.90
213.50
213.13
212.82
212.75
212.93
213.39
214.01
214.71
215.48
216.29
217.11
217.89
218.61
219.02
219.10
218.83
218.32
217.69
217.02
216.37
215.79
215.29
214.87
214.61
214.52
214.58
214.76
215.00
215.25
215.48
215.67
215.82
215.93
215.88
215.65
215.24
214.73
214.17
213.72
213.41
213.29
213.29
213.38
213.59
213.88
214.26
214.67
215.08
215.37
215.49
215.45
215.29
215.10
214.94
214.83
214.77
214.73
214.67
214.56
214.40
214.22
214.02
213.99
214.16
214.53
215.03
215.60
215.99
216.14
216.03
215.73
215.33
214.89
214.47
214.10
213.78
213.51
213.38
213.39
213.53
213.76
214.05
214.43
214.90
215.45
216.03
216.59
217.06
217.41
217.64
217.76
217.81
217.77
217.66
217.50
217.30
217.10
216.87
216.62
216.36
216.10
215.87
215.73
215.72
215.84
216.03
216.38
216.87
217.49
218.16
218.84
219.41
219.82
220.06
220.18
220.20
220.12
219.97
219.75
219.51
219.26
218.93
218.54
218.07
217.58
217.10
216.67
216.33
216.07
215.88
215.76
215.74
215.82
215.99
216.22
216.47
216.65
216.73
216.69
216.58
216.41
216.25
216.10
216.00
215.92
215.88
215.82
215.76
215.67
215.57
215.47
215.35
215.21
215.04
214.87
214.81
214.89
215.10
215.41
215.77
216.03
216.16
216.13
216.00
215.80
215.72
215.82
216.11
216.52
217.00
217.43
217.80
218.07
218.25
218.36
218.37
218.28
218.09
217.85
217.58
217.25
216.87
216.46
216.03
215.63
215.34
215.18
215.17
215.26
215.42
215.50
215.48
215.34
215.11
214.84
214.60
214.43
214.34
214.31
214.33
214.43
214.62
214.87
215.16
215.47
215.68
215.78
215.76
215.64
215.53
215.45
215.42
215.44
215.47
215.50
215.51
215.49
215.44
215.39
215.23
214.94
214.53
214.05
213.55
213.12
212.78
212.56
212.43
212.36
212.35
212.38
212.43
212.50
212.57
212.62
212.64
212.61
212.56
212.50
212.50
212.60
212.80
213.06
213.34
213.57
213.73
213.81
213.81
213.78
213.71
213.62
213.53
213.44
213.35
213.32
213.36
213.48
213.65
213.81
213.94
214.04
214.11
214.15
214.12
214.01
213.82
213.60
213.35
213.27
213.38
213.71
214.17
214.70
215.21
215.69
216.09
216.42
216.68
216.85
216.94
216.96
216.91
216.84
216.68
216.46
216.17
215.85
215.53
215.17
214.77
214.35
213.92
213.52
213.22
213.02
212.93
212.92
212.98
213.10
213.27
213.48
213.71
213.94
214.16
214.36
214.53
214.68
214.80
214.78
214.63
214.32
213.93
213.53
213.15
212.82
212.55
212.33
212.26
212.37
212.63
213.00
213.41
213.74
213.92
213.95
213.87
213.71
213.59
213.54
213.58
213.68
213.83
213.91
213.91
213.81
213.64
213.43
213.29
213.24
213.30
213.44
213.61
213.89
214.27
214.73
215.23
215.72
216.14
216.45
216.65
216.75
216.78
216.73
216.62
216.46
216.26
216.06
215.86
215.67
215.51
215.37
215.14
214.81
214.38
213.89
213.40
213.03
212.83
212.80
212.90
213.08
213.33
213.64
213.99
214.33
214.67
214.94
215.15
215.29
215.38
215.41
215.42
215.40
215.36
215.32
215.27
215.36
215.60
216.00
216.50
217.04
217.36
217.40
217.14
216.69
216.12
215.53
214.96
214.46
214.03
213.68
213.53
213.59
213.87
214.29
214.78
215.25
215.64
215.93
216.14
216.28
216.28
216.15
215.89
215.55
215.15
214.71
214.26
213.83
213.42
213.15
213.01
213.02
213.13
213.31
213.53
213.76
213.99
214.20
214.39
214.61
214.87
215.16
215.46
215.76
216.01
216.19
216.31
216.38
216.41
216.30
216.04
215.65
215.18
214.68
214.24
213.89
213.65
213.50
213.43
213.32
213.17
212.94
212.68
212.41
212.25
212.23
212.36
212.60
212.89
213.16
213.36
213.48
213.55
213.64
213.79
214.02
214.28
214.56
214.83
215.08
215.31
215.50
215.66
215.72
215.65
215.46
215.20
214.89
214.71
214.70
214.86
215.14
215.49
215.85
216.17
216.44
216.66
216.83
216.85
216.72
216.42
216.03
215.60
215.24
214.98
214.86
214.83
214.88
214.94
215.00
215.05
215.07
215.09
215.15
215.26
215.44
215.64
215.86
216.04
216.18
216.27
216.32
216.34
216.28
216.14
215.93
215.68
215.47
215.32
215.25
215.25
215.28
215.13
214.75
214.13
213.36
212.53
211.93
211.61
211.63
211.87
212.26
212.79
213.41
214.09
214.78
215.43
216.03
216.55
216.99
217.36
217.65
217.84
217.95
217.97
217.94
217.86
217.68
217.40
217.02
216.59
216.16
215.81
215.60
215.52
215.55
215.64
215.83
216.11
216.46
216.84
217.22
217.37
217.24
216.82
216.21
215.56
214.94
214.40
213.95
213.58
213.40
213.41
213.61
213.93
214.32
214.76
215.23
215.71
216.17
216.59
216.82
216.85
216.66
216.33
215.93
215.49
215.04
214.62
214.24
213.91
213.68
213.57
213.56
213.63
213.76
213.96
214.25
214.59
214.96
215.33
215.67
215.99
216.26
216.50
216.68
216.75
216.70
216.51
216.25
215.94
215.65
215.40
215.20
215.05
214.94
214.84
214.74
214.63
214.52
214.44
214.40
214.41
214.44
214.50
214.61
214.80
215.04
215.32
215.61
215.77
215.79
215.66
215.42
215.13
214.86
214.66
214.53
214.47
214.45
214.58
214.85
215.26
215.75
216.26
216.58
216.66
216.46
216.08
215.60
215.12
214.70
214.37
214.12
213.93
213.76
213.56
213.34
213.12
212.90
212.84
212.94
213.24
213.64
214.11
214.43
214.55
214.44
214.19
213.84
213.57
213.45
213.50
213.67
213.94
214.28
214.66
215.06
215.44
215.70
215.84
215.84
215.74
215.58
215.43
215.34
215.30
215.32
215.36
215.40
215.42
215.41
215.38
215.34
215.27
215.17
215.03
214.88
214.73
214.58
214.45
214.33
214.23
214.15
214.27
214.62
215.21
215.93
216.71
217.18
217.28
216.96
216.37
215.61
214.81
214.03
213.32
212.70
212.17
211.82
211.65
211.66
211.79
212.10
212.59
213.21
213.91
214.62
215.19
215.57
215.76
215.80
215.73
215.62
215.49
215.37
215.27
215.19
215.12
215.06
215.02
214.99
214.97
214.98
215.03
215.12
215.23
215.35
215.49
215.66
215.85
216.04
216.23
216.32
216.30
216.17
215.95
215.70
215.49
215.34
215.27
215.26
215.29
215.35
215.43
215.51
215.60
215.68
215.67
215.57
215.35
215.08
214.78
214.60
214.60
214.77
215.07
215.25
215.24
215.00
214.63
214.17
213.73
213.36
213.08
212.88
212.74
212.77
212.96
213.31
213.75
214.24
214.56
214.68
214.57
214.30
213.93
213.60
213.35
213.21
213.15
213.15
213.31
213.62
214.07
214.59
215.14
215.71
216.26
216.80
217.30
217.73
217.95
217.91
217.63
217.18
216.64
216.18
215.84
215.67
215.62
215.66
215.57
215.30
214.83
214.25
213.66
213.14
212.71
212.37
212.11
211.95
211.88
211.89
211.96
212.06
212.37
212.90
213.65
214.52
215.42
216.21
216.85
217.31
217.61
217.79
217.82
217.72
217.50
217.22
216.90
216.68
216.60
216.67
216.84
217.08
217.11
216.87
216.33
215.62
214.82
214.16
213.72
213.53
213.53
213.66
213.85
214.06
214.26
214.43
214.59
214.72
214.82
214.91
214.97
215.02
215.13
215.32
215.60
215.92
216.18
216.34
216.37
216.33
216.22
216.17
216.18
216.29
216.46
216.66
216.82
216.91
216.93
216.89
216.82
216.67
216.45
216.16
215.85
215.53
215.17
214.77
214.35
213.93
213.53
213.22
213.02
212.93
212.92
212.98
213.15
213.44
213.83
214.27
214.73
215.14
215.49
215.77
215.97
216.11
216.21
216.26
216.29
216.29
216.28
216.25
216.22
216.19
216.15
216.12
216.17
216.32
216.57
216.87
217.03
217.02
216.79
216.42
215.99
215.60
215.31
215.15
215.08
215.08
215.04
214.95
214.79
214.57
214.34
214.05
213.71
213.33
212.94
212.56
212.29
212.15
212.16
212.26
212.42
212.67
213.00
213.39
213.80
214.21
214.64
215.10
215.58
216.04
216.47
216.74
216.84
216.76
216.56
216.28
215.99
215.71
215.49
215.30
215.16
215.04
214.96
214.91
214.88
214.91
215.02
215.21
215.43
215.67
215.83
215.89
215.82
215.68
215.49
215.25
214.98
214.68
214.38
214.10
213.81
213.53
213.25
212.99
212.75
212.60
212.54
212.58
212.68
212.82
212.98
213.15
213.31
213.47
213.60
213.80
214.06
214.41
214.79
215.17
215.46
215.62
215.65
215.58
215.45
215.25
215.01
214.73
214.44
214.16
214.01
214.01
214.17
214.43
214.76
215.10
215.45
215.77
216.06
216.26
216.36
216.36
216.29
216.17
215.97
215.69
215.36
215.00
214.64
214.43
214.41
214.59
214.90
215.28
215.69
216.10
216.49
216.85
217.16
217.42
217.63
217.80
217.93
218.03
218.01
217.88
217.63
217.32
216.98
216.63
216.30
216.00
215.74
215.51
215.33
215.18
215.07
214.98
214.93
214.86
214.79
214.69
214.59
214.48
214.41
214.38
214.39
214.43
214.65
215.06
215.67
216.38
217.12
217.72
218.11
218.27
218.26
218.14
217.91
217.61
217.25
216.89
216.53
216.25
216.07
215.99
215.99
216.04
216.08
216.07
216.01
215.91
215.80
215.72
215.72
215.78
215.89
216.02
216.09
216.07
215.94
215.75
215.52
215.28
215.04
214.82
214.62
214.45
214.27
214.10
213.92
213.74
213.58
213.49
213.48
213.55
213.68
213.84
213.99
214.11
214.18
214.23
214.19
214.08
213.89
213.65
213.40
213.31
213.41
213.73
214.18
214.71
215.14
215.44
215.57
215.58
215.50
215.28
214.94
214.49
213.99
213.48
213.18
213.13
213.35
213.76
214.27
214.80
215.31
215.75
216.13
216.44
216.50
216.29
215.80
215.15
214.42
213.81
213.38
213.16
213.10
213.17
213.31
213.50
213.71
213.93
214.14
214.36
214.59
214.83
215.05
215.26
215.42
215.53
215.57
215.57
215.49
215.32
215.08
214.80
214.51
214.31
214.21
214.24
214.36
214.53
214.78
215.10
215.48
215.88
216.27
216.53
216.64
216.57
216.38
216.12
215.83
215.53
215.23
214.96
214.72
214.54
214.42
214.37
214.37
214.40
214.46
214.52
214.60
214.67
214.74
214.83
214.94
215.07
215.22
215.36
215.52
215.70
215.89
216.09
216.28
216.34
216.26
216.02
215.70
215.46
215.37
215.44
215.63
215.88
216.12
216.31
216.43
216.49
216.50
216.48
216.45
216.40
216.34
216.28
216.20
216.09
215.96
215.81
215.67
215.56
215.49
215.47
215.48
215.52
215.55
215.55
215.52
215.47
215.41
215.38
215.37
215.40
215.45
215.52
215.54
215.50
215.39
215.24
215.06
214.89
214.71
214.56
214.42
214.29
214.22
214.20
214.22
214.28
214.36
214.48
214.63
214.81
215.00
215.13
215.19
215.17
215.09
214.98
215.03
215.30
215.79
216.41
217.09
217.70
218.18
218.51
218.71
218.81
218.76
218.57
218.24
217.83
217.40
216.97
216.56
216.19
215.87
215.60
215.40
215.28
215.24
215.25
215.29
215.36
215.45
215.53
215.62
215.70
215.80
215.92
216.06
216.21
216.36
216.42
216.37
216.21
215.98
215.71
215.51
215.41
215.43
215.52
215.53
215.42
215.16
214.80
214.41
214.11
213.94
213.94
214.05
214.23
214.50
214.85
215.27
215.71
216.13
216.35
216.30
215.99
215.50
214.92
214.41
214.03
213.82
213.73
213.74
213.78
213.84
213.89
213.93
213.96
214.12
214.42
214.88
215.42
215.99
216.45
216.74
216.85
216.83
216.72
216.55
216.35
216.14
215.92
215.73
215.58
215.48
215.44
215.44
215.47
215.47
215.42
215.30
215.15
215.09
215.15
215.35
215.63
215.95
216.10
216.02
215.70
215.22
214.66
214.26
214.09
214.18
214.44
214.82
215.12
215.28
215.27
215.15
214.94
214.70
214.43
214.17
213.93
213.71
213.54
213.43
213.39
213.39
213.43
213.45
213.46
213.44
213.41
213.36
213.39
213.51
213.72
214.00
214.29
214.52
214.63
214.62
214.53
214.38
214.29
214.27
214.35
214.50
214.65
214.79
214.90
214.98
215.04
215.03
214.94
214.77
214.56
214.32
214.14
214.04
214.01
214.05
214.13
214.15
214.09
213.93
213.72
213.48
213.34
213.33
213.47
213.70
213.98
214.18
214.26
214.19
214.03
213.81
213.61
213.46
213.39
213.37
213.39
213.36
213.25
213.05
212.80
212.53
212.37
212.34
212.46
212.69
212.96
213.27
213.57
213.86
214.13
214.36
214.50
214.55
214.50
214.38
214.20
213.97
213.70
213.43
213.15
212.98
212.93
213.00
213.16
213.37
213.58
213.76
213.90
214.00
214.07
214.15
214.23
214.33
214.44
214.54
214.75
215.06
215.50
215.99
216.49
216.90
217.18
217.31
217.33
217.28
217.12
216.86
216.53
216.17
215.79
215.52
215.36
215.34
215.41
215.55
215.67
215.75
215.76
215.73
215.67
215.56
215.42
215.24
215.05
214.86
214.79
214.86
215.07
215.38
215.66
215.85
215.95
215.96
215.92
215.84
215.74
215.63
215.52
215.42
215.43
215.57
215.86
216.22
216.63
216.88
216.93
216.75
216.43
216.02
215.65
215.37
215.21
215.14
215.13
215.10
215.00
214.82
214.60
214.36
214.26
214.31
214.55
214.90
215.31
215.66
215.92
216.04
216.08
216.04
215.94
215.77
215.56
215.33
215.10
214.88
214.67
214.50
214.34
214.22
214.12
214.05
213.99
213.95
213.95
214.00
214.08
214.19
214.31
214.46
214.63
214.82
215.02
215.21
215.39
215.55
215.68
215.79
215.88
215.95
216.00
216.03
216.06
216.07
216.05
215.99
215.90
215.79
215.66
215.49
215.26
214.98
214.68
214.38
214.06
213.75
213.43
213.14
212.87
212.74
212.77
212.97
213.26
213.62
213.83
213.86
213.67
213.35
212.94
212.52
212.13
211.80
211.53
211.39
211.39
211.53
211.76
212.04
212.34
212.64
212.92
213.18
213.40
213.59
213.75
213.87
213.96
214.03
214.04
214.02
213.94
213.84
213.72
213.57
213.40
213.20
213.00
212.81
212.71
212.72
212.85
213.06
213.30
213.52
213.66
213.73
213.74
213.71
213.67
213.65
213.66
213.68
213.71
213.72
213.70
213.65
213.58
213.50
213.55
213.76
214.13
214.60
215.11
215.62
216.10
216.55
216.93
217.21
217.36
217.40
217.35
217.24
217.10
216.94
216.78
216.63
216.49
216.47
216.59
216.86
217.21
217.61
217.80
217.74
217.38
216.85
216.21
215.76
215.56
215.65
215.95
216.38
216.87
217.39
217.88
218.35
218.76
219.01
219.08
218.96
218.72
218.40
218.11
217.87
217.71
217.61
217.56
217.50
217.40
217.26
217.09
216.92
216.69
216.41
216.09
215.76
215.45
215.20
215.01
214.88
214.80
214.67
214.48
214.21
213.90
213.59
213.44
213.50
213.78
214.21
214.71
215.26
215.83
216.41
216.95
217.43
217.75
217.88
217.82
217.62
217.35
216.97
216.53
216.03
215.51
215.02
214.67
214.50
214.51
214.65
214.88
215.04
215.10
215.03
214.87
214.66
214.45
214.27
214.12
214.02
213.94
213.89
213.86
213.85
213.85
213.91
214.04
214.23
214.46
214.70
214.97
215.25
215.55
215.83
216.09
216.29
216.43
216.51
216.53
216.52
216.46
216.35
216.21
216.04
215.86
215.78
215.79
215.92
216.13
216.37
216.54
216.63
216.60
216.49
216.34
216.18
216.05
215.96
215.89
215.86
215.76
215.58
215.32
215.01
214.69
214.40
214.16
213.98
213.86
213.78
213.77
213.81
213.90
214.02
214.16
214.33
214.53
214.74
214.96
215.09
215.10
215.01
214.83
214.61
214.58
214.80
215.28
215.92
216.65
217.28
217.76
218.06
218.21
218.25
218.21
218.12
218.00
217.86
217.71
217.52
217.28
216.99
216.68
216.37
216.13
215.99
215.94
215.96
216.03
216.08
216.09
216.03
215.94
215.82
215.75
215.74
215.80
215.90
216.04
216.10
216.08
215.95
215.75
215.52
215.28
215.04
214.82
214.62
214.44
214.27
214.10
213.92
213.74
213.55
213.35
213.13
212.92
212.73
212.60
212.56
212.61
212.72
212.87
213.08
213.36
213.70
214.06
214.41
214.75
215.05
215.31
215.53
215.71
215.83
215.87
215.86
215.81
215.73
215.74
215.87
216.12
216.46
216.83
217.02
216.97
216.68
216.22
215.68
215.28
215.11
215.20
215.47
215.84
216.19
216.47
216.64
216.72
216.74
216.72
216.66
216.59
216.50
216.31
216.00
215.57
215.07
214.56
214.15
213.86
213.72
213.70
213.74
213.77
213.73
213.61
213.44
213.24
213.20
213.34
213.70
214.17
214.71
215.16
215.46
215.60
215.61
215.53
215.34
215.05
214.69
214.29
213.89
213.51
213.16
212.85
212.59
212.38
212.40
212.67
213.19
213.88
214.63
215.39
216.11
216.78
217.36
217.86
218.21
218.42
218.49
218.47
218.37
218.12
217.72
217.19
216.60
216.07
215.66
215.38
215.22
215.16
215.15
215.20
215.27
215.36
215.46
215.58
215.73
215.90
216.08
216.26
216.29
216.14
215.82
215.39
214.91
214.55
214.36
214.37
214.52
214.75
215.07
215.43
215.82
216.21
216.58
216.91
217.21
217.45
217.66
217.82
218.05
218.36
218.78
219.25
219.72
219.93
219.83
219.40
218.75
217.99
217.24
216.57
216.02
215.58
215.29
215.15
215.15
215.26
215.42
215.67
216.00
216.39
216.80
217.21
217.48
217.60
217.54
217.36
217.11
216.74
216.27
215.71
215.12
214.54
214.13
213.93
213.96
214.13
214.41
214.61
214.68
214.58
214.38
214.11
213.97
214.00
214.24
214.61
215.05
215.41
215.64
215.71
215.67
215.55
215.49
215.53
215.69
215.93
216.20
216.36
216.36
216.17
215.88
215.51
215.18
214.91
214.72
214.61
214.42
214.11
213.68
213.18
212.66
212.26
212.02
211.95
212.02
212.17
212.51
213.03
213.71
214.47
215.24
215.85
216.25
216.41
216.39
216.25
216.03
215.77
215.49
215.21
214.96
214.81
214.78
214.88
215.06
215.29
215.60
215.97
216.39
216.82
217.25
217.50
217.56
217.41
217.12
216.76
216.48
216.36
216.42
216.59
216.85
217.08
217.27
217.39
217.45
217.42
217.29
217.08
216.82
216.54
216.34
216.25
216.28
216.40
216.56
216.67
216.70
216.63
216.50
216.32
216.10
215.85
215.57
215.29
215.03
214.79
214.58
214.40
214.25
214.14
214.10
214.15
214.29
214.47
214.68
214.87
215.03
215.14
215.20
215.24
215.28
215.33
215.40
215.49
215.57
215.58
215.48
215.28
215.02
214.73
214.48
214.31
214.23
214.22
214.25
214.33
214.47
214.65
214.85
215.05
215.24
215.41
215.57
215.70
215.78
215.81
215.78
215.73
215.65
215.42
215.04
214.51
213.89
213.25
212.82
212.64
212.75
213.06
213.48
213.99
214.55
215.13
215.69
216.20
216.55
216.71
216.68
216.52
216.27
216.00
215.74
215.52
215.34
215.20
215.14
215.17
215.29
215.46
215.67
215.80
215.84
215.77
215.63
215.44
215.33
215.35
215.51
215.75
216.04
216.16
216.06
215.72
215.23
214.72
214.24
213.83
213.51
213.25
213.11
213.09
213.17
213.33
213.53
213.78
214.05
214.35
214.65
214.93
215.16
215.32
215.42
215.46
215.47
215.56
215.75
216.06
216.43
216.83
217.17
217.43
217.59
217.67
217.68
217.72
217.78
217.89
218.02
218.17
218.13
217.87
217.37
216.74
216.04
215.52
215.25
215.26
215.47
215.80
215.99
215.97
215.68
215.23
214.83
214.54
214.41
214.41
214.49
214.50
214.38
214.12
213.77
213.37
213.08
212.92
212.92
213.03
213.22
213.55
214.02
214.61
215.26
215.92
216.46
216.86
217.09
217.20
217.21
217.20
217.21
217.27
217.34
217.43
217.49
217.53
217.52
217.49
217.44
217.44
217.49
217.61
217.77
217.94
218.02
217.96
217.76
217.48
217.14
216.69
216.12
215.45
214.74
214.04
213.50
213.14
212.99
213.00
213.05
213.11
213.15
213.17
213.17
213.36
213.74
214.35
215.08
215.85
216.45
216.82
216.93
216.85
216.64
216.33
215.95
215.52
215.08
214.67
214.34
214.12
214.01
213.99
214.03
214.13
214.29
214.50
214.72
214.94
215.19
215.44
215.70
215.95
216.18
216.34
216.40
216.37
216.27
216.14
215.98
215.82
215.67
215.52
215.39
215.36
215.44
215.63
215.89
216.08
216.15
216.09
215.94
215.72
215.51
215.32
215.17
215.05
214.97
214.94
214.96
215.03
215.13
215.25
215.32
215.32
215.26
215.14
215.00
214.85
214.70
214.55
214.42
214.31
214.18
214.05
213.90
213.74
213.60
213.46
213.34
213.24
213.15
213.09
213.12
213.25
213.49
213.79
214.12
214.46
214.77
215.06
215.31
215.52
215.70
215.83
215.94
216.02
216.07
216.05
215.96
215.78
215.57
215.49
215.60
215.91
216.35
216.85
217.23
217.45
217.47
217.36
217.15
216.86
216.52
216.15
215.77
215.41
215.17
215.05
215.07
215.19
215.37
215.56
215.73
215.86
215.96
216.03
216.08
216.11
216.13
216.13
216.13
216.12
216.10
216.09
216.07
216.06
215.99
215.87
215.68
215.46
215.22
215.07
215.03
215.11
215.26
215.46
215.77
216.17
216.65
217.17
217.60
217.92
218.09
218.15
218.13
218.00
217.78
217.47
217.13
216.77
216.38
215.94
215.48
215.03
214.60
214.32
214.22
214.29
214.49
214.76
215.02
215.22
215.36
215.43
215.46
215.48
215.51
215.56
215.61
215.68
215.71
215.71
215.67
215.60
215.53
215.50
215.53
215.64
215.78
215.95
216.15
216.37
216.62
216.86
217.10
217.25
217.32
217.30
217.22
217.09
216.89
216.63
216.30
215.95
215.68
215.52
215.48
215.54
215.66
215.76
215.82
215.82
215.77
215.70
215.63
215.60
215.59
215.61
215.64
215.66
215.65
215.61
215.55
215.47
215.48
215.57
215.77
216.03
216.32
216.47
216.46
216.27
215.96
215.59
215.19
214.79
214.41
214.08
213.78
213.69
213.84
214.21
214.73
215.32
215.83
216.19
216.38
216.44
216.41
216.28
216.08
215.83
215.56
215.29
215.13
215.12
215.27
215.52
215.75
215.91
215.97
215.96
215.91
215.79
215.63
215.43
215.21
214.99
214.76
214.52
214.27
214.02
213.80
213.68
213.68
213.80
214.00
214.25
214.50
214.71
214.87
214.99
215.07
215.32
215.75
216.39
217.14
217.92
218.50
218.81
218.83
218.64
218.31
217.84
217.29
216.67
216.04
215.44
214.94
214.56
214.32
214.19
214.14
214.16
214.21
214.29
214.38
214.53
214.75
215.01
215.31
215.61
215.84
215.98
216.03
216.00
215.94
215.94
216.06
216.30
216.61
216.96
217.28
217.56
217.78
217.95
218.06
218.14
218.19
218.22
218.22
218.21
218.17
218.09
217.97
217.84
217.70
217.46
217.11
216.64
216.12
215.59
215.18
214.94
214.88
214.96
215.12
215.25
215.31
215.29
215.20
215.08
215.04
215.12
215.33
215.62
215.95
216.21
216.37
216.40
216.36
216.30
216.28
216.30
216.35
216.42
216.50
216.58
216.66
216.74
216.80
216.86
216.91
216.95
216.98
217.00
216.96
216.86
216.68
216.47
216.25
216.05
215.89
215.79
215.73
215.70
215.62
215.46
215.22
214.93
214.62
214.32
214.04
213.79
213.57
213.38
213.40
213.62
214.07
214.64
215.28
215.90
216.46
216.93
217.32
217.63
217.73
217.62
217.29
216.83
216.33
215.85
215.41
215.02
214.70
214.41
214.14
213.89
213.67
213.48
213.40
213.45
213.61
213.86
214.14
214.39
214.57
214.66
214.69
214.68
214.60
214.48
214.31
214.13
213.94
213.89
214.00
214.30
214.71
215.17
215.56
215.85
216.00
216.06
216.04
216.08
216.21
216.45
216.75
217.09
217.26
217.24
216.99
216.61
216.15
215.74
215.42
215.23
215.14
215.12
215.10
215.06
214.97
214.85
214.62
214.27
213.79
213.25
212.70
212.20
211.77
211.42
211.16
210.97
210.94
211.09
211.40
211.81
212.27
212.76
213.27
213.77
214.24
214.66
214.98
215.17
215.25
215.23
215.16
215.15
215.24
215.45
215.74
216.06
216.39
216.70
217.00
217.25
217.47
217.60
217.63
217.57
217.44
217.27
217.06
216.81
216.55
216.27
216.02
215.89
215.91
216.09
216.37
216.69
216.99
217.25
217.48
217.67
217.76
217.76
217.67
217.51
217.32
217.04
216.66
216.20
215.71
215.22
214.68
214.09
213.46
212.83
212.24
211.89
211.83
212.06
212.49
213.03
213.62
214.21
214.78
215.29
215.75
216.13
216.45
216.70
216.89
217.03
217.05
216.94
216.70
216.39
216.05
215.64
215.19
214.71
214.22
213.76
213.32
212.90
212.50
212.14
211.83
211.57
211.35
211.18
211.06
211.12
211.40
211.90
212.52
213.19
213.84
214.43
214.92
215.32
215.64
215.94
216.23
216.53
216.82
217.08
217.24
217.26
217.16
216.98
216.74
216.51
216.31
216.15
216.03
215.94
215.86
215.77
215.66
215.56
215.45
215.32
215.18
215.01
214.84
214.68
214.56
214.48
214.45
214.46
214.50
214.58
214.70
214.85
215.02
215.19
215.32
215.42
215.46
215.46
215.44
215.43
215.44
215.47
215.53
215.59
215.66
215.72
215.78
215.83
215.85
215.84
215.78
215.70
215.60
215.48
215.32
215.15
214.96
214.78
214.64
214.54
214.50
214.50
214.52
214.49
214.37
214.16
213.90
213.61
213.40
213.31
213.33
213.43
213.59
213.80
214.05
214.33
214.62
214.89
214.96
214.78
214.34
213.75
213.09
212.59
212.33
212.34
212.54
212.87
213.30
213.78
214.29
214.79
215.29
215.77
216.22
216.64
217.00
217.23
217.31
217.24
217.08
216.85
216.54
216.15
215.72
215.27
214.83
214.48
214.24
214.11
214.06
214.08
214.14
214.23
214.34
214.45
214.55
214.68
214.82
214.98
215.15
215.32
215.47
215.60
215.72
215.82
215.89
215.95
216.00
216.03
216.05
216.06
215.98
215.81
215.54
215.22
214.87
214.63
214.54
214.61
214.78
215.02
215.27
215.50
215.68
215.83
215.86
215.77
215.56
215.27
214.95
214.65
214.39
214.19
214.03
213.93
213.80
213.64
213.44
213.23
213.01
212.83
212.70
212.63
212.59
212.59
212.72
212.98
213.38
213.86
214.36
214.90
215.48
216.07
216.64
217.16
217.44
217.44
217.15
216.67
216.09
215.54
215.08
214.76
214.55
214.42
214.42
214.53
214.74
215.00
215.30
215.51
215.62
215.62
215.52
215.51
215.62
215.88
216.23
216.62
216.94
217.16
217.25
217.24
217.17
217.09
217.01
216.96
216.92
216.90
216.86
216.80
216.72
216.62
216.52
216.48
216.50
216.60
216.74
216.91
217.00
217.00
216.89
216.72
216.50
216.24
215.96
215.65
215.35
215.06
214.84
214.67
214.57
214.53
214.52
214.49
214.41
214.28
214.12
213.95
213.84
213.79
213.82
213.91
214.02
214.27
214.64
215.13
215.68
216.19
216.62
216.94
217.17
217.32
217.27
217.03
216.58
216.03
215.43
214.95
214.66
214.59
214.66
214.84
215.08
215.35
215.63
215.90
216.14
216.20
216.04
215.66
215.15
214.57
213.99
213.47
213.03
212.66
212.37
212.20
212.15
212.21
212.35
212.54
212.69
212.79
212.82
212.79
212.73
212.73
212.81
212.99
213.21
213.47
213.73
213.98
214.21
214.42
214.59
214.81
215.10
215.46
215.84
216.09
216.17
216.06
215.81
215.49
215.24
215.10
215.11
215.22
215.39
215.54
215.64
215.68
215.67
215.63
215.54
215.41
215.24
215.06
214.87
214.69
214.53
214.39
214.27
214.17
214.12
214.12
214.16
214.24
214.33
214.41
214.45
214.46
214.44
214.40
214.41
214.47
214.60
214.76
214.94
215.12
215.30
215.46
215.60
215.72
215.77
215.73
215.61
215.44
215.25
215.05
214.85
214.66
214.50
214.33
214.15
213.97
213.79
213.62
213.49
213.42
213.40
213.42
213.46
213.57
213.75
214.00
214.28
214.57
214.85
215.11
215.33
215.53
215.69
215.77
215.75
215.65
215.49
215.30
215.07
214.81
214.53
214.25
213.99
213.78
213.63
213.55
213.51
213.52
213.68
214.01
214.50
215.09
215.72
216.19
216.48
216.54
216.46
216.26
215.95
215.55
215.08
214.58
214.21
213.98
213.94
214.01
214.17
214.38
214.61
214.85
215.08
215.29
215.50
215.72
215.93
216.14
216.34
216.56
216.82
217.12
217.43
217.73
217.85
217.76
217.43
216.97
216.44
215.88
215.33
214.82
214.37
213.98
213.68
213.47
213.36
213.31
213.31
213.41
213.58
213.84
214.13
214.43
214.73
215.01
215.26
215.47
215.65
215.66
215.48
215.12
214.64
214.12
213.66
213.32
213.12
213.02
212.93
212.80
212.61
212.39
212.17
212.03
211.99
212.08
212.24
212.45
212.75
213.16
213.65
214.17
214.68
215.12
215.44
215.64
215.75
215.79
215.80
215.80
215.81
215.83
215.86
215.83
215.73
215.58
215.38
215.17
214.99
214.85
214.76
214.71
214.69
214.61
214.46
214.22
213.93
213.63
213.41
213.30
213.31
213.41
213.57
213.70
213.78
213.80
213.77
213.65
213.45
213.18
212.88
212.56
212.39
212.40
212.60
212.92
213.31
213.67
213.97
214.18
214.32
214.40
214.46
214.52
214.58
214.65
214.72
214.78
214.84
214.88
214.92
214.96
214.93
214.83
214.66
214.46
214.24
214.10
214.06
214.14
214.29
214.49
214.66
214.77
214.80
214.78
214.73
214.65
214.56
214.47
214.38
214.30
214.36
214.58
214.97
215.46
215.99
216.53
217.03
217.49
217.90
218.13
218.18
218.05
217.79
217.46
217.07
216.65
216.21
215.78
215.39
215.20
215.24
215.53
215.97
216.49
216.94
217.25
217.41
217.44
217.39
217.30
217.21
217.14
217.08
217.03
216.97
216.89
216.79
216.67
216.56
216.47
216.43
216.43
216.46
216.51
216.54
216.55
216.53
216.48
216.43
216.36
216.30
216.24
216.18
216.14
216.07
215.98
215.86
215.73
215.60
215.54
215.54
215.62
215.75
215.83
215.82
215.72
215.56
215.37
215.21
215.11
215.09
215.13
215.20
215.27
215.31
215.33
215.32
215.30
215.35
215.48
215.71
216.00
216.30
216.58
216.81
216.98
217.10
217.18
217.18
217.08
216.90
216.68
216.43
216.21
216.02
215.90
215.81
215.76
215.63
215.40
215.06
214.66
214.23
213.87
213.59
213.42
213.33
213.31
213.40
213.63
213.96
214.36
214.67
214.85
214.88
214.80
214.65
214.56
214.58
214.72
214.94
215.20
215.38
215.43
215.33
215.14
214.89
214.56
214.17
213.72
213.26
212.82
212.55
212.48
212.61
212.89
213.25
213.70
214.22
214.79
215.36
215.90
216.25
216.40
216.32
216.08
215.75
215.40
215.07
214.78
214.53
214.33
214.17
214.05
213.97
213.91
213.87
213.93
214.10
214.37
214.70
215.06
215.41
215.74
216.04
216.30
216.42
216.37
216.15
215.83